  0.3030303030E-001  0.3030303030E-001  0.0000000000E+000
  0.3030303030E-001  0.6060606061E-001  0.0000000000E+000
  0.3030303030E-001  0.9090909091E-001  0.0000000000E+000
  0.3030303030E-001  0.1212121212E+000  0.0000000000E+000
  0.3030303030E-001  0.1515151515E+000  0.0000000000E+000
  0.3030303030E-001  0.1818181818E+000  0.0000000000E+000
  0.3030303030E-001  0.2121212121E+000  0.0000000000E+000
  0.3030303030E-001  0.2424242424E+000  0.0000000000E+000
  0.3030303030E-001  0.2727272727E+000  0.0000000000E+000
  0.3030303030E-001  0.3030303030E+000  0.0000000000E+000
  0.3030303030E-001  0.3333333333E+000  0.0000000000E+000
  0.3030303030E-001  0.3636363636E+000  0.0000000000E+000
  0.3030303030E-001  0.3939393939E+000  0.0000000000E+000
  0.3030303030E-001  0.4242424242E+000  0.0000000000E+000
  0.3030303030E-001  0.4545454545E+000  0.0000000000E+000
  0.3030303030E-001  0.4848484848E+000  0.0000000000E+000
  0.3030303030E-001  0.5151515152E+000  0.0000000000E+000
  0.3030303030E-001  0.5454545455E+000  0.0000000000E+000
  0.3030303030E-001  0.5757575758E+000  0.0000000000E+000
  0.3030303030E-001  0.6060606061E+000  0.0000000000E+000
  0.3030303030E-001  0.6363636364E+000  0.0000000000E+000
  0.3030303030E-001  0.6666666667E+000  0.0000000000E+000
  0.3030303030E-001  0.6969696970E+000  0.0000000000E+000
  0.3030303030E-001  0.7272727273E+000  0.0000000000E+000
  0.3030303030E-001  0.7575757576E+000  0.0000000000E+000
  0.3030303030E-001  0.7878787879E+000  0.0000000000E+000
  0.3030303030E-001  0.8181818182E+000  0.0000000000E+000
  0.3030303030E-001  0.8484848485E+000  0.0000000000E+000
  0.3030303030E-001  0.8787878788E+000  0.0000000000E+000
  0.3030303030E-001  0.9090909091E+000  0.0000000000E+000
  0.3030303030E-001  0.9393939394E+000  0.0000000000E+000
  0.3030303030E-001  0.9696969697E+000  0.0000000000E+000
  0.3030303030E-001  0.1000000000E+001  0.0000000000E+000

  0.6060606061E-001  0.3030303030E-001  0.0000000000E+000
  0.6060606061E-001  0.6060606061E-001  0.1365647798E-007
  0.6060606061E-001  0.9090909091E-001  0.2718539097E-007
  0.6060606061E-001  0.1212121212E+000  0.4046103826E-007
  0.6060606061E-001  0.1515151515E+000  0.5336094719E-007
  0.6060606061E-001  0.1818181818E+000  0.6576673187E-007
  0.6060606061E-001  0.2121212121E+000  0.7756466279E-007
  0.6060606061E-001  0.2424242424E+000  0.8864573616E-007
  0.6060606061E-001  0.2727272727E+000  0.9890606381E-007
  0.6060606061E-001  0.3030303030E+000  0.1082478089E-006
  0.6060606061E-001  0.3333333333E+000  0.1165804704E-006
  0.6060606061E-001  0.3636363636E+000  0.1238218306E-006
  0.6060606061E-001  0.3939393939E+000  0.1298986310E-006
  0.6060606061E-001  0.4242424242E+000  0.1347470913E-006
  0.6060606061E-001  0.4545454545E+000  0.1383138394E-006
  0.6060606061E-001  0.4848484848E+000  0.1405567768E-006
  0.6060606061E-001  0.5151515152E+000  0.1414461057E-006
  0.6060606061E-001  0.5454545455E+000  0.1409655230E-006
  0.6060606061E-001  0.5757575758E+000  0.1391130752E-006
  0.6060606061E-001  0.6060606061E+000  0.1359016342E-006
  0.6060606061E-001  0.6363636364E+000  0.1313586787E-006
  0.6060606061E-001  0.6666666667E+000  0.1255260713E-006
  0.6060606061E-001  0.6969696970E+000  0.1184591821E-006
  0.6060606061E-001  0.7272727273E+000  0.1102260491E-006
  0.6060606061E-001  0.7575757576E+000  0.1009066824E-006
  0.6060606061E-001  0.7878787879E+000  0.9059200690E-007
  0.6060606061E-001  0.8181818182E+000  0.7938305163E-007
  0.6060606061E-001  0.8484848485E+000  0.6738982943E-007
  0.6060606061E-001  0.8787878788E+000  0.5473028975E-007
  0.6060606061E-001  0.9090909091E+000  0.4152923234E-007
  0.6060606061E-001  0.9393939394E+000  0.2791697905E-007
  0.6060606061E-001  0.9696969697E+000  0.1402804872E-007
  0.6060606061E-001  0.1000000000E+001  0.0000000000E+000

  0.9090909091E-001  0.3030303030E-001  0.0000000000E+000
  0.9090909091E-001  0.6060606061E-001  0.2720507697E-007
  0.9090909091E-001  0.9090909091E-001  0.5415642141E-007
  0.9090909091E-001  0.1212121212E+000  0.8060375913E-007
  0.9090909091E-001  0.1515151515E+000  0.1063029386E-006
  0.9090909091E-001  0.1818181818E+000  0.1310178092E-006
  0.9090909091E-001  0.2121212121E+000  0.1545213330E-006
  0.9090909091E-001  0.2424242424E+000  0.1765960095E-006
  0.9090909091E-001  0.2727272727E+000  0.1970348080E-006
  0.9090909091E-001  0.3030303030E+000  0.2156429696E-006
  0.9090909091E-001  0.3333333333E+000  0.2322402808E-006
  0.9090909091E-001  0.3636363636E+000  0.2466629799E-006
  0.9090909091E-001  0.3939393939E+000  0.2587651090E-006
  0.9090909091E-001  0.4242424242E+000  0.2684197043E-006
  0.9090909091E-001  0.4545454545E+000  0.2755205754E-006
  0.9090909091E-001  0.4848484848E+000  0.2799840824E-006
  0.9090909091E-001  0.5151515152E+000  0.2817511670E-006
  0.9090909091E-001  0.5454545455E+000  0.2807895738E-006
  0.9090909091E-001  0.5757575758E+000  0.2770955446E-006
  0.9090909091E-001  0.6060606061E+000  0.2706947335E-006
  0.9090909091E-001  0.6363636364E+000  0.2616420072E-006
  0.9090909091E-001  0.6666666667E+000  0.2500208634E-006
  0.9090909091E-001  0.6969696970E+000  0.2359416806E-006
  0.9090909091E-001  0.7272727273E+000  0.2195401742E-006
  0.9090909091E-001  0.7575757576E+000  0.2009758028E-006
  0.9090909091E-001  0.7878787879E+000  0.1804297875E-006
  0.9090909091E-001  0.8181818182E+000  0.1581033832E-006
  0.9090909091E-001  0.8484848485E+000  0.1342157031E-006
  0.9090909091E-001  0.8787878788E+000  0.1090016410E-006
  0.9090909091E-001  0.9090909091E+000  0.8270968030E-007
  0.9090909091E-001  0.9393939394E+000  0.5559925009E-007
  0.9090909091E-001  0.9696969697E+000  0.2793809385E-007
  0.9090909091E-001  0.1000000000E+001  0.0000000000E+000

  0.1212121212E+000  0.3030303030E-001  0.0000000000E+000
  0.1212121212E+000  0.6060606061E-001  0.4053879980E-007
  0.1212121212E+000  0.9090909091E-001  0.8070024843E-007
  0.1212121212E+000  0.1212121212E+000  0.1201116457E-006
  0.1212121212E+000  0.1515151515E+000  0.1584089123E-006
  0.1212121212E+000  0.1818181818E+000  0.1952394727E-006
  0.1212121212E+000  0.2121212121E+000  0.2302640321E-006
  0.1212121212E+000  0.2424242424E+000  0.2631577423E-006
  0.1212121212E+000  0.2727272727E+000  0.2936119266E-006
  0.1212121212E+000  0.3030303030E+000  0.3213364673E-006
  0.1212121212E+000  0.3333333333E+000  0.3460629575E-006
  0.1212121212E+000  0.3636363636E+000  0.3675474059E-006
  0.1212121212E+000  0.3939393939E+000  0.3855723285E-006
  0.1212121212E+000  0.4242424242E+000  0.3999487397E-006
  0.1212121212E+000  0.4545454545E+000  0.4105187425E-006
  0.1212121212E+000  0.4848484848E+000  0.4171582356E-006
  0.1212121212E+000  0.5151515152E+000  0.4197798764E-006
  0.1212121212E+000  0.5454545455E+000  0.4183362013E-006
  0.1212121212E+000  0.5757575758E+000  0.4128219917E-006
  0.1212121212E+000  0.6060606061E+000  0.4032756609E-006
  0.1212121212E+000  0.6363636364E+000  0.3897793181E-006
  0.1212121212E+000  0.6666666667E+000  0.3724576178E-006
  0.1212121212E+000  0.6969696970E+000  0.3514753158E-006
  0.1212121212E+000  0.7272727273E+000  0.3270349194E-006
  0.1212121212E+000  0.7575757576E+000  0.2993741990E-006
  0.1212121212E+000  0.7878787879E+000  0.2687632939E-006
  0.1212121212E+000  0.8181818182E+000  0.2355020394E-006
  0.1212121212E+000  0.8484848485E+000  0.1999168417E-006
  0.1212121212E+000  0.8787878788E+000  0.1623576006E-006
  0.1212121212E+000  0.9090909091E+000  0.1231943157E-006
  0.1212121212E+000  0.9393939394E+000  0.8281313285E-007
  0.1212121212E+000  0.9696969697E+000  0.4161256791E-007
  0.1212121212E+000  0.1000000000E+001  0.0000000000E+000

  0.1515151515E+000  0.3030303030E-001  0.0000000000E+000
  0.1515151515E+000  0.6060606061E-001  0.5355202206E-007
  0.1515151515E+000  0.9090909091E-001  0.1066064899E-006
  0.1515151515E+000  0.1212121212E+000  0.1586714070E-006
  0.1515151515E+000  0.1515151515E+000  0.2092654437E-006
  0.1515151515E+000  0.1818181818E+000  0.2579218025E-006
  0.1515151515E+000  0.2121212121E+000  0.3041908838E-006
  0.1515151515E+000  0.2424242424E+000  0.3476425045E-006
  0.1515151515E+000  0.2727272727E+000  0.3878684654E-006
  0.1515151515E+000  0.3030303030E+000  0.4244855083E-006
  0.1515151515E+000  0.3333333333E+000  0.4571391367E-006
  0.1515151515E+000  0.3636363636E+000  0.4855070648E-006
  0.1515151515E+000  0.3939393939E+000  0.5093020097E-006
  0.1515151515E+000  0.4242424242E+000  0.5282746558E-006
  0.1515151515E+000  0.4545454545E+000  0.5422170014E-006
  0.1515151515E+000  0.4848484848E+000  0.5509660054E-006
  0.1515151515E+000  0.5151515152E+000  0.5544074310E-006
  0.1515151515E+000  0.5454545455E+000  0.5524796421E-006
  0.1515151515E+000  0.5757575758E+000  0.5451767551E-006
  0.1515151515E+000  0.6060606061E+000  0.5325501559E-006
  0.1515151515E+000  0.6363636364E+000  0.5147089483E-006
  0.1515151515E+000  0.6666666667E+000  0.4918183208E-006
  0.1515151515E+000  0.6969696970E+000  0.4640963763E-006
  0.1515151515E+000  0.7272727273E+000  0.4318110296E-006
  0.1515151515E+000  0.7575757576E+000  0.3952765222E-006
  0.1515151515E+000  0.7878787879E+000  0.3548497321E-006
  0.1515151515E+000  0.8181818182E+000  0.3109265925E-006
  0.1515151515E+000  0.8484848485E+000  0.2639381346E-006
  0.1515151515E+000  0.8787878788E+000  0.2143463888E-006
  0.1515151515E+000  0.9090909091E+000  0.1626396587E-006
  0.1515151515E+000  0.9393939394E+000  0.1093273747E-006
  0.1515151515E+000  0.9696969697E+000  0.5493514456E-007
  0.1515151515E+000  0.1000000000E+001  0.0000000000E+000

  0.1818181818E+000  0.3030303030E-001  0.0000000000E+000
  0.1818181818E+000  0.6060606061E-001  0.6614065672E-007
  0.1818181818E+000  0.9090909091E-001  0.1316676840E-006
  0.1818181818E+000  0.1212121212E+000  0.1959737423E-006
  0.1818181818E+000  0.1515151515E+000  0.2584638143E-006
  0.1818181818E+000  0.1818181818E+000  0.3185601099E-006
  0.1818181818E+000  0.2121212121E+000  0.3757057776E-006
  0.1818181818E+000  0.2424242424E+000  0.4293682708E-006
  0.1818181818E+000  0.2727272727E+000  0.4790427088E-006
  0.1818181818E+000  0.3030303030E+000  0.5242554923E-006
  0.1818181818E+000  0.3333333333E+000  0.5645687151E-006
  0.1818181818E+000  0.3636363636E+000  0.5995842046E-006
  0.1818181818E+000  0.3939393939E+000  0.6289472213E-006
  0.1818181818E+000  0.4242424242E+000  0.6523501821E-006
  0.1818181818E+000  0.4545454545E+000  0.6695370021E-006
  0.1818181818E+000  0.4848484848E+000  0.6803076621E-006
  0.1818181818E+000  0.5151515152E+000  0.6845227534E-006
  0.1818181818E+000  0.5454545455E+000  0.6821080757E-006
  0.1818181818E+000  0.5757575758E+000  0.6730580310E-006
  0.1818181818E+000  0.6060606061E+000  0.6574375472E-006
  0.1818181818E+000  0.6363636364E+000  0.6353825321E-006
  0.1818181818E+000  0.6666666667E+000  0.6070978911E-006
  0.1818181818E+000  0.6969696970E+000  0.5728536772E-006
  0.1818181818E+000  0.7272727273E+000  0.5329811583E-006
  0.1818181818E+000  0.7575757576E+000  0.4878685496E-006
  0.1818181818E+000  0.7878787879E+000  0.4379564825E-006
  0.1818181818E+000  0.8181818182E+000  0.3837337483E-006
  0.1818181818E+000  0.8484848485E+000  0.3257324543E-006
  0.1818181818E+000  0.8787878788E+000  0.2645229048E-006
  0.1818181818E+000  0.9090909091E+000  0.2007075145E-006
  0.1818181818E+000  0.9393939394E+000  0.1349144261E-006
  0.1818181818E+000  0.9696969697E+000  0.6779143719E-007
  0.1818181818E+000  0.1000000000E+001  0.0000000000E+000

  0.2121212121E+000  0.3030303030E-001  0.0000000000E+000
  0.2121212121E+000  0.6060606061E-001  0.7820197304E-007
  0.2121212121E+000  0.9090909091E-001  0.1556790677E-006
  0.2121212121E+000  0.1212121212E+000  0.2317133076E-006
  0.2121212121E+000  0.1515151515E+000  0.3056004522E-006
  0.2121212121E+000  0.1818181818E+000  0.3766559424E-006
  0.2121212121E+000  0.2121212121E+000  0.4442198173E-006
  0.2121212121E+000  0.2424242424E+000  0.5076610694E-006
  0.2121212121E+000  0.2727272727E+000  0.5663818029E-006
  0.2121212121E+000  0.3030303030E+000  0.6198215929E-006
  0.2121212121E+000  0.3333333333E+000  0.6674622858E-006
  0.2121212121E+000  0.3636363636E+000  0.7088328624E-006
  0.2121212121E+000  0.3939393939E+000  0.7435138367E-006
  0.2121212121E+000  0.4242424242E+000  0.7711419947E-006
  0.2121212121E+000  0.4545454545E+000  0.7914155215E-006
  0.2121212121E+000  0.4848484848E+000  0.8040996795E-006
  0.2121212121E+000  0.5151515152E+000  0.8090320175E-006
  0.2121212121E+000  0.5454545455E+000  0.8061274581E-006
  0.2121212121E+000  0.5757575758E+000  0.7953821494E-006
  0.2121212121E+000  0.6060606061E+000  0.7768753788E-006
  0.2121212121E+000  0.6363636364E+000  0.7507697616E-006
  0.2121212121E+000  0.6666666667E+000  0.7173089348E-006
  0.2121212121E+000  0.6969696970E+000  0.6768130440E-006
  0.2121212121E+000  0.7272727273E+000  0.6296741211E-006
  0.2121212121E+000  0.7575757576E+000  0.5763511279E-006
  0.2121212121E+000  0.7878787879E+000  0.5173648142E-006
  0.2121212121E+000  0.8181818182E+000  0.4532926887E-006
  0.2121212121E+000  0.8484848485E+000  0.3847635645E-006
  0.2121212121E+000  0.8787878788E+000  0.3124511310E-006
  0.2121212121E+000  0.9090909091E+000  0.2370666738E-006
  0.2121212121E+000  0.9393939394E+000  0.1593514547E-006
  0.2121212121E+000  0.9696969697E+000  0.8006941959E-007
  0.2121212121E+000  0.1000000000E+001  0.0000000000E+000

  0.2424242424E+000  0.3030303030E-001  0.0000000000E+000
  0.2424242424E+000  0.6060606061E-001  0.8963476967E-007
  0.2424242424E+000  0.9090909091E-001  0.1784389106E-006
  0.2424242424E+000  0.1212121212E+000  0.2655892531E-006
  0.2424242424E+000  0.1515151515E+000  0.3502776972E-006
  0.2424242424E+000  0.1818181818E+000  0.4317181787E-006
  0.2424242424E+000  0.2121212121E+000  0.5091526785E-006
  0.2424242424E+000  0.2424242424E+000  0.5818565431E-006
  0.2424242424E+000  0.2727272727E+000  0.6491434995E-006
  0.2424242424E+000  0.3030303030E+000  0.7103703905E-006
  0.2424242424E+000  0.3333333333E+000  0.7649428107E-006
  0.2424242424E+000  0.3636363636E+000  0.8123203740E-006
  0.2424242424E+000  0.3939393939E+000  0.8520221512E-006
  0.2424242424E+000  0.4242424242E+000  0.8836322235E-006
  0.2424242424E+000  0.4545454545E+000  0.9068059625E-006
  0.2424242424E+000  0.4848484848E+000  0.9212764182E-006
  0.2424242424E+000  0.5151515152E+000  0.9268604131E-006
  0.2424242424E+000  0.5454545455E+000  0.9234640805E-006
  0.2424242424E+000  0.5757575758E+000  0.9110868011E-006
  0.2424242424E+000  0.6060606061E+000  0.8898231482E-006
  0.2424242424E+000  0.6363636364E+000  0.8598624393E-006
  0.2424242424E+000  0.6666666667E+000  0.8214857674E-006
  0.2424242424E+000  0.6969696970E+000  0.7750612961E-006
  0.2424242424E+000  0.7272727273E+000  0.7210386673E-006
  0.2424242424E+000  0.7575757576E+000  0.6599437730E-006
  0.2424242424E+000  0.7878787879E+000  0.5923730101E-006
  0.2424242424E+000  0.8181818182E+000  0.5189878685E-006
  0.2424242424E+000  0.8484848485E+000  0.4405085097E-006
  0.2424242424E+000  0.8787878788E+000  0.3577061785E-006
  0.2424242424E+000  0.9090909091E+000  0.2713946767E-006
  0.2424242424E+000  0.9393939394E+000  0.1824216464E-006
  0.2424242424E+000  0.9696969697E+000  0.9166010239E-007
  0.2424242424E+000  0.1000000000E+001  0.0000000000E+000

  0.2727272727E+000  0.3030303030E-001  0.0000000000E+000
  0.2727272727E+000  0.6060606061E-001  0.1003395507E-006
  0.2727272727E+000  0.9090909091E-001  0.1997489427E-006
  0.2727272727E+000  0.1212121212E+000  0.2973060098E-006
  0.2727272727E+000  0.1515151515E+000  0.3921049652E-006
  0.2727272727E+000  0.1818181818E+000  0.4832643986E-006
  0.2727272727E+000  0.2121212121E+000  0.5699342483E-006
  0.2727272727E+000  0.2424242424E+000  0.6513020356E-006
  0.2727272727E+000  0.2727272727E+000  0.7265983577E-006
  0.2727272727E+000  0.3030303030E+000  0.7951024608E-006
  0.2727272727E+000  0.3333333333E+000  0.8561481396E-006
  0.2727272727E+000  0.3636363636E+000  0.9091299049E-006
  0.2727272727E+000  0.3939393939E+000  0.9535091013E-006
  0.2727272727E+000  0.4242424242E+000  0.9888208109E-006
  0.2727272727E+000  0.4545454545E+000  0.1014680665E-005
  0.2727272727E+000  0.4848484848E+000  0.1030792488E-005
  0.2727272727E+000  0.5151515152E+000  0.1036955025E-005
  0.2727272727E+000  0.5454545455E+000  0.1033067550E-005
  0.2727272727E+000  0.5757575758E+000  0.1019134386E-005
  0.2727272727E+000  0.6060606061E+000  0.9952661365E-006
  0.2727272727E+000  0.6363636364E+000  0.9616785465E-006
  0.2727272727E+000  0.6666666667E+000  0.9186889220E-006
  0.2727272727E+000  0.6969696970E+000  0.8667107294E-006
  0.2727272727E+000  0.7272727273E+000  0.8062478275E-006
  0.2727272727E+000  0.7575757576E+000  0.7378886240E-006
  0.2727272727E+000  0.7878787879E+000  0.6623003006E-006
  0.2727272727E+000  0.8181818182E+000  0.5802225804E-006
  0.2727272727E+000  0.8484848485E+000  0.4924607723E-006
  0.2727272727E+000  0.8787878788E+000  0.3998767808E-006
  0.2727272727E+000  0.9090909091E+000  0.3033796140E-006
  0.2727272727E+000  0.9393939394E+000  0.2039154564E-006
  0.2727272727E+000  0.9696969697E+000  0.1024582409E-006
  0.2727272727E+000  0.1000000000E+001  0.0000000000E+000

  0.3030303030E+000  0.3030303030E-001  0.0000000000E+000
  0.3030303030E+000  0.6060606061E-001  0.1102190368E-006
  0.3030303030E+000  0.9090909091E-001  0.2194152972E-006
  0.3030303030E+000  0.1212121212E+000  0.3265746066E-006
  0.3030303030E+000  0.1515151515E+000  0.4307005091E-006
  0.3030303030E+000  0.1818181818E+000  0.5308232115E-006
  0.3030303030E+000  0.2121212121E+000  0.6260075310E-006
  0.3030303030E+000  0.2424242424E+000  0.7153596820E-006
  0.3030303030E+000  0.2727272727E+000  0.7980334388E-006
  0.3030303030E+000  0.3030303030E+000  0.8732360822E-006
  0.3030303030E+000  0.3333333333E+000  0.9402350779E-006
  0.3030303030E+000  0.3636363636E+000  0.9983646012E-006
  0.3030303030E+000  0.3939393939E+000  0.1047032893E-005
  0.3030303030E+000  0.4242424242E+000  0.1085729957E-005
  0.3030303030E+000  0.4545454545E+000  0.1114035581E-005
  0.3030303030E+000  0.4848484848E+000  0.1131627516E-005
  0.3030303030E+000  0.5151515152E+000  0.1138289170E-005
  0.3030303030E+000  0.5454545455E+000  0.1133915381E-005
  0.3030303030E+000  0.5757575758E+000  0.1118516629E-005
  0.3030303030E+000  0.6060606061E+000  0.1092220055E-005
  0.3030303030E+000  0.6363636364E+000  0.1055267279E-005
  0.3030303030E+000  0.6666666667E+000  0.1008009913E-005
  0.3030303030E+000  0.6969696970E+000  0.9509040430E-006
  0.3030303030E+000  0.7272727273E+000  0.8845037786E-006
  0.3030303030E+000  0.7575757576E+000  0.8094554532E-006
  0.3030303030E+000  0.7878787879E+000  0.7264912641E-006
  0.3030303030E+000  0.8181818182E+000  0.6364229253E-006
  0.3030303030E+000  0.8484848485E+000  0.5401335446E-006
  0.3030303030E+000  0.8787878788E+000  0.4385679809E-006
  0.3030303030E+000  0.9090909091E+000  0.3327220908E-006
  0.3030303030E+000  0.9393939394E+000  0.2236318787E-006
  0.3030303030E+000  0.9696969697E+000  0.1123629406E-006
  0.3030303030E+000  0.1000000000E+001  0.0000000000E+000

  0.3333333333E+000  0.3030303030E-001  0.0000000000E+000
  0.3333333333E+000  0.6060606061E-001  0.1191786627E-006
  0.3333333333E+000  0.9090909091E-001  0.2372496188E-006
  0.3333333333E+000  0.1212121212E+000  0.3531144216E-006
  0.3333333333E+000  0.1515151515E+000  0.4656937372E-006
  0.3333333333E+000  0.1818181818E+000  0.5739372269E-006
  0.3333333333E+000  0.2121212121E+000  0.6768321695E-006
  0.3333333333E+000  0.2424242424E+000  0.7734108315E-006
  0.3333333333E+000  0.2727272727E+000  0.8627570733E-006
  0.3333333333E+000  0.3030303030E+000  0.9440129612E-006
  0.3333333333E+000  0.3333333333E+000  0.1016385580E-005
  0.3333333333E+000  0.3636363636E+000  0.1079154516E-005
  0.3333333333E+000  0.3939393939E+000  0.1131680002E-005
  0.3333333333E+000  0.4242424242E+000  0.1173411841E-005
  0.3333333333E+000  0.4545454545E+000  0.1203898003E-005
  0.3333333333E+000  0.4848484848E+000  0.1222793930E-005
  0.3333333333E+000  0.5151515152E+000  0.1229870665E-005
  0.3333333333E+000  0.5454545455E+000  0.1225020647E-005
  0.3333333333E+000  0.5757575758E+000  0.1208261849E-005
  0.3333333333E+000  0.6060606061E+000  0.1179737896E-005
  0.3333333333E+000  0.6363636364E+000  0.1139715118E-005
  0.3333333333E+000  0.6666666667E+000  0.1088577459E-005
  0.3333333333E+000  0.6969696970E+000  0.1026820196E-005
  0.3333333333E+000  0.7272727273E+000  0.9550435898E-006
  0.3333333333E+000  0.7575757576E+000  0.8739466341E-006
  0.3333333333E+000  0.7878787879E+000  0.7843205394E-006
  0.3333333333E+000  0.8181818182E+000  0.6870417516E-006
  0.3333333333E+000  0.8484848485E+000  0.5830631971E-006
  0.3333333333E+000  0.8787878788E+000  0.4734038783E-006
  0.3333333333E+000  0.9090909091E+000  0.3591372998E-006
  0.3333333333E+000  0.9393939394E+000  0.2413796638E-006
  0.3333333333E+000  0.9696969697E+000  0.1212781855E-006
  0.3333333333E+000  0.1000000000E+001  0.0000000000E+000

  0.3636363636E+000  0.3030303030E-001  0.0000000000E+000
  0.3636363636E+000  0.6060606061E-001  0.1271273311E-006
  0.3636363636E+000  0.9090909091E-001  0.2530705105E-006
  0.3636363636E+000  0.1212121212E+000  0.3766553294E-006
  0.3636363636E+000  0.1515151515E+000  0.4967281798E-006
  0.3636363636E+000  0.1818181818E+000  0.6121666748E-006
  0.3636363636E+000  0.2121212121E+000  0.7218889188E-006
  0.3636363636E+000  0.2424242424E+000  0.8248612054E-006
  0.3636363636E+000  0.2727272727E+000  0.9201052518E-006
  0.3636363636E+000  0.3030303030E+000  0.1006705142E-005
  0.3636363636E+000  0.3333333333E+000  0.1083814631E-005
  0.3636363636E+000  0.3636363636E+000  0.1150665115E-005
  0.3636363636E+000  0.3939393939E+000  0.1206574854E-005
  0.3636363636E+000  0.4242424242E+000  0.1250958509E-005
  0.3636363636E+000  0.4545454545E+000  0.1283337134E-005
  0.3636363636E+000  0.4848484848E+000  0.1303347732E-005
  0.3636363636E+000  0.5151515152E+000  0.1310752044E-005
  0.3636363636E+000  0.5454545455E+000  0.1305442322E-005
  0.3636363636E+000  0.5757575758E+000  0.1287444746E-005
  0.3636363636E+000  0.6060606061E+000  0.1256918982E-005
  0.3636363636E+000  0.6363636364E+000  0.1214154654E-005
  0.3636363636E+000  0.6666666667E+000  0.1159565249E-005
  0.3636363636E+000  0.6969696970E+000  0.1093681809E-005
  0.3636363636E+000  0.7272727273E+000  0.1017145956E-005
  0.3636363636E+000  0.7575757576E+000  0.9307037013E-006
  0.3636363636E+000  0.7878787879E+000  0.8351984412E-006
  0.3636363636E+000  0.8181818182E+000  0.7315636269E-006
  0.3636363636E+000  0.8484848485E+000  0.6208132416E-006
  0.3636363636E+000  0.8787878788E+000  0.5040308723E-006
  0.3636363636E+000  0.9090909091E+000  0.3823575028E-006
  0.3636363636E+000  0.9393939394E+000  0.2569790744E-006
  0.3636363636E+000  0.9696969697E+000  0.1291137165E-006
  0.3636363636E+000  0.1000000000E+001  0.0000000000E+000

  0.3939393939E+000  0.3030303030E-001  0.0000000000E+000
  0.3939393939E+000  0.6060606061E-001  0.1339780900E-006
  0.3939393939E+000  0.9090909091E-001  0.2667048623E-006
  0.3939393939E+000  0.1212121212E+000  0.3969397305E-006
  0.3939393939E+000  0.1515151515E+000  0.5234641663E-006
  0.3939393939E+000  0.1818181818E+000  0.6450930361E-006
  0.3939393939E+000  0.2121212121E+000  0.7606841862E-006
  0.3939393939E+000  0.2424242424E+000  0.8691466745E-006
  0.3939393939E+000  0.2727272727E+000  0.9694482929E-006
  0.3939393939E+000  0.3030303030E+000  0.1060623269E-005
  0.3939393939E+000  0.3333333333E+000  0.1141779550E-005
  0.3939393939E+000  0.3636363636E+000  0.1212107769E-005
  0.3939393939E+000  0.3939393939E+000  0.1270890626E-005
  0.3939393939E+000  0.4242424242E+000  0.1317513924E-005
  0.3939393939E+000  0.4545454545E+000  0.1351476482E-005
  0.3939393939E+000  0.4848484848E+000  0.1372401389E-005
  0.3939393939E+000  0.5151515152E+000  0.1380043995E-005
  0.3939393939E+000  0.5454545455E+000  0.1374298090E-005
  0.3939393939E+000  0.5757575758E+000  0.1355198728E-005
  0.3939393939E+000  0.6060606061E+000  0.1322920962E-005
  0.3939393939E+000  0.6363636364E+000  0.1277775428E-005
  0.3939393939E+000  0.6666666667E+000  0.1220202607E-005
  0.3939393939E+000  0.6969696970E+000  0.1150764859E-005
  0.3939393939E+000  0.7272727273E+000  0.1070140238E-005
  0.3939393939E+000  0.7575757576E+000  0.9791152745E-006
  0.3939393939E+000  0.7878787879E+000  0.8785783340E-006
  0.3939393939E+000  0.8181818182E+000  0.7695112732E-006
  0.3939393939E+000  0.8484848485E+000  0.6529798712E-006
  0.3939393939E+000  0.8787878788E+000  0.5301219963E-006
  0.3939393939E+000  0.9090909091E+000  0.4021352705E-006
  0.3939393939E+000  0.9393939394E+000  0.2702641099E-006
  0.3939393939E+000  0.9696969697E+000  0.1357862059E-006
  0.3939393939E+000  0.1000000000E+001  0.0000000000E+000

  0.4242424242E+000  0.3030303030E-001  0.0000000000E+000
  0.4242424242E+000  0.6060606061E-001  0.1396490614E-006
  0.4242424242E+000  0.9090909091E-001  0.2779897036E-006
  0.4242424242E+000  0.1212121212E+000  0.4137251744E-006
  0.4242424242E+000  0.1515151515E+000  0.5455823016E-006
  0.4242424242E+000  0.1818181818E+000  0.6723231996E-006
  0.4242424242E+000  0.2121212121E+000  0.7927551530E-006
  0.4242424242E+000  0.2424242424E+000  0.9057391836E-006
  0.4242424242E+000  0.2727272727E+000  0.1010198174E-005
  0.4242424242E+000  0.3030303030E+000  0.1105124811E-005
  0.4242424242E+000  0.3333333333E+000  0.1189589760E-005
  0.4242424242E+000  0.3636363636E+000  0.1262750565E-005
  0.4242424242E+000  0.3939393939E+000  0.1323861986E-005
  0.4242424242E+000  0.4242424242E+000  0.1372286821E-005
  0.4242424242E+000  0.4545454545E+000  0.1407507683E-005
  0.4242424242E+000  0.4848484848E+000  0.1429137637E-005
  0.4242424242E+000  0.5151515152E+000  0.1436928824E-005
  0.4242424242E+000  0.5454545455E+000  0.1430778232E-005
  0.4242424242E+000  0.5757575758E+000  0.1410729897E-005
  0.4242424242E+000  0.6060606061E+000  0.1376973025E-005
  0.4242424242E+000  0.6363636364E+000  0.1329837437E-005
  0.4242424242E+000  0.6666666667E+000  0.1269786612E-005
  0.4242424242E+000  0.6969696970E+000  0.1197410287E-005
  0.4242424242E+000  0.7272727273E+000  0.1113416858E-005
  0.4242424242E+000  0.7575757576E+000  0.1018626716E-005
  0.4242424242E+000  0.7878787879E+000  0.9139649092E-006
  0.4242424242E+000  0.8181818182E+000  0.8004528618E-006
  0.4242424242E+000  0.8484848485E+000  0.6791980575E-006
  0.4242424242E+000  0.8787878788E+000  0.5513819531E-006
  0.4242424242E+000  0.9090909091E+000  0.4182473208E-006
  0.4242424242E+000  0.9393939394E+000  0.2810851549E-006
  0.4242424242E+000  0.9696969697E+000  0.1412206416E-006
  0.4242424242E+000  0.1000000000E+001  0.0000000000E+000

  0.4545454545E+000  0.3030303030E-001  0.0000000000E+000
  0.4545454545E+000  0.6060606061E-001  0.1440645112E-006
  0.4545454545E+000  0.9090909091E-001  0.2867744387E-006
  0.4545454545E+000  0.1212121212E+000  0.4267879209E-006
  0.4545454545E+000  0.1515151515E+000  0.5627882063E-006
  0.4545454545E+000  0.1818181818E+000  0.6934954443E-006
  0.4545454545E+000  0.2121212121E+000  0.8176766773E-006
  0.4545454545E+000  0.2424242424E+000  0.9341548252E-006
  0.4545454545E+000  0.2727272727E+000  0.1041817176E-005
  0.4545454545E+000  0.3030303030E+000  0.1139624080E-005
  0.4545454545E+000  0.3333333333E+000  0.1226617492E-005
  0.4545454545E+000  0.3636363636E+000  0.1301930351E-005
  0.4545454545E+000  0.3939393939E+000  0.1364796898E-005
  0.4545454545E+000  0.4242424242E+000  0.1414564262E-005
  0.4545454545E+000  0.4545454545E+000  0.1450704045E-005
  0.4545454545E+000  0.4848484848E+000  0.1472824048E-005
  0.4545454545E+000  0.5151515152E+000  0.1480675769E-005
  0.4545454545E+000  0.5454545455E+000  0.1474160460E-005
  0.4545454545E+000  0.5757575758E+000  0.1453331237E-005
  0.4545454545E+000  0.6060606061E+000  0.1418390436E-005
  0.4545454545E+000  0.6363636364E+000  0.1369684067E-005
  0.4545454545E+000  0.6666666667E+000  0.1307695337E-005
  0.4545454545E+000  0.6969696970E+000  0.1233035920E-005
  0.4545454545E+000  0.7272727273E+000  0.1146438568E-005
  0.4545454545E+000  0.7575757576E+000  0.1048749912E-005
  0.4545454545E+000  0.7878787879E+000  0.9409232279E-006
  0.4545454545E+000  0.8181818182E+000  0.8240097319E-006
  0.4545454545E+000  0.8484848485E+000  0.6991482056E-006
  0.4545454545E+000  0.8787878788E+000  0.5675524367E-006
  0.4545454545E+000  0.9090909091E+000  0.4304984862E-006
  0.4545454545E+000  0.9393939394E+000  0.2893114679E-006
  0.4545454545E+000  0.9696969697E+000  0.1453514835E-006
  0.4545454545E+000  0.1000000000E+001  0.0000000000E+000

  0.4848484848E+000  0.3030303030E-001  0.0000000000E+000
  0.4848484848E+000  0.6060606061E-001  0.1471564607E-006
  0.4848484848E+000  0.9090909091E-001  0.2929241409E-006
  0.4848484848E+000  0.1212121212E+000  0.4359278970E-006
  0.4848484848E+000  0.1515151515E+000  0.5748190948E-006
  0.4848484848E+000  0.1818181818E+000  0.7082873005E-006
  0.4848484848E+000  0.2121212121E+000  0.8350703098E-006
  0.4848484848E+000  0.2424242424E+000  0.9539634534E-006
  0.4848484848E+000  0.2727272727E+000  0.1063828542E-005
  0.4848484848E+000  0.3030303030E+000  0.1163603138E-005
  0.4848484848E+000  0.3333333333E+000  0.1252309616E-005
  0.4848484848E+000  0.3636363636E+000  0.1329064843E-005
  0.4848484848E+000  0.3939393939E+000  0.1393090665E-005
  0.4848484848E+000  0.4242424242E+000  0.1443725295E-005
  0.4848484848E+000  0.4545454545E+000  0.1480435422E-005
  0.4848484848E+000  0.4848484848E+000  0.1502827259E-005
  0.4848484848E+000  0.5151515152E+000  0.1510654405E-005
  0.4848484848E+000  0.5454545455E+000  0.1503823941E-005
  0.4848484848E+000  0.5757575758E+000  0.1482397261E-005
  0.4848484848E+000  0.6060606061E+000  0.1446588147E-005
  0.4848484848E+000  0.6363636364E+000  0.1396756411E-005
  0.4848484848E+000  0.6666666667E+000  0.1333400423E-005
  0.4848484848E+000  0.6969696970E+000  0.1257148600E-005
  0.4848484848E+000  0.7272727273E+000  0.1168751235E-005
  0.4848484848E+000  0.7575757576E+000  0.1069073333E-005
  0.4848484848E+000  0.7878787879E+000  0.9590872215E-006
  0.4848484848E+000  0.8181818182E+000  0.8398638492E-006
  0.4848484848E+000  0.8484848485E+000  0.7125622945E-006
  0.4848484848E+000  0.8787878788E+000  0.5784171128E-006
  0.4848484848E+000  0.9090909091E+000  0.4387254048E-006
  0.4848484848E+000  0.9393939394E+000  0.2948336621E-006
  0.4848484848E+000  0.9696969697E+000  0.1481239059E-006
  0.4848484848E+000  0.1000000000E+001  0.0000000000E+000

  0.5151515152E+000  0.3030303030E-001  0.0000000000E+000
  0.5151515152E+000  0.6060606061E-001  0.1488667146E-006
  0.5151515152E+000  0.9090909091E-001  0.2963233531E-006
  0.5151515152E+000  0.1212121212E+000  0.4409740877E-006
  0.5151515152E+000  0.1515151515E+000  0.5814506195E-006
  0.5151515152E+000  0.1818181818E+000  0.7164237356E-006
  0.5151515152E+000  0.2121212121E+000  0.8446136609E-006
  0.5151515152E+000  0.2424242424E+000  0.9647993155E-006
  0.5151515152E+000  0.2727272727E+000  0.1075827817E-005
  0.5151515152E+000  0.3030303030E+000  0.1176623948E-005
  0.5151515152E+000  0.3333333333E+000  0.1266200154E-005
  0.5151515152E+000  0.3636363636E+000  0.1343665894E-005
  0.5151515152E+000  0.3939393939E+000  0.1408238584E-005
  0.5151515152E+000  0.4242424242E+000  0.1459254376E-005
  0.5151515152E+000  0.4545454545E+000  0.1496180554E-005
  0.5151515152E+000  0.4848484848E+000  0.1518625628E-005
  0.5151515152E+000  0.5151515152E+000  0.1526348597E-005
  0.5151515152E+000  0.5454545455E+000  0.1519261561E-005
  0.5151515152E+000  0.5757575758E+000  0.1497435433E-005
  0.5151515152E+000  0.6060606061E+000  0.1461092716E-005
  0.5151515152E+000  0.6363636364E+000  0.1410603911E-005
  0.5151515152E+000  0.6666666667E+000  0.1346477984E-005
  0.5151515152E+000  0.6969696970E+000  0.1269354213E-005
  0.5151515152E+000  0.7272727273E+000  0.1179993306E-005
  0.5151515152E+000  0.7575757576E+000  0.1079270468E-005
  0.5151515152E+000  0.7878787879E+000  0.9681674346E-006
  0.5151515152E+000  0.8181818182E+000  0.8477644981E-006
  0.5151515152E+000  0.8484848485E+000  0.7192296648E-006
  0.5151515152E+000  0.8787878788E+000  0.5838063227E-006
  0.5151515152E+000  0.9090909091E+000  0.4428000742E-006
  0.5151515152E+000  0.9393939394E+000  0.2975660098E-006
  0.5151515152E+000  0.9696969697E+000  0.1494949223E-006
  0.5151515152E+000  0.1000000000E+001  0.0000000000E+000

  0.5454545455E+000  0.3030303030E-001  0.0000000000E+000
  0.5454545455E+000  0.6060606061E-001  0.1491489126E-006
  0.5454545455E+000  0.9090909091E-001  0.2968800408E-006
  0.5454545455E+000  0.1212121212E+000  0.4417900895E-006
  0.5454545455E+000  0.1515151515E+000  0.5825037857E-006
  0.5454545455E+000  0.1818181818E+000  0.7176856481E-006
  0.5454545455E+000  0.2121212121E+000  0.8460503643E-006
  0.5454545455E+000  0.2424242424E+000  0.9663723157E-006
  0.5454545455E+000  0.2727272727E+000  0.1077495088E-005
  0.5454545455E+000  0.3030303030E+000  0.1178341600E-005
  0.5454545455E+000  0.3333333333E+000  0.1267923905E-005
  0.5454545455E+000  0.3636363636E+000  0.1345353122E-005
  0.5454545455E+000  0.3939393939E+000  0.1409849789E-005
  0.5454545455E+000  0.4242424242E+000  0.1460754720E-005
  0.5454545455E+000  0.4545454545E+000  0.1497540685E-005
  0.5454545455E+000  0.4848484848E+000  0.1519822946E-005
  0.5454545455E+000  0.5151515152E+000  0.1527366739E-005
  0.5454545455E+000  0.5454545455E+000  0.1520092880E-005
  0.5454545455E+000  0.5757575758E+000  0.1498078231E-005
  0.5454545455E+000  0.6060606061E+000  0.1461553291E-005
  0.5454545455E+000  0.6363636364E+000  0.1410894987E-005
  0.5454545455E+000  0.6666666667E+000  0.1346618189E-005
  0.5454545455E+000  0.6969696970E+000  0.1269366575E-005
  0.5454545455E+000  0.7272727273E+000  0.1179904072E-005
  0.5454545455E+000  0.7575757576E+000  0.1079107244E-005
  0.5454545455E+000  0.7878787879E+000  0.9679576804E-006
  0.5454545455E+000  0.8181818182E+000  0.8475339203E-006
  0.5454545455E+000  0.8484848485E+000  0.7190014879E-006
  0.5454545455E+000  0.8787878788E+000  0.5836003700E-006
  0.5454545455E+000  0.9090909091E+000  0.4426323362E-006
  0.5454545455E+000  0.9393939394E+000  0.2974481353E-006
  0.5454545455E+000  0.9696969697E+000  0.1494342591E-006
  0.5454545455E+000  0.1000000000E+001  0.0000000000E+000

  0.5757575758E+000  0.3030303030E-001  0.0000000000E+000
  0.5757575758E+000  0.6060606061E-001  0.1479704419E-006
  0.5757575758E+000  0.9090909091E-001  0.2945293588E-006
  0.5757575758E+000  0.1212121212E+000  0.4382796668E-006
  0.5757575758E+000  0.1515151515E+000  0.5778524481E-006
  0.5757575758E+000  0.1818181818E+000  0.7119188222E-006
  0.5757575758E+000  0.2121212121E+000  0.8392005822E-006
  0.5757575758E+000  0.2424242424E+000  0.9584797905E-006
  0.5757575758E+000  0.2727272727E+000  0.1068608287E-005
  0.5757575758E+000  0.3030303030E+000  0.1168518000E-005
  0.5757575758E+000  0.3333333333E+000  0.1257230770E-005
  0.5757575758E+000  0.3636363636E+000  0.1333868131E-005
  0.5757575758E+000  0.3939393939E+000  0.1397661319E-005
  0.5757575758E+000  0.4242424242E+000  0.1447962014E-005
  0.5757575758E+000  0.4545454545E+000  0.1484253340E-005
  0.5757575758E+000  0.4848484848E+000  0.1506160784E-005
  0.5757575758E+000  0.5151515152E+000  0.1513458801E-005
  0.5757575758E+000  0.5454545455E+000  0.1506075795E-005
  0.5757575758E+000  0.5757575758E+000  0.1484095421E-005
  0.5757575758E+000  0.6060606061E+000  0.1447752825E-005
  0.5757575758E+000  0.6363636364E+000  0.1397427402E-005
  0.5757575758E+000  0.6666666667E+000  0.1333634614E-005
  0.5757575758E+000  0.6969696970E+000  0.1257015980E-005
  0.5757575758E+000  0.7272727273E+000  0.1168330860E-005
  0.5757575758E+000  0.7575757576E+000  0.1068448336E-005
  0.5757575758E+000  0.7878787879E+000  0.9583397567E-006
  0.5757575758E+000  0.8181818182E+000  0.8390711365E-006
  0.5757575758E+000  0.8484848485E+000  0.7117937769E-006
  0.5757575758E+000  0.8787878788E+000  0.5777321969E-006
  0.5757575758E+000  0.9090909091E+000  0.4381718176E-006
  0.5757575758E+000  0.9393939394E+000  0.2944463840E-006
  0.5757575758E+000  0.9696969697E+000  0.1479250273E-006
  0.5757575758E+000  0.1000000000E+001  0.0000000000E+000

  0.6060606061E+000  0.3030303030E-001  0.0000000000E+000
  0.6060606061E+000  0.6060606061E-001  0.1453140195E-006
  0.6060606061E+000  0.9090909091E-001  0.2892368845E-006
  0.6060606061E+000  0.1212121212E+000  0.4303917500E-006
  0.6060606061E+000  0.1515151515E+000  0.5674297786E-006
  0.6060606061E+000  0.1818181818E+000  0.6990420511E-006
  0.6060606061E+000  0.2121212121E+000  0.8239704387E-006
  0.6060606061E+000  0.2424242424E+000  0.9410172210E-006
  0.6060606061E+000  0.2727272727E+000  0.1049054510E-005
  0.6060606061E+000  0.3030303030E+000  0.1147034318E-005
  0.6060606061E+000  0.3333333333E+000  0.1233998375E-005
  0.6060606061E+000  0.3636363636E+000  0.1309087332E-005
  0.6060606061E+000  0.3939393939E+000  0.1371550679E-005
  0.6060606061E+000  0.4242424242E+000  0.1420756728E-005
  0.6060606061E+000  0.4545454545E+000  0.1456203974E-005
  0.6060606061E+000  0.4848484848E+000  0.1477530913E-005
  0.6060606061E+000  0.5151515152E+000  0.1484523289E-005
  0.6060606061E+000  0.5454545455E+000  0.1477118025E-005
  0.6060606061E+000  0.5757575758E+000  0.1455403807E-005
  0.6060606061E+000  0.6060606061E+000  0.1419617391E-005
  0.6060606061E+000  0.6363636364E+000  0.1370136719E-005
  0.6060606061E+000  0.6666666667E+000  0.1307471874E-005
  0.6060606061E+000  0.6969696970E+000  0.1232255710E-005
  0.6060606061E+000  0.7272727273E+000  0.1145234783E-005
  0.6060606061E+000  0.7575757576E+000  0.1047261676E-005
  0.6060606061E+000  0.7878787879E+000  0.9392875373E-006
  0.6060606061E+000  0.8181818182E+000  0.8223551546E-006
  0.6060606061E+000  0.8484848485E+000  0.6975900563E-006
  0.6060606061E+000  0.8787878788E+000  0.5661893284E-006
  0.6060606061E+000  0.9090909091E+000  0.4294096392E-006
  0.6060606061E+000  0.9393939394E+000  0.2885550110E-006
  0.6060606061E+000  0.9696969697E+000  0.1449643933E-006
  0.6060606061E+000  0.1000000000E+001  0.0000000000E+000

  0.6363636364E+000  0.3030303030E-001  0.0000000000E+000
  0.6363636364E+000  0.6060606061E-001  0.1411786924E-006
  0.6363636364E+000  0.9090909091E-001  0.2810008205E-006
  0.6363636364E+000  0.1212121212E+000  0.4181239366E-006
  0.6363636364E+000  0.1515151515E+000  0.5512332192E-006
  0.6363636364E+000  0.1818181818E+000  0.6790533537E-006
  0.6363636364E+000  0.2121212121E+000  0.8003594778E-006
  0.6363636364E+000  0.2424242424E+000  0.9139867811E-006
  0.6363636364E+000  0.2727272727E+000  0.1018839511E-005
  0.6363636364E+000  0.3030303030E+000  0.1113900957E-005
  0.6363636364E+000  0.3333333333E+000  0.1198242470E-005
  0.6363636364E+000  0.3636363636E+000  0.1271032656E-005
  0.6363636364E+000  0.3939393939E+000  0.1331546281E-005
  0.6363636364E+000  0.4242424242E+000  0.1379174715E-005
  0.6363636364E+000  0.4545454545E+000  0.1413435837E-005
  0.6363636364E+000  0.4848484848E+000  0.1433984624E-005
  0.6363636364E+000  0.5151515152E+000  0.1440619398E-005
  0.6363636364E+000  0.5454545455E+000  0.1433285473E-005
  0.6363636364E+000  0.5757575758E+000  0.1412075186E-005
  0.6363636364E+000  0.6060606061E+000  0.1377223905E-005
  0.6363636364E+000  0.6363636364E+000  0.1329103050E-005
  0.6363636364E+000  0.6666666667E+000  0.1268212010E-005
  0.6363636364E+000  0.6969696970E+000  0.1195167462E-005
  0.6363636364E+000  0.7272727273E+000  0.1110695304E-005
  0.6363636364E+000  0.7575757576E+000  0.1015622444E-005
  0.6363636364E+000  0.7878787879E+000  0.9108703088E-006
  0.6363636364E+000  0.8181818182E+000  0.7974478621E-006
  0.6363636364E+000  0.8484848485E+000  0.6764437515E-006
  0.6363636364E+000  0.8787878788E+000  0.5490157434E-006
  0.6363636364E+000  0.9090909091E+000  0.4163794901E-006
  0.6363636364E+000  0.9393939394E+000  0.2797967971E-006
  0.6363636364E+000  0.9696969697E+000  0.1405638658E-006
  0.6363636364E+000  0.1000000000E+001  0.0000000000E+000

  0.6666666667E+000  0.3030303030E-001  0.0000000000E+000
  0.6666666667E+000  0.6060606061E-001  0.1355806447E-006
  0.6666666667E+000  0.9090909091E-001  0.2698535528E-006
  0.6666666667E+000  0.1212121212E+000  0.4015248951E-006
  0.6666666667E+000  0.1515151515E+000  0.5293278875E-006
  0.6666666667E+000  0.1818181818E+000  0.6520344431E-006
  0.6666666667E+000  0.2121212121E+000  0.7684661111E-006
  0.6666666667E+000  0.2424242424E+000  0.8775034243E-006
  0.6666666667E+000  0.2727272727E+000  0.9780946676E-006
  0.6666666667E+000  0.3030303030E+000  0.1069264950E-005
  0.6666666667E+000  0.3333333333E+000  0.1150125174E-005
  0.6666666667E+000  0.3636363636E+000  0.1219880098E-005
  0.6666666667E+000  0.3939393939E+000  0.1277837329E-005
  0.6666666667E+000  0.4242424242E+000  0.1323416591E-005
  0.6666666667E+000  0.4545454545E+000  0.1356160164E-005
  0.6666666667E+000  0.4848484848E+000  0.1375741947E-005
  0.6666666667E+000  0.5151515152E+000  0.1381974207E-005
  0.6666666667E+000  0.5454545455E+000  0.1374810357E-005
  0.6666666667E+000  0.5757575758E+000  0.1354344310E-005
  0.6666666667E+000  0.6060606061E+000  0.1320806484E-005
  0.6666666667E+000  0.6363636364E+000  0.1274557473E-005
  0.6666666667E+000  0.6666666667E+000  0.1216079305E-005
  0.6666666667E+000  0.6969696970E+000  0.1145965933E-005
  0.6666666667E+000  0.7272727273E+000  0.1064914177E-005
  0.6666666667E+000  0.7575757576E+000  0.9737167845E-006
  0.6666666667E+000  0.7878787879E+000  0.8732558653E-006
  0.6666666667E+000  0.8181818182E+000  0.7644967130E-006
  0.6666666667E+000  0.8484848485E+000  0.6484801575E-006
  0.6666666667E+000  0.8787878788E+000  0.5263131990E-006
  0.6666666667E+000  0.9090909091E+000  0.3991585025E-006
  0.6666666667E+000  0.9393939394E+000  0.2682235438E-006
  0.6666666667E+000  0.9696969697E+000  0.1347494208E-006
  0.6666666667E+000  0.1000000000E+001  0.0000000000E+000

  0.6969696970E+000  0.3030303030E-001  0.0000000000E+000
  0.6969696970E+000  0.6060606061E-001  0.1285539732E-006
  0.6969696970E+000  0.9090909091E-001  0.2558632486E-006
  0.6969696970E+000  0.1212121212E+000  0.3806966769E-006
  0.6969696970E+000  0.1515151515E+000  0.5018493866E-006
  0.6969696970E+000  0.1818181818E+000  0.6181540278E-006
  0.6969696970E+000  0.2121212121E+000  0.7284913364E-006
  0.6969696970E+000  0.2424242424E+000  0.8317993383E-006
  0.6969696970E+000  0.2727272727E+000  0.9270815764E-006
  0.6969696970E+000  0.3030303030E+000  0.1013415507E-005
  0.6969696970E+000  0.3333333333E+000  0.1089960672E-005
  0.6969696970E+000  0.3636363636E+000  0.1155966325E-005
  0.6969696970E+000  0.3939393939E+000  0.1210779663E-005
  0.6969696970E+000  0.4242424242E+000  0.1253854929E-005
  0.6969696970E+000  0.4545454545E+000  0.1284762657E-005
  0.6969696970E+000  0.4848484848E+000  0.1303198655E-005
  0.6969696970E+000  0.5151515152E+000  0.1308989912E-005
  0.6969696970E+000  0.5454545455E+000  0.1302097043E-005
  0.6969696970E+000  0.5757575758E+000  0.1282613434E-005
  0.6969696970E+000  0.6060606061E+000  0.1250761180E-005
  0.6969696970E+000  0.6363636364E+000  0.1206884962E-005
  0.6969696970E+000  0.6666666667E+000  0.1151443811E-005
  0.6969696970E+000  0.6969696970E+000  0.1085001484E-005
  0.6969696970E+000  0.7272727273E+000  0.1008218192E-005
  0.6969696970E+000  0.7575757576E+000  0.9218439799E-006
  0.6969696970E+000  0.7878787879E+000  0.8267128232E-006
  0.6969696970E+000  0.8181818182E+000  0.7237365439E-006
  0.6969696970E+000  0.8484848485E+000  0.6138979370E-006
  0.6969696970E+000  0.8787878788E+000  0.4982423183E-006
  0.6969696970E+000  0.9090909091E+000  0.3778680271E-006
  0.6969696970E+000  0.9393939394E+000  0.2539165217E-006
  0.6969696970E+000  0.9696969697E+000  0.1275618259E-006
  0.6969696970E+000  0.1000000000E+001  0.0000000000E+000

  0.7272727273E+000  0.3030303030E-001  0.0000000000E+000
  0.7272727273E+000  0.6060606061E-001  0.1201513941E-006
  0.7272727273E+000  0.9090909091E-001  0.2391350932E-006
  0.7272727273E+000  0.1212121212E+000  0.3557964203E-006
  0.7272727273E+000  0.1515151515E+000  0.4690059615E-006
  0.7272727273E+000  0.1818181818E+000  0.5776701536E-006
  0.7272727273E+000  0.2121212121E+000  0.6807413083E-006
  0.7272727273E+000  0.2424242424E+000  0.7772264198E-006
  0.7272727273E+000  0.2727272727E+000  0.8661950274E-006
  0.7272727273E+000  0.3030303030E+000  0.9467866516E-006
  0.7272727273E+000  0.3333333333E+000  0.1018218359E-005
  0.7272727273E+000  0.3636363636E+000  0.1079791693E-005
  0.7272727273E+000  0.3939393939E+000  0.1130900237E-005
  0.7272727273E+000  0.4242424242E+000  0.1171037939E-005
  0.7272727273E+000  0.4545454545E+000  0.1199807858E-005
  0.7272727273E+000  0.4848484848E+000  0.1216929973E-005
  0.7272727273E+000  0.5151515152E+000  0.1222246682E-005
  0.7272727273E+000  0.5454545455E+000  0.1215724993E-005
  0.7272727273E+000  0.5757575758E+000  0.1197455362E-005
  0.7272727273E+000  0.6060606061E+000  0.1167648053E-005
  0.7272727273E+000  0.6363636364E+000  0.1126627221E-005
  0.7272727273E+000  0.6666666667E+000  0.1074822803E-005
  0.7272727273E+000  0.6969696970E+000  0.1012761841E-005
  0.7272727273E+000  0.7272727273E+000  0.9410604732E-006
  0.7272727273E+000  0.7575757576E+000  0.8604180475E-006
  0.7272727273E+000  0.7878787879E+000  0.7716117132E-006
  0.7272727273E+000  0.8181818182E+000  0.6754907950E-006
  0.7272727273E+000  0.8484848485E+000  0.5729703576E-006
  0.7272727273E+000  0.8787878788E+000  0.4650239108E-006
  0.7272727273E+000  0.9090909091E+000  0.3526748345E-006
  0.7272727273E+000  0.9393939394E+000  0.2369874522E-006
  0.7272727273E+000  0.9696969697E+000  0.1190570941E-006
  0.7272727273E+000  0.1000000000E+001  0.0000000000E+000

  0.7575757576E+000  0.3030303030E-001  0.0000000000E+000
  0.7575757576E+000  0.6060606061E-001  0.1104445359E-006
  0.7575757576E+000  0.9090909091E-001  0.2198119117E-006
  0.7575757576E+000  0.1212121212E+000  0.3270372026E-006
  0.7575757576E+000  0.1515151515E+000  0.4310793542E-006
  0.7575757576E+000  0.1818181818E+000  0.5309310665E-006
  0.7575757576E+000  0.2121212121E+000  0.6256279322E-006
  0.7575757576E+000  0.2424242424E+000  0.7142568101E-006
  0.7575757576E+000  0.2727272727E+000  0.7959631074E-006
  0.7575757576E+000  0.3030303030E+000  0.8699577090E-006
  0.7575757576E+000  0.3333333333E+000  0.9355232966E-006
  0.7575757576E+000  0.3636363636E+000  0.9920210410E-006
  0.7575757576E+000  0.3939393939E+000  0.1038897057E-005
  0.7575757576E+000  0.4242424242E+000  0.1075690166E-005
  0.7575757576E+000  0.4545454545E+000  0.1102039364E-005
  0.7575757576E+000  0.4848484848E+000  0.1117690984E-005
  0.7575757576E+000  0.5151515152E+000  0.1122503440E-005
  0.7575757576E+000  0.5454545455E+000  0.1116449068E-005
  0.7575757576E+000  0.5757575758E+000  0.1099613382E-005
  0.7575757576E+000  0.6060606061E+000  0.1072191364E-005
  0.7575757576E+000  0.6363636364E+000  0.1034482024E-005
  0.7575757576E+000  0.6666666667E+000  0.9868809581E-006
  0.7575757576E+000  0.6969696970E+000  0.9298719855E-006
  0.7575757576E+000  0.7272727273E+000  0.8640203832E-006
  0.7575757576E+000  0.7575757576E+000  0.7899672028E-006
  0.7575757576E+000  0.7878787879E+000  0.7084248365E-006
  0.7575757576E+000  0.8181818182E+000  0.6201715055E-006
  0.7575757576E+000  0.8484848485E+000  0.5260457607E-006
  0.7575757576E+000  0.8787878788E+000  0.4269397938E-006
  0.7575757576E+000  0.9090909091E+000  0.3237921323E-006
  0.7575757576E+000  0.9393939394E+000  0.2175793765E-006
  0.7575757576E+000  0.9696969697E+000  0.1093070154E-006
  0.7575757576E+000  0.1000000000E+001  0.0000000000E+000

  0.7878787879E+000  0.3030303030E-001  0.0000000000E+000
  0.7878787879E+000  0.6060606061E-001  0.9952371845E-007
  0.7878787879E+000  0.9090909091E-001  0.1980736498E-006
  0.7878787879E+000  0.1212121212E+000  0.2946871380E-006
  0.7878787879E+000  0.1515151515E+000  0.3884235998E-006
  0.7878787879E+000  0.1818181818E+000  0.4783735602E-006
  0.7878787879E+000  0.2121212121E+000  0.5636668935E-006
  0.7878787879E+000  0.2424242424E+000  0.6434804058E-006
  0.7878787879E+000  0.2727272727E+000  0.7170447039E-006
  0.7878787879E+000  0.3030303030E+000  0.7836501955E-006
  0.7878787879E+000  0.3333333333E+000  0.8426528963E-006
  0.7878787879E+000  0.3636363636E+000  0.8934800384E-006
  0.7878787879E+000  0.3939393939E+000  0.9356360011E-006
  0.7878787879E+000  0.4242424242E+000  0.9687086366E-006
  0.7878787879E+000  0.4545454545E+000  0.9923761731E-006
  0.7878787879E+000  0.4848484848E+000  0.1006412995E-005
  0.7878787879E+000  0.5151515152E+000  0.1010694002E-005
  0.7878787879E+000  0.5454545455E+000  0.1005196334E-005
  0.7878787879E+000  0.5757575758E+000  0.9899983651E-006
  0.7878787879E+000  0.6060606061E+000  0.9652767423E-006
  0.7878787879E+000  0.6363636364E+000  0.9313012557E-006
  0.7878787879E+000  0.6666666667E+000  0.8884279723E-006
  0.7878787879E+000  0.6969696970E+000  0.8370920577E-006
  0.7878787879E+000  0.7272727273E+000  0.7778015354E-006
  0.7878787879E+000  0.7575757576E+000  0.7111325498E-006
  0.7878787879E+000  0.7878787879E+000  0.6377251626E-006
  0.7878787879E+000  0.8181818182E+000  0.5582788717E-006
  0.7878787879E+000  0.8484848485E+000  0.4735473754E-006
  0.7878787879E+000  0.8787878788E+000  0.3843329059E-006
  0.7878787879E+000  0.9090909091E+000  0.2914797411E-006
  0.7878787879E+000  0.9393939394E+000  0.1958667764E-006
  0.7878787879E+000  0.9696969697E+000  0.9839922137E-007
  0.7878787879E+000  0.1000000000E+001  0.0000000000E+000

  0.8181818182E+000  0.3030303030E-001  0.0000000000E+000
  0.8181818182E+000  0.6060606061E-001  0.8749710691E-007
  0.8181818182E+000  0.9090909091E-001  0.1741356054E-006
  0.8181818182E+000  0.1212121212E+000  0.2590667386E-006
  0.8181818182E+000  0.1515151515E+000  0.3414614725E-006
  0.8181818182E+000  0.1818181818E+000  0.4205187130E-006
  0.8181818182E+000  0.2121212121E+000  0.4954725858E-006
  0.8181818182E+000  0.2424242424E+000  0.5655992092E-006
  0.8181818182E+000  0.2727272727E+000  0.6302227892E-006
  0.8181818182E+000  0.3030303030E+000  0.6887208790E-006
  0.8181818182E+000  0.3333333333E+000  0.7405293505E-006
  0.8181818182E+000  0.3636363636E+000  0.7851473345E-006
  0.8181818182E+000  0.3939393939E+000  0.8221421117E-006
  0.8181818182E+000  0.4242424242E+000  0.8511544414E-006
  0.8181818182E+000  0.4545454545E+000  0.8719041644E-006
  0.8181818182E+000  0.4848484848E+000  0.8841953242E-006
  0.8181818182E+000  0.5151515152E+000  0.8879198111E-006
  0.8181818182E+000  0.5454545455E+000  0.8830588505E-006
  0.8181818182E+000  0.5757575758E+000  0.8696821724E-006
  0.8181818182E+000  0.6060606061E+000  0.8479453432E-006
  0.8181818182E+000  0.6363636364E+000  0.8180852175E-006
  0.8181818182E+000  0.6666666667E+000  0.7804141389E-006
  0.8181818182E+000  0.6969696970E+000  0.7353136065E-006
  0.8181818182E+000  0.7272727273E+000  0.6832290367E-006
  0.8181818182E+000  0.7575757576E+000  0.6246655659E-006
  0.8181818182E+000  0.7878787879E+000  0.5601845782E-006
  0.8181818182E+000  0.8181818182E+000  0.4903996403E-006
  0.8181818182E+000  0.8484848485E+000  0.4159721247E-006
  0.8181818182E+000  0.8787878788E+000  0.3376061693E-006
  0.8181818182E+000  0.9090909091E+000  0.2560431354E-006
  0.8181818182E+000  0.9393939394E+000  0.1720549342E-006
  0.8181818182E+000  0.9696969697E+000  0.8643686784E-007
  0.8181818182E+000  0.1000000000E+001  0.0000000000E+000

  0.8484848485E+000  0.3030303030E-001  0.0000000000E+000
  0.8484848485E+000  0.6060606061E-001  0.7448916794E-007
  0.8484848485E+000  0.9090909091E-001  0.1482455002E-006
  0.8484848485E+000  0.1212121212E+000  0.2205445700E-006
  0.8484848485E+000  0.1515151515E+000  0.2906788333E-006
  0.8484848485E+000  0.1818181818E+000  0.3579649873E-006
  0.8484848485E+000  0.2121212121E+000  0.4217504033E-006
  0.8484848485E+000  0.2424242424E+000  0.4814188077E-006
  0.8484848485E+000  0.2727272727E+000  0.5363955199E-006
  0.8484848485E+000  0.3030303030E+000  0.5861517326E-006
  0.8484848485E+000  0.3333333333E+000  0.6302089139E-006
  0.8484848485E+000  0.3636363636E+000  0.6681428893E-006
  0.8484848485E+000  0.3939393939E+000  0.6995877815E-006
  0.8484848485E+000  0.4242424242E+000  0.7242401745E-006
  0.8484848485E+000  0.4545454545E+000  0.7418636946E-006
  0.8484848485E+000  0.4848484848E+000  0.7522931618E-006
  0.8484848485E+000  0.5151515152E+000  0.7554378802E-006
  0.8484848485E+000  0.5454545455E+000  0.7512827887E-006
  0.8484848485E+000  0.5757575758E+000  0.7398876183E-006
  0.8484848485E+000  0.6060606061E+000  0.7213846788E-006
  0.8484848485E+000  0.6363636364E+000  0.6959749764E-006
  0.8484848485E+000  0.6666666667E+000  0.6639235204E-006
  0.8484848485E+000  0.6969696970E+000  0.6255541270E-006
  0.8484848485E+000  0.7272727273E+000  0.5812448723E-006
  0.8484848485E+000  0.7575757576E+000  0.5314247568E-006
  0.8484848485E+000  0.7878787879E+000  0.4765707760E-006
  0.8484848485E+000  0.8181818182E+000  0.4172044479E-006
  0.8484848485E+000  0.8484848485E+000  0.3538880161E-006
  0.8484848485E+000  0.8787878788E+000  0.2872201959E-006
  0.8484848485E+000  0.9090909091E+000  0.2178314406E-006
  0.8484848485E+000  0.9393939394E+000  0.1463783721E-006
  0.8484848485E+000  0.9696969697E+000  0.7353774684E-007
  0.8484848485E+000  0.1000000000E+001  0.0000000000E+000

  0.8787878788E+000  0.3030303030E-001  0.0000000000E+000
  0.8787878788E+000  0.6060606061E-001  0.6063898233E-007
  0.8787878788E+000  0.9090909091E-001  0.1206800958E-006
  0.8787878788E+000  0.1212121212E+000  0.1795322664E-006
  0.8787878788E+000  0.1515151515E+000  0.2366181691E-006
  0.8787878788E+000  0.1818181818E+000  0.2913805093E-006
  0.8787878788E+000  0.2121212121E+000  0.3432876060E-006
  0.8787878788E+000  0.2424242424E+000  0.3918379602E-006
  0.8787878788E+000  0.2727272727E+000  0.4365642806E-006
  0.8787878788E+000  0.3030303030E+000  0.4770369832E-006
  0.8787878788E+000  0.3333333333E+000  0.5128677527E-006
  0.8787878788E+000  0.3636363636E+000  0.5437129728E-006
  0.8787878788E+000  0.3939393939E+000  0.5692766601E-006
  0.8787878788E+000  0.4242424242E+000  0.5893136035E-006
  0.8787878788E+000  0.4545454545E+000  0.6036327650E-006
  0.8787878788E+000  0.4848484848E+000  0.6121008045E-006
  0.8787878788E+000  0.5151515152E+000  0.6146448054E-006
  0.8787878788E+000  0.5454545455E+000  0.6112529870E-006
  0.8787878788E+000  0.5757575758E+000  0.6019741661E-006
  0.8787878788E+000  0.6060606061E+000  0.5869157597E-006
  0.8787878788E+000  0.6363636364E+000  0.5662407088E-006
  0.8787878788E+000  0.6666666667E+000  0.5401639380E-006
  0.8787878788E+000  0.6969696970E+000  0.5089481922E-006
  0.8787878788E+000  0.7272727273E+000  0.4729004189E-006
  0.8787878788E+000  0.7575757576E+000  0.4323691209E-006
  0.8787878788E+000  0.7878787879E+000  0.3877421135E-006
  0.8787878788E+000  0.8181818182E+000  0.3394434936E-006
  0.8787878788E+000  0.8484848485E+000  0.2879305573E-006
  0.8787878788E+000  0.8787878788E+000  0.2336901718E-006
  0.8787878788E+000  0.9090909091E+000  0.1772349988E-006
  0.8787878788E+000  0.9393939394E+000  0.1190991377E-006
  0.8787878788E+000  0.9696969697E+000  0.5983340859E-007
  0.8787878788E+000  0.1000000000E+001  0.0000000000E+000

  0.9090909091E+000  0.3030303030E-001  0.0000000000E+000
  0.9090909091E+000  0.6060606061E-001  0.4609844847E-007
  0.9090909091E+000  0.9090909091E-001  0.9174160601E-007
  0.9090909091E+000  0.1212121212E+000  0.1364792383E-006
  0.9090909091E+000  0.1515151515E+000  0.1798715216E-006
  0.9090909091E+000  0.1818181818E+000  0.2214941376E-006
  0.9090909091E+000  0.2121212121E+000  0.2609426792E-006
  0.9090909091E+000  0.2424242424E+000  0.2978361330E-006
  0.9090909091E+000  0.2727272727E+000  0.3318196676E-006
  0.9090909091E+000  0.3030303030E+000  0.3625673040E-006
  0.9090909091E+000  0.3333333333E+000  0.3897846708E-006
  0.9090909091E+000  0.3636363636E+000  0.4132116223E-006
  0.9090909091E+000  0.3939393939E+000  0.4326243993E-006
  0.9090909091E+000  0.4242424242E+000  0.4478376691E-006
  0.9090909091E+000  0.4545454545E+000  0.4587069925E-006
  0.9090909091E+000  0.4848484848E+000  0.4651316703E-006
  0.9090909091E+000  0.5151515152E+000  0.4670568085E-006
  0.9090909091E+000  0.5454545455E+000  0.4644738074E-006
  0.9090909091E+000  0.5757575758E+000  0.4574197594E-006
  0.9090909091E+000  0.6060606061E+000  0.4459760647E-006
  0.9090909091E+000  0.6363636364E+000  0.4302660423E-006
  0.9090909091E+000  0.6666666667E+000  0.4104523892E-006
  0.9090909091E+000  0.6969696970E+000  0.3867342681E-006
  0.9090909091E+000  0.7272727273E+000  0.3593445290E-006
  0.9090909091E+000  0.7575757576E+000  0.3285476858E-006
  0.9090909091E+000  0.7878787879E+000  0.2946383546E-006
  0.9090909091E+000  0.8181818182E+000  0.2579387839E-006
  0.9090909091E+000  0.8484848485E+000  0.2187963844E-006
  0.9090909091E+000  0.8787878788E+000  0.1775809526E-006
  0.9090909091E+000  0.9090909091E+000  0.1346818012E-006
  0.9090909091E+000  0.9393939394E+000  0.9050463728E-007
  0.9090909091E+000  0.9696969697E+000  0.4546818985E-007
  0.9090909091E+000  0.1000000000E+001  0.0000000000E+000

  0.9393939394E+000  0.3030303030E-001  0.0000000000E+000
  0.9393939394E+000  0.6060606061E-001  0.3103016398E-007
  0.9393939394E+000  0.9090909091E-001  0.6175344419E-007
  0.9393939394E+000  0.1212121212E+000  0.9186630989E-007
  0.9393939394E+000  0.1515151515E+000  0.1210722085E-006
  0.9393939394E+000  0.1818181818E+000  0.1490851839E-006
  0.9393939394E+000  0.2121212121E+000  0.1756329331E-006
  0.9393939394E+000  0.2424242424E+000  0.2004591339E-006
  0.9393939394E+000  0.2727272727E+000  0.2233252017E-006
  0.9393939394E+000  0.3030303030E+000  0.2440120493E-006
  0.9393939394E+000  0.3333333333E+000  0.2623219355E-006
  0.9393939394E+000  0.3636363636E+000  0.2780802861E-006
  0.9393939394E+000  0.3939393939E+000  0.2911371530E-006
  0.9393939394E+000  0.4242424242E+000  0.3013683589E-006
  0.9393939394E+000  0.4545454545E+000  0.3086770166E-006
  0.9393939394E+000  0.4848484848E+000  0.3129956192E-006
  0.9393939394E+000  0.5151515152E+000  0.3142874877E-006
  0.9393939394E+000  0.5454545455E+000  0.3125470022E-006
  0.9393939394E+000  0.5757575758E+000  0.3077991748E-006
  0.9393939394E+000  0.6060606061E+000  0.3000985728E-006
  0.9393939394E+000  0.6363636364E+000  0.2895278623E-006
  0.9393939394E+000  0.6666666667E+000  0.2761961438E-006
  0.9393939394E+000  0.6969696970E+000  0.2602371382E-006
  0.9393939394E+000  0.7272727273E+000  0.2418073820E-006
  0.9393939394E+000  0.7575757576E+000  0.2210847557E-006
  0.9393939394E+000  0.7878787879E+000  0.1982675454E-006
  0.9393939394E+000  0.8181818182E+000  0.1735726198E-006
  0.9393939394E+000  0.8484848485E+000  0.1472337356E-006
  0.9393939394E+000  0.8787878788E+000  0.1194996114E-006
  0.9393939394E+000  0.9090909091E+000  0.9063208342E-007
  0.9393939394E+000  0.9393939394E+000  0.6090407703E-007
  0.9393939394E+000  0.9696969697E+000  0.3059742377E-007
  0.9393939394E+000  0.1000000000E+001  0.0000000000E+000

  0.9696969697E+000  0.3030303030E-001  0.0000000000E+000
  0.9696969697E+000  0.6060606061E-001  0.1560507039E-007
  0.9696969697E+000  0.9090909091E-001  0.3105566735E-007
  0.9696969697E+000  0.1212121212E+000  0.4619899638E-007
  0.9696969697E+000  0.1515151515E+000  0.6088576700E-007
  0.9696969697E+000  0.1818181818E+000  0.7497206076E-007
  0.9696969697E+000  0.2121212121E+000  0.8832092477E-007
  0.9696969697E+000  0.2424242424E+000  0.1008035177E-006
  0.9696969697E+000  0.2727272727E+000  0.1122999326E-006
  0.9696969697E+000  0.3030303030E+000  0.1227001162E-006
  0.9696969697E+000  0.3333333333E+000  0.1319047334E-006
  0.9696969697E+000  0.3636363636E+000  0.1398261771E-006
  0.9696969697E+000  0.3939393939E+000  0.1463892544E-006
  0.9696969697E+000  0.4242424242E+000  0.1515317016E-006
  0.9696969697E+000  0.4545454545E+000  0.1552049038E-006
  0.9696969697E+000  0.4848484848E+000  0.1573749585E-006
  0.9696969697E+000  0.5151515152E+000  0.1580234925E-006
  0.9696969697E+000  0.5454545455E+000  0.1571477446E-006
  0.9696969697E+000  0.5757575758E+000  0.1547603196E-006
  0.9696969697E+000  0.6060606061E+000  0.1508885833E-006
  0.9696969697E+000  0.6363636364E+000  0.1455739617E-006
  0.9696969697E+000  0.6666666667E+000  0.1388711744E-006
  0.9696969697E+000  0.6969696970E+000  0.1308473707E-006
  0.9696969697E+000  0.7272727273E+000  0.1215811996E-006
  0.9696969697E+000  0.7575757576E+000  0.1111621029E-006
  0.9696969697E+000  0.7878787879E+000  0.9968980852E-007
  0.9696969697E+000  0.8181818182E+000  0.8727337946E-007
  0.9696969697E+000  0.8484848485E+000  0.7403032334E-007
  0.9696969697E+000  0.8787878788E+000  0.6008564249E-007
  0.9696969697E+000  0.9090909091E+000  0.4557094923E-007
  0.9696969697E+000  0.9393939394E+000  0.3062347162E-007
  0.9696969697E+000  0.9696969697E+000  0.1538489133E-007
  0.9696969697E+000  0.1000000000E+001  0.0000000000E+000

  0.1000000000E+001  0.3030303030E-001  0.0000000000E+000
  0.1000000000E+001  0.6060606061E-001  0.0000000000E+000
  0.1000000000E+001  0.9090909091E-001  0.0000000000E+000
  0.1000000000E+001  0.1212121212E+000  0.0000000000E+000
  0.1000000000E+001  0.1515151515E+000  0.0000000000E+000
  0.1000000000E+001  0.1818181818E+000  0.0000000000E+000
  0.1000000000E+001  0.2121212121E+000  0.0000000000E+000
  0.1000000000E+001  0.2424242424E+000  0.0000000000E+000
  0.1000000000E+001  0.2727272727E+000  0.0000000000E+000
  0.1000000000E+001  0.3030303030E+000  0.0000000000E+000
  0.1000000000E+001  0.3333333333E+000  0.0000000000E+000
  0.1000000000E+001  0.3636363636E+000  0.0000000000E+000
  0.1000000000E+001  0.3939393939E+000  0.0000000000E+000
  0.1000000000E+001  0.4242424242E+000  0.0000000000E+000
  0.1000000000E+001  0.4545454545E+000  0.0000000000E+000
  0.1000000000E+001  0.4848484848E+000  0.0000000000E+000
  0.1000000000E+001  0.5151515152E+000  0.0000000000E+000
  0.1000000000E+001  0.5454545455E+000  0.0000000000E+000
  0.1000000000E+001  0.5757575758E+000  0.0000000000E+000
  0.1000000000E+001  0.6060606061E+000  0.0000000000E+000
  0.1000000000E+001  0.6363636364E+000  0.0000000000E+000
  0.1000000000E+001  0.6666666667E+000  0.0000000000E+000
  0.1000000000E+001  0.6969696970E+000  0.0000000000E+000
  0.1000000000E+001  0.7272727273E+000  0.0000000000E+000
  0.1000000000E+001  0.7575757576E+000  0.0000000000E+000
  0.1000000000E+001  0.7878787879E+000  0.0000000000E+000
  0.1000000000E+001  0.8181818182E+000  0.0000000000E+000
  0.1000000000E+001  0.8484848485E+000  0.0000000000E+000
  0.1000000000E+001  0.8787878788E+000  0.0000000000E+000
  0.1000000000E+001  0.9090909091E+000  0.0000000000E+000
  0.1000000000E+001  0.9393939394E+000  0.0000000000E+000
  0.1000000000E+001  0.9696969697E+000  0.0000000000E+000
  0.1000000000E+001  0.1000000000E+001  0.0000000000E+000

