  0.3030303030E-001  0.3030303030E-001  0.0000000000E+000
  0.3030303030E-001  0.6060606061E-001  0.0000000000E+000
  0.3030303030E-001  0.9090909091E-001  0.0000000000E+000
  0.3030303030E-001  0.1212121212E+000  0.0000000000E+000
  0.3030303030E-001  0.1515151515E+000  0.0000000000E+000
  0.3030303030E-001  0.1818181818E+000  0.0000000000E+000
  0.3030303030E-001  0.2121212121E+000  0.0000000000E+000
  0.3030303030E-001  0.2424242424E+000  0.0000000000E+000
  0.3030303030E-001  0.2727272727E+000  0.0000000000E+000
  0.3030303030E-001  0.3030303030E+000  0.0000000000E+000
  0.3030303030E-001  0.3333333333E+000  0.0000000000E+000
  0.3030303030E-001  0.3636363636E+000  0.0000000000E+000
  0.3030303030E-001  0.3939393939E+000  0.0000000000E+000
  0.3030303030E-001  0.4242424242E+000  0.0000000000E+000
  0.3030303030E-001  0.4545454545E+000  0.0000000000E+000
  0.3030303030E-001  0.4848484848E+000  0.0000000000E+000
  0.3030303030E-001  0.5151515152E+000  0.0000000000E+000
  0.3030303030E-001  0.5454545455E+000  0.0000000000E+000
  0.3030303030E-001  0.5757575758E+000  0.0000000000E+000
  0.3030303030E-001  0.6060606061E+000  0.0000000000E+000
  0.3030303030E-001  0.6363636364E+000  0.0000000000E+000
  0.3030303030E-001  0.6666666667E+000  0.0000000000E+000
  0.3030303030E-001  0.6969696970E+000  0.0000000000E+000
  0.3030303030E-001  0.7272727273E+000  0.0000000000E+000
  0.3030303030E-001  0.7575757576E+000  0.0000000000E+000
  0.3030303030E-001  0.7878787879E+000  0.0000000000E+000
  0.3030303030E-001  0.8181818182E+000  0.0000000000E+000
  0.3030303030E-001  0.8484848485E+000  0.0000000000E+000
  0.3030303030E-001  0.8787878788E+000  0.0000000000E+000
  0.3030303030E-001  0.9090909091E+000  0.0000000000E+000
  0.3030303030E-001  0.9393939394E+000  0.0000000000E+000
  0.3030303030E-001  0.9696969697E+000  0.0000000000E+000
  0.3030303030E-001  0.1000000000E+001  0.0000000000E+000

  0.6060606061E-001  0.3030303030E-001  0.0000000000E+000
  0.6060606061E-001  0.6060606061E-001 -0.2410960842E-006
  0.6060606061E-001  0.9090909091E-001 -0.4788492526E-006
  0.6060606061E-001  0.1212121212E+000 -0.7107145156E-006
  0.6060606061E-001  0.1515151515E+000 -0.9349940090E-006
  0.6060606061E-001  0.1818181818E+000 -0.1150473997E-005
  0.6060606061E-001  0.2121212121E+000 -0.1356646563E-005
  0.6060606061E-001  0.2424242424E+000 -0.1552598974E-005
  0.6060606061E-001  0.2727272727E+000 -0.1736603824E-005
  0.6060606061E-001  0.3030303030E+000 -0.1906415030E-005
  0.6060606061E-001  0.3333333333E+000 -0.2060248386E-005
  0.6060606061E-001  0.3636363636E+000 -0.2196728619E-005
  0.6060606061E-001  0.3939393939E+000 -0.2314744857E-005
  0.6060606061E-001  0.4242424242E+000 -0.2412739946E-005
  0.6060606061E-001  0.4545454545E+000 -0.2489256217E-005
  0.6060606061E-001  0.4848484848E+000 -0.2542674476E-005
  0.6060606061E-001  0.5151515152E+000 -0.2571218945E-005
  0.6060606061E-001  0.5454545455E+000 -0.2573658064E-005
  0.6060606061E-001  0.5757575758E+000 -0.2549349333E-005
  0.6060606061E-001  0.6060606061E+000 -0.2498611287E-005
  0.6060606061E-001  0.6363636364E+000 -0.2421762025E-005
  0.6060606061E-001  0.6666666667E+000 -0.2319936431E-005
  0.6060606061E-001  0.6969696970E+000 -0.2194357369E-005
  0.6060606061E-001  0.7272727273E+000 -0.2046115438E-005
  0.6060606061E-001  0.7575757576E+000 -0.1876859744E-005
  0.6060606061E-001  0.7878787879E+000 -0.1688071642E-005
  0.6060606061E-001  0.8181818182E+000 -0.1481714662E-005
  0.6060606061E-001  0.8484848485E+000 -0.1259801233E-005
  0.6060606061E-001  0.8787878788E+000 -0.1024467132E-005
  0.6060606061E-001  0.9090909091E+000 -0.7782212234E-006
  0.6060606061E-001  0.9393939394E+000 -0.5236582993E-006
  0.6060606061E-001  0.9696969697E+000 -0.2632943278E-006
  0.6060606061E-001  0.1000000000E+001  0.0000000000E+000

  0.9090909091E-001  0.3030303030E-001  0.0000000000E+000
  0.9090909091E-001  0.6060606061E-001 -0.4798552959E-006
  0.9090909091E-001  0.9090909091E-001 -0.9535639909E-006
  0.9090909091E-001  0.1212121212E+000 -0.1416184363E-005
  0.9090909091E-001  0.1515151515E+000 -0.1864010600E-005
  0.9090909091E-001  0.1818181818E+000 -0.2294538786E-005
  0.9090909091E-001  0.2121212121E+000 -0.2706249392E-005
  0.9090909091E-001  0.2424242424E+000 -0.3097004704E-005
  0.9090909091E-001  0.2727272727E+000 -0.3463445991E-005
  0.9090909091E-001  0.3030303030E+000 -0.3801613801E-005
  0.9090909091E-001  0.3333333333E+000 -0.4108029044E-005
  0.9090909091E-001  0.3636363636E+000 -0.4379948355E-005
  0.9090909091E-001  0.3939393939E+000 -0.4614965580E-005
  0.9090909091E-001  0.4242424242E+000 -0.4810036999E-005
  0.9090909091E-001  0.4545454545E+000 -0.4962247997E-005
  0.9090909091E-001  0.4848484848E+000 -0.5068364512E-005
  0.9090909091E-001  0.5151515152E+000 -0.5125125506E-005
  0.9090909091E-001  0.5454545455E+000 -0.5130095918E-005
  0.9090909091E-001  0.5757575758E+000 -0.5081924362E-005
  0.9090909091E-001  0.6060606061E+000 -0.4980825235E-005
  0.9090909091E-001  0.6363636364E+000 -0.4827591884E-005
  0.9090909091E-001  0.6666666667E+000 -0.4624462555E-005
  0.9090909091E-001  0.6969696970E+000 -0.4373696726E-005
  0.9090909091E-001  0.7272727273E+000 -0.4077818789E-005
  0.9090909091E-001  0.7575757576E+000 -0.3740034174E-005
  0.9090909091E-001  0.7878787879E+000 -0.3363495057E-005
  0.9090909091E-001  0.8181818182E+000 -0.2952145400E-005
  0.9090909091E-001  0.8484848485E+000 -0.2509944005E-005
  0.9090909091E-001  0.8787878788E+000 -0.2041125606E-005
  0.9090909091E-001  0.9090909091E+000 -0.1550624851E-005
  0.9090909091E-001  0.9393939394E+000 -0.1043577882E-005
  0.9090909091E-001  0.9696969697E+000 -0.5248088903E-006
  0.9090909091E-001  0.1000000000E+001  0.0000000000E+000

  0.1212121212E+000  0.3030303030E-001  0.0000000000E+000
  0.1212121212E+000  0.6060606061E-001 -0.7146016106E-006
  0.1212121212E+000  0.9090909091E-001 -0.1420940182E-005
  0.1212121212E+000  0.1212121212E+000 -0.2111747648E-005
  0.1212121212E+000  0.1515151515E+000 -0.2781335995E-005
  0.1212121212E+000  0.1818181818E+000 -0.3425620316E-005
  0.1212121212E+000  0.2121212121E+000 -0.4041417265E-005
  0.1212121212E+000  0.2424242424E+000 -0.4624900991E-005
  0.1212121212E+000  0.2727272727E+000 -0.5171428655E-005
  0.1212121212E+000  0.3030303030E+000 -0.5675536352E-005
  0.1212121212E+000  0.3333333333E+000 -0.6132264150E-005
  0.1212121212E+000  0.3636363636E+000 -0.6537523235E-005
  0.1212121212E+000  0.3939393939E+000 -0.6887475022E-005
  0.1212121212E+000  0.4242424242E+000 -0.7177762658E-005
  0.1212121212E+000  0.4545454545E+000 -0.7403947979E-005
  0.1212121212E+000  0.4848484848E+000 -0.7561436162E-005
  0.1212121212E+000  0.5151515152E+000 -0.7645665920E-005
  0.1212121212E+000  0.5454545455E+000 -0.7653069607E-005
  0.1212121212E+000  0.5757575758E+000 -0.7581496213E-005
  0.1212121212E+000  0.6060606061E+000 -0.7430605287E-005
  0.1212121212E+000  0.6363636364E+000 -0.7201831018E-005
  0.1212121212E+000  0.6666666667E+000 -0.6898340264E-005
  0.1212121212E+000  0.6969696970E+000 -0.6523565275E-005
  0.1212121212E+000  0.7272727273E+000 -0.6081502679E-005
  0.1212121212E+000  0.7575757576E+000 -0.5576968030E-005
  0.1212121212E+000  0.7878787879E+000 -0.5014964277E-005
  0.1212121212E+000  0.8181818182E+000 -0.4401199390E-005
  0.1212121212E+000  0.8484848485E+000 -0.3741579657E-005
  0.1212121212E+000  0.8787878788E+000 -0.3042524434E-005
  0.1212121212E+000  0.9090909091E+000 -0.2311360138E-005
  0.1212121212E+000  0.9393939394E+000 -0.1555479590E-005
  0.1212121212E+000  0.9696969697E+000 -0.7822354075E-006
  0.1212121212E+000  0.1000000000E+001  0.0000000000E+000

  0.1515151515E+000  0.3030303030E-001  0.0000000000E+000
  0.1515151515E+000  0.6060606061E-001 -0.9442732427E-006
  0.1515151515E+000  0.9090909091E-001 -0.1878624662E-005
  0.1515151515E+000  0.1212121212E+000 -0.2793785737E-005
  0.1515151515E+000  0.1515151515E+000 -0.3682117385E-005
  0.1515151515E+000  0.1818181818E+000 -0.4537651014E-005
  0.1515151515E+000  0.2121212121E+000 -0.5354926837E-005
  0.1515151515E+000  0.2424242424E+000 -0.6128287490E-005
  0.1515151515E+000  0.2727272727E+000 -0.6851822432E-005
  0.1515151515E+000  0.3030303030E+000 -0.7518690896E-005
  0.1515151515E+000  0.3333333333E+000 -0.8122678872E-005
  0.1515151515E+000  0.3636363636E+000 -0.8658434266E-005
  0.1515151515E+000  0.3939393939E+000 -0.9120544578E-005
  0.1515151515E+000  0.4242424242E+000 -0.9503427030E-005
  0.1515151515E+000  0.4545454545E+000 -0.9801305696E-005
  0.1515151515E+000  0.4848484848E+000 -0.1000826027E-004
  0.1515151515E+000  0.5151515152E+000 -0.1011849075E-004
  0.1515151515E+000  0.5454545455E+000 -0.1012746760E-004
  0.1515151515E+000  0.5757575758E+000 -0.1003232021E-004
  0.1515151515E+000  0.6060606061E+000 -0.9832153307E-005
  0.1515151515E+000  0.6363636364E+000 -0.9528810954E-005
  0.1515151515E+000  0.6666666667E+000 -0.9126348473E-005
  0.1515151515E+000  0.6969696970E+000 -0.8629416040E-005
  0.1515151515E+000  0.7272727273E+000 -0.8043665739E-005
  0.1515151515E+000  0.7575757576E+000 -0.7375460558E-005
  0.1515151515E+000  0.7878787879E+000 -0.6631462072E-005
  0.1515151515E+000  0.8181818182E+000 -0.5819103359E-005
  0.1515151515E+000  0.8484848485E+000 -0.4946187318E-005
  0.1515151515E+000  0.8787878788E+000 -0.4021489058E-005
  0.1515151515E+000  0.9090909091E+000 -0.3054634073E-005
  0.1515151515E+000  0.9393939394E+000 -0.2055304192E-005
  0.1515151515E+000  0.9696969697E+000 -0.1033419228E-005
  0.1515151515E+000  0.1000000000E+001  0.0000000000E+000

  0.1818181818E+000  0.3030303030E-001  0.0000000000E+000
  0.1818181818E+000  0.6060606061E-001 -0.1168331991E-005
  0.1818181818E+000  0.9090909091E-001 -0.2325278141E-005
  0.1818181818E+000  0.1212121212E+000 -0.3459843945E-005
  0.1818181818E+000  0.1515151515E+000 -0.4562441429E-005
  0.1818181818E+000  0.1818181818E+000 -0.5624948357E-005
  0.1818181818E+000  0.2121212121E+000 -0.6639645201E-005
  0.1818181818E+000  0.2424242424E+000 -0.7599149760E-005
  0.1818181818E+000  0.2727272727E+000 -0.8495927103E-005
  0.1818181818E+000  0.3030303030E+000 -0.9321950237E-005
  0.1818181818E+000  0.3333333333E+000 -0.1006975086E-004
  0.1818181818E+000  0.3636363636E+000 -0.1073251981E-004
  0.1818181818E+000  0.3939393939E+000 -0.1130357960E-004
  0.1818181818E+000  0.4242424242E+000 -0.1177586281E-004
  0.1818181818E+000  0.4545454545E+000 -0.1214222477E-004
  0.1818181818E+000  0.4848484848E+000 -0.1239571745E-004
  0.1818181818E+000  0.5151515152E+000 -0.1252948701E-004
  0.1818181818E+000  0.5454545455E+000 -0.1253826864E-004
  0.1818181818E+000  0.5757575758E+000 -0.1241865885E-004
  0.1818181818E+000  0.6060606061E+000 -0.1216932110E-004
  0.1818181818E+000  0.6363636364E+000 -0.1179236377E-004
  0.1818181818E+000  0.6666666667E+000 -0.1129279577E-004
  0.1818181818E+000  0.6969696970E+000 -0.1067646901E-004
  0.1818181818E+000  0.7272727273E+000 -0.9950493488E-005
  0.1818181818E+000  0.7575757576E+000 -0.9122721124E-005
  0.1818181818E+000  0.7878787879E+000 -0.8201326390E-005
  0.1818181818E+000  0.8181818182E+000 -0.7195417627E-005
  0.1818181818E+000  0.8484848485E+000 -0.6114791275E-005
  0.1818181818E+000  0.8787878788E+000 -0.4970629874E-005
  0.1818181818E+000  0.9090909091E+000 -0.3774865394E-005
  0.1818181818E+000  0.9393939394E+000 -0.2539441448E-005
  0.1818181818E+000  0.9696969697E+000 -0.1276682157E-005
  0.1818181818E+000  0.1000000000E+001  0.0000000000E+000

  0.2121212121E+000  0.3030303030E-001  0.0000000000E+000
  0.2121212121E+000  0.6060606061E-001 -0.1385879678E-005
  0.2121212121E+000  0.9090909091E-001 -0.2759064144E-005
  0.2121212121E+000  0.1212121212E+000 -0.4106972345E-005
  0.2121212121E+000  0.1515151515E+000 -0.5418034832E-005
  0.2121212121E+000  0.1818181818E+000 -0.6681816464E-005
  0.2121212121E+000  0.2121212121E+000 -0.7888712745E-005
  0.2121212121E+000  0.2424242424E+000 -0.9029471572E-005
  0.2121212121E+000  0.2727272727E+000 -0.1009498906E-004
  0.2121212121E+000  0.3030303030E+000 -0.1107599359E-004
  0.2121212121E+000  0.3333333333E+000 -0.1196356595E-004
  0.2121212121E+000  0.3636363636E+000 -0.1274956665E-004
  0.2121212121E+000  0.3939393939E+000 -0.1342584917E-004
  0.2121212121E+000  0.4242424242E+000 -0.1398396394E-004
  0.2121212121E+000  0.4545454545E+000 -0.1441534264E-004
  0.2121212121E+000  0.4848484848E+000 -0.1471190880E-004
  0.2121212121E+000  0.5151515152E+000 -0.1486611144E-004
  0.2121212121E+000  0.5454545455E+000 -0.1487207354E-004
  0.2121212121E+000  0.5757575758E+000 -0.1472610722E-004
  0.2121212121E+000  0.6060606061E+000 -0.1442704242E-004
  0.2121212121E+000  0.6363636364E+000 -0.1397742083E-004
  0.2121212121E+000  0.6666666667E+000 -0.1338293768E-004
  0.2121212121E+000  0.6969696970E+000 -0.1265065413E-004
  0.2121212121E+000  0.7272727273E+000 -0.1178878646E-004
  0.2121212121E+000  0.7575757576E+000 -0.1080658008E-004
  0.2121212121E+000  0.7878787879E+000 -0.9713610186E-005
  0.2121212121E+000  0.8181818182E+000 -0.8520477386E-005
  0.2121212121E+000  0.8484848485E+000 -0.7239141862E-005
  0.2121212121E+000  0.8787878788E+000 -0.5883089421E-005
  0.2121212121E+000  0.9090909091E+000 -0.4466604362E-005
  0.2121212121E+000  0.9393939394E+000 -0.3004064144E-005
  0.2121212121E+000  0.9696969697E+000 -0.1510076464E-005
  0.2121212121E+000  0.1000000000E+001  0.0000000000E+000

  0.2424242424E+000  0.3030303030E-001  0.0000000000E+000
  0.2424242424E+000  0.6060606061E-001 -0.1596053207E-005
  0.2424242424E+000  0.9090909091E-001 -0.3178096054E-005
  0.2424242424E+000  0.1212121212E+000 -0.4732001870E-005
  0.2424242424E+000  0.1515151515E+000 -0.6244290202E-005
  0.2424242424E+000  0.1818181818E+000 -0.7702548524E-005
  0.2424242424E+000  0.2121212121E+000 -0.9095092577E-005
  0.2424242424E+000  0.2424242424E+000 -0.1041094676E-004
  0.2424242424E+000  0.2727272727E+000 -0.1163970968E-004
  0.2424242424E+000  0.3030303030E+000 -0.1277056013E-004
  0.2424242424E+000  0.3333333333E+000 -0.1379333397E-004
  0.2424242424E+000  0.3636363636E+000 -0.1469831592E-004
  0.2424242424E+000  0.3939393939E+000 -0.1547578296E-004
  0.2424242424E+000  0.4242424242E+000 -0.1611573466E-004
  0.2424242424E+000  0.4545454545E+000 -0.1660827856E-004
  0.2424242424E+000  0.4848484848E+000 -0.1694422110E-004
  0.2424242424E+000  0.5151515152E+000 -0.1711525010E-004
  0.2424242424E+000  0.5454545455E+000 -0.1711519786E-004
  0.2424242424E+000  0.5757575758E+000 -0.1694048301E-004
  0.2424242424E+000  0.6060606061E+000 -0.1659072981E-004
  0.2424242424E+000  0.6363636364E+000 -0.1606915448E-004
  0.2424242424E+000  0.6666666667E+000 -0.1538205159E-004
  0.2424242424E+000  0.6969696970E+000 -0.1453770372E-004
  0.2424242424E+000  0.7272727273E+000 -0.1354516858E-004
  0.2424242424E+000  0.7575757576E+000 -0.1241463072E-004
  0.2424242424E+000  0.7878787879E+000 -0.1115682281E-004
  0.2424242424E+000  0.8181818182E+000 -0.9783997581E-005
  0.2424242424E+000  0.8484848485E+000 -0.8310453037E-005
  0.2424242424E+000  0.8787878788E+000 -0.6751862394E-005
  0.2424242424E+000  0.9090909091E+000 -0.5124712839E-005
  0.2424242424E+000  0.9393939394E+000 -0.3445652952E-005
  0.2424242424E+000  0.9696969697E+000 -0.1731690561E-005
  0.2424242424E+000  0.1000000000E+001  0.0000000000E+000

  0.2727272727E+000  0.3030303030E-001  0.0000000000E+000
  0.2727272727E+000  0.6060606061E-001 -0.1797584588E-005
  0.2727272727E+000  0.9090909091E-001 -0.3579915521E-005
  0.2727272727E+000  0.1212121212E+000 -0.5331222241E-005
  0.2727272727E+000  0.1515151515E+000 -0.7036175998E-005
  0.2727272727E+000  0.1818181818E+000 -0.8680438525E-005
  0.2727272727E+000  0.2121212121E+000 -0.1025064591E-004
  0.2727272727E+000  0.2424242424E+000 -0.1173433457E-004
  0.2727272727E+000  0.2727272727E+000 -0.1311960940E-004
  0.2727272727E+000  0.3030303030E+000 -0.1439423823E-004
  0.2727272727E+000  0.3333333333E+000 -0.1554673932E-004
  0.2727272727E+000  0.3636363636E+000 -0.1656566134E-004
  0.2727272727E+000  0.3939393939E+000 -0.1743953712E-004
  0.2727272727E+000  0.4242424242E+000 -0.1815684845E-004
  0.2727272727E+000  0.4545454545E+000 -0.1870625774E-004
  0.2727272727E+000  0.4848484848E+000 -0.1907745416E-004
  0.2727272727E+000  0.5151515152E+000 -0.1926170743E-004
  0.2727272727E+000  0.5454545455E+000 -0.1925255996E-004
  0.2727272727E+000  0.5757575758E+000 -0.1904685127E-004
  0.2727272727E+000  0.6060606061E+000 -0.1864541280E-004
  0.2727272727E+000  0.6363636364E+000 -0.1805267060E-004
  0.2727272727E+000  0.6666666667E+000 -0.1727562957E-004
  0.2727272727E+000  0.6969696970E+000 -0.1632346904E-004
  0.2727272727E+000  0.7272727273E+000 -0.1520589878E-004
  0.2727272727E+000  0.7575757576E+000 -0.1393383874E-004
  0.2727272727E+000  0.7878787879E+000 -0.1251914139E-004
  0.2727272727E+000  0.8181818182E+000 -0.1097574553E-004
  0.2727272727E+000  0.8484848485E+000 -0.9320113926E-005
  0.2727272727E+000  0.8787878788E+000 -0.7570019450E-005
  0.2727272727E+000  0.9090909091E+000 -0.5744078131E-005
  0.2727272727E+000  0.9393939394E+000 -0.3860945433E-005
  0.2727272727E+000  0.9696969697E+000 -0.1939931470E-005
  0.2727272727E+000  0.1000000000E+001  0.0000000000E+000

  0.3030303030E+000  0.3030303030E-001  0.0000000000E+000
  0.3030303030E+000  0.6060606061E-001 -0.1989261756E-005
  0.3030303030E+000  0.9090909091E-001 -0.3961839602E-005
  0.3030303030E+000  0.1212121212E+000 -0.5900489934E-005
  0.3030303030E+000  0.1515151515E+000 -0.7788048200E-005
  0.3030303030E+000  0.1818181818E+000 -0.9608400399E-005
  0.3030303030E+000  0.2121212121E+000 -0.1134675196E-004
  0.3030303030E+000  0.2424242424E+000 -0.1298938203E-004
  0.3030303030E+000  0.2727272727E+000 -0.1452294140E-004
  0.3030303030E+000  0.3030303030E+000 -0.1593390797E-004
  0.3030303030E+000  0.3333333333E+000 -0.1720925088E-004
  0.3030303030E+000  0.3636363636E+000 -0.1833583137E-004
  0.3030303030E+000  0.3939393939E+000 -0.1930025931E-004
  0.3030303030E+000  0.4242424242E+000 -0.2008961500E-004
  0.3030303030E+000  0.4545454545E+000 -0.2069112996E-004
  0.3030303030E+000  0.4848484848E+000 -0.2109324491E-004
  0.3030303030E+000  0.5151515152E+000 -0.2128700852E-004
  0.3030303030E+000  0.5454545455E+000 -0.2126592384E-004
  0.3030303030E+000  0.5757575758E+000 -0.2102768028E-004
  0.3030303030E+000  0.6060606061E+000 -0.2057455618E-004
  0.3030303030E+000  0.6363636364E+000 -0.1991217675E-004
  0.3030303030E+000  0.6666666667E+000 -0.1904846822E-004
  0.3030303030E+000  0.6969696970E+000 -0.1799327243E-004
  0.3030303030E+000  0.7272727273E+000 -0.1675701032E-004
  0.3030303030E+000  0.7575757576E+000 -0.1535130834E-004
  0.3030303030E+000  0.7878787879E+000 -0.1378907144E-004
  0.3030303030E+000  0.8181818182E+000 -0.1208582215E-004
  0.3030303030E+000  0.8484848485E+000 -0.1025978939E-004
  0.3030303030E+000  0.8787878788E+000 -0.8330883995E-005
  0.3030303030E+000  0.9090909091E+000 -0.6319716851E-005
  0.3030303030E+000  0.9393939394E+000 -0.4246899707E-005
  0.3030303030E+000  0.9696969697E+000 -0.2133462128E-005
  0.3030303030E+000  0.1000000000E+001  0.0000000000E+000

  0.3333333333E+000  0.3030303030E-001  0.0000000000E+000
  0.3333333333E+000  0.6060606061E-001 -0.2169511897E-005
  0.3333333333E+000  0.9090909091E-001 -0.4320854393E-005
  0.3333333333E+000  0.1212121212E+000 -0.6435220017E-005
  0.3333333333E+000  0.1515151515E+000 -0.8493684768E-005
  0.3333333333E+000  0.1818181818E+000 -0.1047870934E-004
  0.3333333333E+000  0.2121212121E+000 -0.1237419782E-004
  0.3333333333E+000  0.2424242424E+000 -0.1416519236E-004
  0.3333333333E+000  0.2727272727E+000 -0.1583704893E-004
  0.3333333333E+000  0.3030303030E+000 -0.1737519881E-004
  0.3333333333E+000  0.3333333333E+000 -0.1876491648E-004
  0.3333333333E+000  0.3636363636E+000 -0.1999131420E-004
  0.3333333333E+000  0.3939393939E+000 -0.2103916570E-004
  0.3333333333E+000  0.4242424242E+000 -0.2189403526E-004
  0.3333333333E+000  0.4545454545E+000 -0.2254189008E-004
  0.3333333333E+000  0.4848484848E+000 -0.2297016790E-004
  0.3333333333E+000  0.5151515152E+000 -0.2316972651E-004
  0.3333333333E+000  0.5454545455E+000 -0.2313458595E-004
  0.3333333333E+000  0.5757575758E+000 -0.2286337720E-004
  0.3333333333E+000  0.6060606061E+000 -0.2235963477E-004
  0.3333333333E+000  0.6363636364E+000 -0.2163030065E-004
  0.3333333333E+000  0.6666666667E+000 -0.2068414471E-004
  0.3333333333E+000  0.6969696970E+000 -0.1953163841E-004
  0.3333333333E+000  0.7272727273E+000 -0.1818398097E-004
  0.3333333333E+000  0.7575757576E+000 -0.1665363091E-004
  0.3333333333E+000  0.7878787879E+000 -0.1495456420E-004
  0.3333333333E+000  0.8181818182E+000 -0.1310384666E-004
  0.3333333333E+000  0.8484848485E+000 -0.1112102149E-004
  0.3333333333E+000  0.8787878788E+000 -0.9027753428E-005
  0.3333333333E+000  0.9090909091E+000 -0.6846529104E-005
  0.3333333333E+000  0.9393939394E+000 -0.4600031512E-005
  0.3333333333E+000  0.9696969697E+000 -0.2310575031E-005
  0.3333333333E+000  0.1000000000E+001  0.0000000000E+000

  0.3636363636E+000  0.3030303030E-001  0.0000000000E+000
  0.3636363636E+000  0.6060606061E-001 -0.2336832537E-005
  0.3636363636E+000  0.9090909091E-001 -0.4653978062E-005
  0.3636363636E+000  0.1212121212E+000 -0.6930925871E-005
  0.3636363636E+000  0.1515151515E+000 -0.9147199110E-005
  0.3636363636E+000  0.1818181818E+000 -0.1128382365E-004
  0.3636363636E+000  0.2121212121E+000 -0.1332371388E-004
  0.3636363636E+000  0.2424242424E+000 -0.1525063931E-004
  0.3636363636E+000  0.2727272727E+000 -0.1704887653E-004
  0.3636363636E+000  0.3030303030E+000 -0.1870287682E-004
  0.3636363636E+000  0.3333333333E+000 -0.2019649263E-004
  0.3636363636E+000  0.3636363636E+000 -0.2151306223E-004
  0.3636363636E+000  0.3939393939E+000 -0.2263568694E-004
  0.3636363636E+000  0.4242424242E+000 -0.2354834646E-004
  0.3636363636E+000  0.4545454545E+000 -0.2423583721E-004
  0.3636363636E+000  0.4848484848E+000 -0.2468501368E-004
  0.3636363636E+000  0.5151515152E+000 -0.2488674725E-004
  0.3636363636E+000  0.5454545455E+000 -0.2483588206E-004
  0.3636363636E+000  0.5757575758E+000 -0.2453207209E-004
  0.3636363636E+000  0.6060606061E+000 -0.2397984657E-004
  0.3636363636E+000  0.6363636364E+000 -0.2318728959E-004
  0.3636363636E+000  0.6666666667E+000 -0.2216409762E-004
  0.3636363636E+000  0.6969696970E+000 -0.2092132064E-004
  0.3636363636E+000  0.7272727273E+000 -0.1947090832E-004
  0.3636363636E+000  0.7575757576E+000 -0.1782630285E-004
  0.3636363636E+000  0.7878787879E+000 -0.1600268402E-004
  0.3636363636E+000  0.8181818182E+000 -0.1401835503E-004
  0.3636363636E+000  0.8484848485E+000 -0.1189419038E-004
  0.3636363636E+000  0.8787878788E+000 -0.9653115305E-005
  0.3636363636E+000  0.9090909091E+000 -0.7319041237E-005
  0.3636363636E+000  0.9393939394E+000 -0.4916535854E-005
  0.3636363636E+000  0.9696969697E+000 -0.2469275471E-005
  0.3636363636E+000  0.1000000000E+001  0.0000000000E+000

  0.3939393939E+000  0.3030303030E-001  0.0000000000E+000
  0.3939393939E+000  0.6060606061E-001 -0.2489451709E-005
  0.3939393939E+000  0.9090909091E-001 -0.4957619209E-005
  0.3939393939E+000  0.1212121212E+000 -0.7382414758E-005
  0.3939393939E+000  0.1515151515E+000 -0.9741753104E-005
  0.3939393939E+000  0.1818181818E+000 -0.1201553149E-004
  0.3939393939E+000  0.2121212121E+000 -0.1418549879E-004
  0.3939393939E+000  0.2424242424E+000 -0.1623432194E-004
  0.3939393939E+000  0.2727272727E+000 -0.1814523362E-004
  0.3939393939E+000  0.3030303030E+000 -0.1990172748E-004
  0.3939393939E+000  0.3333333333E+000 -0.2148651976E-004
  0.3939393939E+000  0.3636363636E+000 -0.2288150322E-004
  0.3939393939E+000  0.3939393939E+000 -0.2406853450E-004
  0.3939393939E+000  0.4242424242E+000 -0.2502989426E-004
  0.3939393939E+000  0.4545454545E+000 -0.2574954107E-004
  0.3939393939E+000  0.4848484848E+000 -0.2621410555E-004
  0.3939393939E+000  0.5151515152E+000 -0.2641449419E-004
  0.3939393939E+000  0.5454545455E+000 -0.2634657923E-004
  0.3939393939E+000  0.5757575758E+000 -0.2601109201E-004
  0.3939393939E+000  0.6060606061E+000 -0.2541330896E-004
  0.3939393939E+000  0.6363636364E+000 -0.2456218369E-004
  0.3939393939E+000  0.6666666667E+000 -0.2346831660E-004
  0.3939393939E+000  0.6969696970E+000 -0.2214364500E-004
  0.3939393939E+000  0.7272727273E+000 -0.2060083676E-004
  0.3939393939E+000  0.7575757576E+000 -0.1885415634E-004
  0.3939393939E+000  0.7878787879E+000 -0.1692000026E-004
  0.3939393939E+000  0.8181818182E+000 -0.1481775376E-004
  0.3939393939E+000  0.8484848485E+000 -0.1256951409E-004
  0.3939393939E+000  0.8787878788E+000 -0.1019907201E-004
  0.3939393939E+000  0.9090909091E+000 -0.7731356047E-005
  0.3939393939E+000  0.9393939394E+000 -0.5192441798E-005
  0.3939393939E+000  0.9696969697E+000 -0.2607468352E-005
  0.3939393939E+000  0.1000000000E+001  0.0000000000E+000

  0.4242424242E+000  0.3030303030E-001  0.0000000000E+000
  0.4242424242E+000  0.6060606061E-001 -0.2625476130E-005
  0.4242424242E+000  0.9090909091E-001 -0.5227804135E-005
  0.4242424242E+000  0.1212121212E+000 -0.7783472509E-005
  0.4242424242E+000  0.1515151515E+000 -0.1026914272E-004
  0.4242424242E+000  0.1818181818E+000 -0.1266367971E-004
  0.4242424242E+000  0.2121212121E+000 -0.1494770221E-004
  0.4242424242E+000  0.2424242424E+000 -0.1710280172E-004
  0.4242424242E+000  0.2727272727E+000 -0.1911115086E-004
  0.4242424242E+000  0.3030303030E+000 -0.2095515745E-004
  0.4242424242E+000  0.3333333333E+000 -0.2261669929E-004
  0.4242424242E+000  0.3636363636E+000 -0.2407684553E-004
  0.4242424242E+000  0.3939393939E+000 -0.2531638639E-004
  0.4242424242E+000  0.4242424242E+000 -0.2631635081E-004
  0.4242424242E+000  0.4545454545E+000 -0.2705996493E-004
  0.4242424242E+000  0.4848484848E+000 -0.2753394268E-004
  0.4242424242E+000  0.5151515152E+000 -0.2772957698E-004
  0.4242424242E+000  0.5454545455E+000 -0.2764356524E-004
  0.4242424242E+000  0.5757575758E+000 -0.2727768866E-004
  0.4242424242E+000  0.6060606061E+000 -0.2663782274E-004
  0.4242424242E+000  0.6363636364E+000 -0.2573375281E-004
  0.4242424242E+000  0.6666666667E+000 -0.2457694882E-004
  0.4242424242E+000  0.6969696970E+000 -0.2318018485E-004
  0.4242424242E+000  0.7272727273E+000 -0.2155692705E-004
  0.4242424242E+000  0.7575757576E+000 -0.1972214649E-004
  0.4242424242E+000  0.7878787879E+000 -0.1769323006E-004
  0.4242424242E+000  0.8181818182E+000 -0.1549053495E-004
  0.4242424242E+000  0.8484848485E+000 -0.1313725407E-004
  0.4242424242E+000  0.8787878788E+000 -0.1065779325E-004
  0.4242424242E+000  0.9090909091E+000 -0.8077746918E-005
  0.4242424242E+000  0.9393939394E+000 -0.5424209378E-005
  0.4242424242E+000  0.9696969697E+000 -0.2723555929E-005
  0.4242424242E+000  0.1000000000E+001  0.0000000000E+000

  0.4545454545E+000  0.3030303030E-001  0.0000000000E+000
  0.4545454545E+000  0.6060606061E-001 -0.2742357932E-005
  0.4545454545E+000  0.9090909091E-001 -0.5459446410E-005
  0.4545454545E+000  0.1212121212E+000 -0.8126430480E-005
  0.4545454545E+000  0.1515151515E+000 -0.1071928492E-004
  0.4545454545E+000  0.1818181818E+000 -0.1321614709E-004
  0.4545454545E+000  0.2121212121E+000 -0.1559655691E-004
  0.4545454545E+000  0.2424242424E+000 -0.1784095787E-004
  0.4545454545E+000  0.2727272727E+000 -0.1993021042E-004
  0.4545454545E+000  0.3030303030E+000 -0.2184571285E-004
  0.4545454545E+000  0.3333333333E+000 -0.2356858871E-004
  0.4545454545E+000  0.3636363636E+000 -0.2507940325E-004
  0.4545454545E+000  0.3939393939E+000 -0.2635834114E-004
  0.4545454545E+000  0.4242424242E+000 -0.2738584411E-004
  0.4545454545E+000  0.4545454545E+000 -0.2814481627E-004
  0.4545454545E+000  0.4848484848E+000 -0.2862231595E-004
  0.4545454545E+000  0.5151515152E+000 -0.2881008919E-004
  0.4545454545E+000  0.5454545455E+000 -0.2870544620E-004
  0.4545454545E+000  0.5757575758E+000 -0.2831083410E-004
  0.4545454545E+000  0.6060606061E+000 -0.2763291387E-004
  0.4545454545E+000  0.6363636364E+000 -0.2668225192E-004
  0.4545454545E+000  0.6666666667E+000 -0.2547131177E-004
  0.4545454545E+000  0.6969696970E+000 -0.2401374644E-004
  0.4545454545E+000  0.7272727273E+000 -0.2232355575E-004
  0.4545454545E+000  0.7575757576E+000 -0.2041632344E-004
  0.4545454545E+000  0.7878787879E+000 -0.1831028472E-004
  0.4545454545E+000  0.8181818182E+000 -0.1602643822E-004
  0.4545454545E+000  0.8484848485E+000 -0.1358878900E-004
  0.4545454545E+000  0.8787878788E+000 -0.1102231219E-004
  0.4545454545E+000  0.9090909091E+000 -0.8353090106E-005
  0.4545454545E+000  0.9393939394E+000 -0.5608547763E-005
  0.4545454545E+000  0.9696969697E+000 -0.2815916808E-005
  0.4545454545E+000  0.1000000000E+001  0.0000000000E+000

  0.4848484848E+000  0.3030303030E-001  0.0000000000E+000
  0.4848484848E+000  0.6060606061E-001 -0.2836968265E-005
  0.4848484848E+000  0.9090909091E-001 -0.5646759947E-005
  0.4848484848E+000  0.1212121212E+000 -0.8403274578E-005
  0.4848484848E+000  0.1515151515E+000 -0.1108209266E-004
  0.4848484848E+000  0.1818181818E+000 -0.1366077640E-004
  0.4848484848E+000  0.2121212121E+000 -0.1611791040E-004
  0.4848484848E+000  0.2424242424E+000 -0.1843280063E-004
  0.4848484848E+000  0.2727272727E+000 -0.2058504443E-004
  0.4848484848E+000  0.3030303030E+000 -0.2255497242E-004
  0.4848484848E+000  0.3333333333E+000 -0.2432290591E-004
  0.4848484848E+000  0.3636363636E+000 -0.2586918244E-004
  0.4848484848E+000  0.3939393939E+000 -0.2717392799E-004
  0.4848484848E+000  0.4242424242E+000 -0.2821782243E-004
  0.4848484848E+000  0.4545454545E+000 -0.2898384175E-004
  0.4848484848E+000  0.4848484848E+000 -0.2945940530E-004
  0.4848484848E+000  0.5151515152E+000 -0.2963666477E-004
  0.4848484848E+000  0.5454545455E+000 -0.2951320690E-004
  0.4848484848E+000  0.5757575758E+000 -0.2909213420E-004
  0.4848484848E+000  0.6060606061E+000 -0.2838095468E-004
  0.4848484848E+000  0.6363636364E+000 -0.2739107456E-004
  0.4848484848E+000  0.6666666667E+000 -0.2613594738E-004
  0.4848484848E+000  0.6969696970E+000 -0.2462987196E-004
  0.4848484848E+000  0.7272727273E+000 -0.2288753601E-004
  0.4848484848E+000  0.7575757576E+000 -0.2092492171E-004
  0.4848484848E+000  0.7878787879E+000 -0.1876070596E-004
  0.4848484848E+000  0.8181818182E+000 -0.1641641042E-004
  0.4848484848E+000  0.8484848485E+000 -0.1391649796E-004
  0.4848484848E+000  0.8787878788E+000 -0.1128652049E-004
  0.4848484848E+000  0.9090909091E+000 -0.8552717640E-005
  0.4848484848E+000  0.9393939394E+000 -0.5742448584E-005
  0.4848484848E+000  0.9696969697E+000 -0.2883129708E-005
  0.4848484848E+000  0.1000000000E+001  0.0000000000E+000

  0.5151515152E+000  0.3030303030E-001  0.0000000000E+000
  0.5151515152E+000  0.6060606061E-001 -0.2906247213E-005
  0.5151515152E+000  0.9090909091E-001 -0.5783965751E-005
  0.5151515152E+000  0.1212121212E+000 -0.8606097168E-005
  0.5151515152E+000  0.1515151515E+000 -0.1134762544E-004
  0.5151515152E+000  0.1818181818E+000 -0.1398549846E-004
  0.5151515152E+000  0.2121212121E+000 -0.1649749918E-004
  0.5151515152E+000  0.2424242424E+000 -0.1886209518E-004
  0.5151515152E+000  0.2727272727E+000 -0.2105769802E-004
  0.5151515152E+000  0.3030303030E+000 -0.2306363580E-004
  0.5151515152E+000  0.3333333333E+000 -0.2485972190E-004
  0.5151515152E+000  0.3636363636E+000 -0.2642623823E-004
  0.5151515152E+000  0.3939393939E+000 -0.2774362537E-004
  0.5151515152E+000  0.4242424242E+000 -0.2879319281E-004
  0.5151515152E+000  0.4545454545E+000 -0.2955839320E-004
  0.5151515152E+000  0.4848484848E+000 -0.3002691028E-004
  0.5151515152E+000  0.5151515152E+000 -0.3019139894E-004
  0.5151515152E+000  0.5454545455E+000 -0.3004968123E-004
  0.5151515152E+000  0.5757575758E+000 -0.2960534955E-004
  0.5151515152E+000  0.6060606061E+000 -0.2886664432E-004
  0.5151515152E+000  0.6363636364E+000 -0.2784595509E-004
  0.5151515152E+000  0.6666666667E+000 -0.2655764645E-004
  0.5151515152E+000  0.6969696970E+000 -0.2501652945E-004
  0.5151515152E+000  0.7272727273E+000 -0.2323787358E-004
  0.5151515152E+000  0.7575757576E+000 -0.2123810708E-004
  0.5151515152E+000  0.7878787879E+000 -0.1903602701E-004
  0.5151515152E+000  0.8181818182E+000 -0.1665335691E-004
  0.5151515152E+000  0.8484848485E+000 -0.1411487356E-004
  0.5151515152E+000  0.8787878788E+000 -0.1144623094E-004
  0.5151515152E+000  0.9090909091E+000 -0.8673508616E-005
  0.5151515152E+000  0.9393939394E+000 -0.5823714385E-005
  0.5151515152E+000  0.9696969697E+000 -0.2924046595E-005
  0.5151515152E+000  0.1000000000E+001  0.0000000000E+000

  0.5454545455E+000  0.3030303030E-001  0.0000000000E+000
  0.5454545455E+000  0.6060606061E-001 -0.2947536789E-005
  0.5454545455E+000  0.9090909091E-001 -0.5865932124E-005
  0.5454545455E+000  0.1212121212E+000 -0.8727302219E-005
  0.5454545455E+000  0.1515151515E+000 -0.1150600983E-004
  0.5454545455E+000  0.1818181818E+000 -0.1417817015E-004
  0.5454545455E+000  0.2121212121E+000 -0.1672115221E-004
  0.5454545455E+000  0.2424242424E+000 -0.1911261702E-004
  0.5454545455E+000  0.2727272727E+000 -0.2133025947E-004
  0.5454545455E+000  0.3030303030E+000 -0.2335276415E-004
  0.5454545455E+000  0.3333333333E+000 -0.2515965215E-004
  0.5454545455E+000  0.3636363636E+000 -0.2673131377E-004
  0.5454545455E+000  0.3939393939E+000 -0.2804880548E-004
  0.5454545455E+000  0.4242424242E+000 -0.2909391808E-004
  0.5454545455E+000  0.4545454545E+000 -0.2985080682E-004
  0.5454545455E+000  0.4848484848E+000 -0.3030770139E-004
  0.5454545455E+000  0.5151515152E+000 -0.3045758143E-004
  0.5454545455E+000  0.5454545455E+000 -0.3029873898E-004
  0.5454545455E+000  0.5757575758E+000 -0.2983516154E-004
  0.5454545455E+000  0.6060606061E+000 -0.2907588394E-004
  0.5454545455E+000  0.6363636364E+000 -0.2803420814E-004
  0.5454545455E+000  0.6666666667E+000 -0.2672499271E-004
  0.5454545455E+000  0.6969696970E+000 -0.2516361730E-004
  0.5454545455E+000  0.7272727273E+000 -0.2336591443E-004
  0.5454545455E+000  0.7575757576E+000 -0.2134878244E-004
  0.5454545455E+000  0.7878787879E+000 -0.1913070195E-004
  0.5454545455E+000  0.8181818182E+000 -0.1673305952E-004
  0.5454545455E+000  0.8484848485E+000 -0.1418056097E-004
  0.5454545455E+000  0.8787878788E+000 -0.1149863556E-004
  0.5454545455E+000  0.9090909091E+000 -0.8713141163E-005
  0.5454545455E+000  0.9393939394E+000 -0.5850677263E-005
  0.5454545455E+000  0.9696969697E+000 -0.2937807208E-005
  0.5454545455E+000  0.1000000000E+001  0.0000000000E+000

  0.5757575758E+000  0.3030303030E-001  0.0000000000E+000
  0.5757575758E+000  0.6060606061E-001 -0.2958824092E-005
  0.5757575758E+000  0.9090909091E-001 -0.5888423555E-005
  0.5757575758E+000  0.1212121212E+000 -0.8760341486E-005
  0.5757575758E+000  0.1515151515E+000 -0.1154839242E-004
  0.5757575758E+000  0.1818181818E+000 -0.1422802860E-004
  0.5757575758E+000  0.2121212121E+000 -0.1677613953E-004
  0.5757575758E+000  0.2424242424E+000 -0.1917005397E-004
  0.5757575758E+000  0.2727272727E+000 -0.2138703323E-004
  0.5757575758E+000  0.3030303030E+000 -0.2340559243E-004
  0.5757575758E+000  0.3333333333E+000 -0.2520545992E-004
  0.5757575758E+000  0.3636363636E+000 -0.2676734105E-004
  0.5757575758E+000  0.3939393939E+000 -0.2807285855E-004
  0.5757575758E+000  0.4242424242E+000 -0.2910407435E-004
  0.5757575758E+000  0.4545454545E+000 -0.2984582112E-004
  0.5757575758E+000  0.4848484848E+000 -0.3028698585E-004
  0.5757575758E+000  0.5151515152E+000 -0.3042110474E-004
  0.5757575758E+000  0.5454545455E+000 -0.3024696481E-004
  0.5757575758E+000  0.5757575758E+000 -0.2976914434E-004
  0.5757575758E+000  0.6060606061E+000 -0.2899742188E-004
  0.5757575758E+000  0.6363636364E+000 -0.2794567862E-004
  0.5757575758E+000  0.6666666667E+000 -0.2662913229E-004
  0.5757575758E+000  0.6969696970E+000 -0.2506362609E-004
  0.5757575758E+000  0.7272727273E+000 -0.2326555703E-004
  0.5757575758E+000  0.7575757576E+000 -0.2125191353E-004
  0.5757575758E+000  0.7878787879E+000 -0.1904060016E-004
  0.5757575758E+000  0.8181818182E+000 -0.1665226059E-004
  0.5757575758E+000  0.8484848485E+000 -0.1411095536E-004
  0.5757575758E+000  0.8787878788E+000 -0.1144164612E-004
  0.5757575758E+000  0.9090909091E+000 -0.8669915182E-005
  0.5757575758E+000  0.9393939394E+000 -0.5822010891E-005
  0.5757575758E+000  0.9696969697E+000 -0.2923594326E-005
  0.5757575758E+000  0.1000000000E+001  0.0000000000E+000

  0.6060606061E+000  0.3030303030E-001  0.0000000000E+000
  0.6060606061E+000  0.6060606061E-001 -0.2938941558E-005
  0.6060606061E+000  0.9090909091E-001 -0.5848667269E-005
  0.6060606061E+000  0.1212121212E+000 -0.8700661359E-005
  0.6060606061E+000  0.1515151515E+000 -0.1146843744E-004
  0.6060606061E+000  0.1818181818E+000 -0.1412692252E-004
  0.6060606061E+000  0.2121212121E+000 -0.1665272073E-004
  0.6060606061E+000  0.2424242424E+000 -0.1902326950E-004
  0.6060606061E+000  0.2727272727E+000 -0.2121594963E-004
  0.6060606061E+000  0.3030303030E+000 -0.2320946387E-004
  0.6060606061E+000  0.3333333333E+000 -0.2498417581E-004
  0.6060606061E+000  0.3636363636E+000 -0.2652122451E-004
  0.6060606061E+000  0.3939393939E+000 -0.2780268284E-004
  0.6060606061E+000  0.4242424242E+000 -0.2881091873E-004
  0.6060606061E+000  0.4545454545E+000 -0.2953121622E-004
  0.6060606061E+000  0.4848484848E+000 -0.2995301951E-004
  0.6060606061E+000  0.5151515152E+000 -0.3007080508E-004
  0.6060606061E+000  0.5454545455E+000 -0.2988415915E-004
  0.6060606061E+000  0.5757575758E+000 -0.2939822672E-004
  0.6060606061E+000  0.6060606061E+000 -0.2862329805E-004
  0.6060606061E+000  0.6363636364E+000 -0.2757341240E-004
  0.6060606061E+000  0.6666666667E+000 -0.2626415678E-004
  0.6060606061E+000  0.6969696970E+000 -0.2471192461E-004
  0.6060606061E+000  0.7272727273E+000 -0.2293314151E-004
  0.6060606061E+000  0.7575757576E+000 -0.2094448838E-004
  0.6060606061E+000  0.7878787879E+000 -0.1876306010E-004
  0.6060606061E+000  0.8181818182E+000 -0.1640860277E-004
  0.6060606061E+000  0.8484848485E+000 -0.1390410279E-004
  0.6060606061E+000  0.8787878788E+000 -0.1127391013E-004
  0.6060606061E+000  0.9090909091E+000 -0.8543145677E-005
  0.6060606061E+000  0.9393939394E+000 -0.5737298309E-005
  0.6060606061E+000  0.9696969697E+000 -0.2881198060E-005
  0.6060606061E+000  0.1000000000E+001  0.0000000000E+000

  0.6363636364E+000  0.3030303030E-001  0.0000000000E+000
  0.6363636364E+000  0.6060606061E-001 -0.2886947569E-005
  0.6363636364E+000  0.9090909091E-001 -0.5744871295E-005
  0.6363636364E+000  0.1212121212E+000 -0.8545343099E-005
  0.6363636364E+000  0.1515151515E+000 -0.1126188426E-004
  0.6363636364E+000  0.1818181818E+000 -0.1386928496E-004
  0.6363636364E+000  0.2121212121E+000 -0.1634436102E-004
  0.6363636364E+000  0.2424242424E+000 -0.1866494993E-004
  0.6363636364E+000  0.2727272727E+000 -0.2080899200E-004
  0.6363636364E+000  0.3030303030E+000 -0.2275592323E-004
  0.6363636364E+000  0.3333333333E+000 -0.2448678403E-004
  0.6363636364E+000  0.3636363636E+000 -0.2598343107E-004
  0.6363636364E+000  0.3939393939E+000 -0.2722836348E-004
  0.6363636364E+000  0.4242424242E+000 -0.2820446480E-004
  0.6363636364E+000  0.4545454545E+000 -0.2889739281E-004
  0.6363636364E+000  0.4848484848E+000 -0.2929704952E-004
  0.6363636364E+000  0.5151515152E+000 -0.2939880474E-004
  0.6363636364E+000  0.5454545455E+000 -0.2920338155E-004
  0.6363636364E+000  0.5757575758E+000 -0.2871653222E-004
  0.6363636364E+000  0.6060606061E+000 -0.2794855202E-004
  0.6363636364E+000  0.6363636364E+000 -0.2691332793E-004
  0.6363636364E+000  0.6666666667E+000 -0.2562697969E-004
  0.6363636364E+000  0.6969696970E+000 -0.2410603627E-004
  0.6363636364E+000  0.7272727273E+000 -0.2236656499E-004
  0.6363636364E+000  0.7575757576E+000 -0.2042455723E-004
  0.6363636364E+000  0.7878787879E+000 -0.1829634670E-004
  0.6363636364E+000  0.8181818182E+000 -0.1600059807E-004
  0.6363636364E+000  0.8484848485E+000 -0.1355897505E-004
  0.6363636364E+000  0.8787878788E+000 -0.1099491081E-004
  0.6363636364E+000  0.9090909091E+000 -0.8332572843E-005
  0.6363636364E+000  0.9393939394E+000 -0.5596454598E-005
  0.6363636364E+000  0.9696969697E+000 -0.2810728563E-005
  0.6363636364E+000  0.1000000000E+001  0.0000000000E+000

  0.6666666667E+000  0.3030303030E-001  0.0000000000E+000
  0.6666666667E+000  0.6060606061E-001 -0.2802034625E-005
  0.6666666667E+000  0.9090909091E-001 -0.5575272903E-005
  0.6666666667E+000  0.1212121212E+000 -0.8291874389E-005
  0.6666666667E+000  0.1515151515E+000 -0.1092567661E-004
  0.6666666667E+000  0.1818181818E+000 -0.1345168780E-004
  0.6666666667E+000  0.2121212121E+000 -0.1584718103E-004
  0.6666666667E+000  0.2424242424E+000 -0.1809086099E-004
  0.6666666667E+000  0.2727272727E+000 -0.2016175009E-004
  0.6666666667E+000  0.3030303030E+000 -0.2204013032E-004
  0.6666666667E+000  0.3333333333E+000 -0.2370816690E-004
  0.6666666667E+000  0.3636363636E+000 -0.2514848404E-004
  0.6666666667E+000  0.3939393939E+000 -0.2634412373E-004
  0.6666666667E+000  0.4242424242E+000 -0.2727872108E-004
  0.6666666667E+000  0.4545454545E+000 -0.2793842929E-004
  0.6666666667E+000  0.4848484848E+000 -0.2831377159E-004
  0.6666666667E+000  0.5151515152E+000 -0.2840085920E-004
  0.6666666667E+000  0.5454545455E+000 -0.2820139409E-004
  0.6666666667E+000  0.5757575758E+000 -0.2772150013E-004
  0.6666666667E+000  0.6060606061E+000 -0.2697135685E-004
  0.6666666667E+000  0.6363636364E+000 -0.2596463935E-004
  0.6666666667E+000  0.6666666667E+000 -0.2471746616E-004
  0.6666666667E+000  0.6969696970E+000 -0.2324613471E-004
  0.6666666667E+000  0.7272727273E+000 -0.2156602227E-004
  0.6666666667E+000  0.7575757576E+000 -0.1969220726E-004
  0.6666666667E+000  0.7878787879E+000 -0.1764033486E-004
  0.6666666667E+000  0.8181818182E+000 -0.1542801730E-004
  0.6666666667E+000  0.8484848485E+000 -0.1307550819E-004
  0.6666666667E+000  0.8787878788E+000 -0.1060461998E-004
  0.6666666667E+000  0.9090909091E+000 -0.8038151212E-005
  0.6666666667E+000  0.9393939394E+000 -0.5399483743E-005
  0.6666666667E+000  0.9696969697E+000 -0.2712012115E-005
  0.6666666667E+000  0.1000000000E+001  0.0000000000E+000

  0.6969696970E+000  0.3030303030E-001  0.0000000000E+000
  0.6969696970E+000  0.6060606061E-001 -0.2683500018E-005
  0.6969696970E+000  0.9090909091E-001 -0.5338828235E-005
  0.6969696970E+000  0.1212121212E+000 -0.7938823392E-005
  0.6969696970E+000  0.1515151515E+000 -0.1045810685E-004
  0.6969696970E+000  0.1818181818E+000 -0.1287249050E-004
  0.6969696970E+000  0.2121212121E+000 -0.1515987736E-004
  0.6969696970E+000  0.2424242424E+000 -0.1730006672E-004
  0.6969696970E+000  0.2727272727E+000 -0.1927354697E-004
  0.6969696970E+000  0.3030303030E+000 -0.2106181586E-004
  0.6969696970E+000  0.3333333333E+000 -0.2264811883E-004
  0.6969696970E+000  0.3636363636E+000 -0.2401605058E-004
  0.6969696970E+000  0.3939393939E+000 -0.2514942864E-004
  0.6969696970E+000  0.4242424242E+000 -0.2603301574E-004
  0.6969696970E+000  0.4545454545E+000 -0.2665375734E-004
  0.6969696970E+000  0.4848484848E+000 -0.2700301260E-004
  0.6969696970E+000  0.5151515152E+000 -0.2707750752E-004
  0.6969696970E+000  0.5454545455E+000 -0.2687946339E-004
  0.6969696970E+000  0.5757575758E+000 -0.2641498075E-004
  0.6969696970E+000  0.6060606061E+000 -0.2569398957E-004
  0.6969696970E+000  0.6363636364E+000 -0.2472992845E-004
  0.6969696970E+000  0.6666666667E+000 -0.2353836891E-004
  0.6969696970E+000  0.6969696970E+000 -0.2213492759E-004
  0.6969696970E+000  0.7272727273E+000 -0.2053391672E-004
  0.6969696970E+000  0.7575757576E+000 -0.1874957472E-004
  0.6969696970E+000  0.7878787879E+000 -0.1679686700E-004
  0.6969696970E+000  0.8181818182E+000 -0.1469226465E-004
  0.6969696970E+000  0.8484848485E+000 -0.1245426770E-004
  0.6969696970E+000  0.8787878788E+000 -0.1010299060E-004
  0.6969696970E+000  0.9090909091E+000 -0.7659449972E-005
  0.6969696970E+000  0.9393939394E+000 -0.5145844550E-005
  0.6969696970E+000  0.9696969697E+000 -0.2584849548E-005
  0.6969696970E+000  0.1000000000E+001  0.0000000000E+000

  0.7272727273E+000  0.3030303030E-001  0.0000000000E+000
  0.7272727273E+000  0.6060606061E-001 -0.2531303303E-005
  0.7272727273E+000  0.9090909091E-001 -0.5035415753E-005
  0.7272727273E+000  0.1212121212E+000 -0.7486213588E-005
  0.7272727273E+000  0.1515151515E+000 -0.9859616324E-005
  0.7272727273E+000  0.1818181818E+000 -0.1213263174E-004
  0.7272727273E+000  0.2121212121E+000 -0.1428417654E-004
  0.7272727273E+000  0.2424242424E+000 -0.1629516522E-004
  0.7272727273E+000  0.2727272727E+000 -0.1814769106E-004
  0.7272727273E+000  0.3030303030E+000 -0.1982471247E-004
  0.7272727273E+000  0.3333333333E+000 -0.2131059128E-004
  0.7272727273E+000  0.3636363636E+000 -0.2259034213E-004
  0.7272727273E+000  0.3939393939E+000 -0.2364886614E-004
  0.7272727273E+000  0.4242424242E+000 -0.2447219438E-004
  0.7272727273E+000  0.4545454545E+000 -0.2504857349E-004
  0.7272727273E+000  0.4848484848E+000 -0.2537030820E-004
  0.7272727273E+000  0.5151515152E+000 -0.2543453115E-004
  0.7272727273E+000  0.5454545455E+000 -0.2524343661E-004
  0.7272727273E+000  0.5757575758E+000 -0.2480290298E-004
  0.7272727273E+000  0.6060606061E+000 -0.2412252005E-004
  0.7272727273E+000  0.6363636364E+000 -0.2321514687E-004
  0.7272727273E+000  0.6666666667E+000 -0.2209531335E-004
  0.7272727273E+000  0.6969696970E+000 -0.2077759433E-004
  0.7272727273E+000  0.7272727273E+000 -0.1927526030E-004
  0.7272727273E+000  0.7575757576E+000 -0.1760135243E-004
  0.7272727273E+000  0.7878787879E+000 -0.1577001267E-004
  0.7272727273E+000  0.8181818182E+000 -0.1379641318E-004
  0.7272727273E+000  0.8484848485E+000 -0.1169720312E-004
  0.7272727273E+000  0.8787878788E+000 -0.9490779108E-005
  0.7272727273E+000  0.9090909091E+000 -0.7196491891E-005
  0.7272727273E+000  0.9393939394E+000 -0.4835309683E-005
  0.7272727273E+000  0.9696969697E+000 -0.2429014771E-005
  0.7272727273E+000  0.1000000000E+001  0.0000000000E+000

  0.7575757576E+000  0.3030303030E-001  0.0000000000E+000
  0.7575757576E+000  0.6060606061E-001 -0.2346106309E-005
  0.7575757576E+000  0.9090909091E-001 -0.4666546559E-005
  0.7575757576E+000  0.1212121212E+000 -0.6936561941E-005
  0.7575757576E+000  0.1515151515E+000 -0.9133676877E-005
  0.7575757576E+000  0.1818181818E+000 -0.1123662433E-004
  0.7575757576E+000  0.2121212121E+000 -0.1322567415E-004
  0.7575757576E+000  0.2424242424E+000 -0.1508288025E-004
  0.7575757576E+000  0.2727272727E+000 -0.1679186212E-004
  0.7575757576E+000  0.3030303030E+000 -0.1833736674E-004
  0.7575757576E+000  0.3333333333E+000 -0.1970507759E-004
  0.7575757576E+000  0.3636363636E+000 -0.2088148962E-004
  0.7575757576E+000  0.3939393939E+000 -0.2185311901E-004
  0.7575757576E+000  0.4242424242E+000 -0.2260753048E-004
  0.7575757576E+000  0.4545454545E+000 -0.2313450551E-004
  0.7575757576E+000  0.4848484848E+000 -0.2342723805E-004
  0.7575757576E+000  0.5151515152E+000 -0.2348319759E-004
  0.7575757576E+000  0.5454545455E+000 -0.2330431788E-004
  0.7575757576E+000  0.5757575758E+000 -0.2289600650E-004
  0.7575757576E+000  0.6060606061E+000 -0.2226714195E-004
  0.7575757576E+000  0.6363636364E+000 -0.2142970838E-004
  0.7575757576E+000  0.6666666667E+000 -0.2039710451E-004
  0.7575757576E+000  0.6969696970E+000 -0.1918234713E-004
  0.7575757576E+000  0.7272727273E+000 -0.1779746393E-004
  0.7575757576E+000  0.7575757576E+000 -0.1625407293E-004
  0.7575757576E+000  0.7878787879E+000 -0.1456513223E-004
  0.7575757576E+000  0.8181818182E+000 -0.1274450465E-004
  0.7575757576E+000  0.8484848485E+000 -0.1080730691E-004
  0.7575757576E+000  0.8787878788E+000 -0.8770032869E-005
  0.7575757576E+000  0.9090909091E+000 -0.6650658090E-005
  0.7575757576E+000  0.9393939394E+000 -0.4468878052E-005
  0.7575757576E+000  0.9696969697E+000 -0.2244986292E-005
  0.7575757576E+000  0.1000000000E+001  0.0000000000E+000

  0.7878787879E+000  0.3030303030E-001  0.0000000000E+000
  0.7878787879E+000  0.6060606061E-001 -0.2129492606E-005
  0.7878787879E+000  0.9090909091E-001 -0.4235494879E-005
  0.7878787879E+000  0.1212121212E+000 -0.6294906334E-005
  0.7878787879E+000  0.1515151515E+000 -0.8287103479E-005
  0.7878787879E+000  0.1818181818E+000 -0.1019288544E-004
  0.7878787879E+000  0.2121212121E+000 -0.1199420420E-004
  0.7878787879E+000  0.2424242424E+000 -0.1367455490E-004
  0.7878787879E+000  0.2727272727E+000 -0.1521901339E-004
  0.7878787879E+000  0.3030303030E+000 -0.1661403750E-004
  0.7878787879E+000  0.3333333333E+000 -0.1784699306E-004
  0.7878787879E+000  0.3636363636E+000 -0.1890604898E-004
  0.7878787879E+000  0.3939393939E+000 -0.1977974848E-004
  0.7878787879E+000  0.4242424242E+000 -0.2045728025E-004
  0.7878787879E+000  0.4545454545E+000 -0.2093008165E-004
  0.7878787879E+000  0.4848484848E+000 -0.2119214746E-004
  0.7878787879E+000  0.5151515152E+000 -0.2124126915E-004
  0.7878787879E+000  0.5454545455E+000 -0.2107905251E-004
  0.7878787879E+000  0.5757575758E+000 -0.2071022592E-004
  0.7878787879E+000  0.6060606061E+000 -0.2014278493E-004
  0.7878787879E+000  0.6363636364E+000 -0.1938746057E-004
  0.7878787879E+000  0.6666666667E+000 -0.1845610144E-004
  0.7878787879E+000  0.6969696970E+000 -0.1736000609E-004
  0.7878787879E+000  0.7272727273E+000 -0.1610973864E-004
  0.7878787879E+000  0.7575757576E+000 -0.1471563011E-004
  0.7878787879E+000  0.7878787879E+000 -0.1318898193E-004
  0.7878787879E+000  0.8181818182E+000 -0.1154232604E-004
  0.7878787879E+000  0.8484848485E+000 -0.9789297027E-005
  0.7878787879E+000  0.8787878788E+000 -0.7944749191E-005
  0.7878787879E+000  0.9090909091E+000 -0.6025239204E-005
  0.7878787879E+000  0.9393939394E+000 -0.4048724546E-005
  0.7878787879E+000  0.9696969697E+000 -0.2033896768E-005
  0.7878787879E+000  0.1000000000E+001  0.0000000000E+000

  0.8181818182E+000  0.3030303030E-001  0.0000000000E+000
  0.8181818182E+000  0.6060606061E-001 -0.1884094270E-005
  0.8181818182E+000  0.9090909091E-001 -0.3747255890E-005
  0.8181818182E+000  0.1212121212E+000 -0.5568684666E-005
  0.8181818182E+000  0.1515151515E+000 -0.7329799732E-005
  0.8181818182E+000  0.1818181818E+000 -0.9013500048E-005
  0.8181818182E+000  0.2121212121E+000 -0.1060366705E-004
  0.8181818182E+000  0.2424242424E+000 -0.1208550211E-004
  0.8181818182E+000  0.2727272727E+000 -0.1344603310E-004
  0.8181818182E+000  0.3030303030E+000 -0.1467335487E-004
  0.8181818182E+000  0.3333333333E+000 -0.1575668331E-004
  0.8181818182E+000  0.3636363636E+000 -0.1668602680E-004
  0.8181818182E+000  0.3939393939E+000 -0.1745198274E-004
  0.8181818182E+000  0.4242424242E+000 -0.1804562257E-004
  0.8181818182E+000  0.4545454545E+000 -0.1845970924E-004
  0.8181818182E+000  0.4848484848E+000 -0.1868919294E-004
  0.8181818182E+000  0.5151515152E+000 -0.1873214352E-004
  0.8181818182E+000  0.5454545455E+000 -0.1858999893E-004
  0.8181818182E+000  0.5757575758E+000 -0.1826667281E-004
  0.8181818182E+000  0.6060606061E+000 -0.1776902336E-004
  0.8181818182E+000  0.6363636364E+000 -0.1710614417E-004
  0.8181818182E+000  0.6666666667E+000 -0.1628798858E-004
  0.8181818182E+000  0.6969696970E+000 -0.1532423490E-004
  0.8181818182E+000  0.7272727273E+000 -0.1422394027E-004
  0.8181818182E+000  0.7575757576E+000 -0.1299598248E-004
  0.8181818182E+000  0.7878787879E+000 -0.1165022005E-004
  0.8181818182E+000  0.8181818182E+000 -0.1019756365E-004
  0.8181818182E+000  0.8484848485E+000 -0.8650032699E-005
  0.8181818182E+000  0.8787878788E+000 -0.7020869287E-005
  0.8181818182E+000  0.9090909091E+000 -0.5325062649E-005
  0.8181818182E+000  0.9393939394E+000 -0.3578458224E-005
  0.8181818182E+000  0.9696969697E+000 -0.1797702650E-005
  0.8181818182E+000  0.1000000000E+001  0.0000000000E+000

  0.8484848485E+000  0.3030303030E-001  0.0000000000E+000
  0.8484848485E+000  0.6060606061E-001 -0.1612885826E-005
  0.8484848485E+000  0.9090909091E-001 -0.3207742943E-005
  0.8484848485E+000  0.1212121212E+000 -0.4766657442E-005
  0.8484848485E+000  0.1515151515E+000 -0.6273161614E-005
  0.8484848485E+000  0.1818181818E+000 -0.7712257211E-005
  0.8484848485E+000  0.2121212121E+000 -0.9070209422E-005
  0.8484848485E+000  0.2424242424E+000 -0.1033437169E-004
  0.8484848485E+000  0.2727272727E+000 -0.1149385699E-004
  0.8484848485E+000  0.3030303030E+000 -0.1253852898E-004
  0.8484848485E+000  0.3333333333E+000 -0.1345938470E-004
  0.8484848485E+000  0.3636363636E+000 -0.1424852597E-004
  0.8484848485E+000  0.3939393939E+000 -0.1489847320E-004
  0.8484848485E+000  0.4242424242E+000 -0.1540217675E-004
  0.8484848485E+000  0.4545454545E+000 -0.1575374088E-004
  0.8484848485E+000  0.4848484848E+000 -0.1594872668E-004
  0.8484848485E+000  0.5151515152E+000 -0.1598561659E-004
  0.8484848485E+000  0.5454545455E+000 -0.1586565467E-004
  0.8484848485E+000  0.5757575758E+000 -0.1559210744E-004
  0.8484848485E+000  0.6060606061E+000 -0.1517058942E-004
  0.8484848485E+000  0.6363636364E+000 -0.1460815895E-004
  0.8484848485E+000  0.6666666667E+000 -0.1391300893E-004
  0.8484848485E+000  0.6969696970E+000 -0.1309318809E-004
  0.8484848485E+000  0.7272727273E+000 -0.1215608102E-004
  0.8484848485E+000  0.7575757576E+000 -0.1110906078E-004
  0.8484848485E+000  0.7878787879E+000 -0.9960682709E-005
  0.8484848485E+000  0.8181818182E+000 -0.8720246298E-005
  0.8484848485E+000  0.8484848485E+000 -0.7398143379E-005
  0.8484848485E+000  0.8787878788E+000 -0.6005745402E-005
  0.8484848485E+000  0.9090909091E+000 -0.4555835048E-005
  0.8484848485E+000  0.9393939394E+000 -0.3061994744E-005
  0.8484848485E+000  0.9696969697E+000 -0.1538396379E-005
  0.8484848485E+000  0.1000000000E+001  0.0000000000E+000

  0.8787878788E+000  0.3030303030E-001  0.0000000000E+000
  0.8787878788E+000  0.6060606061E-001 -0.1319134292E-005
  0.8787878788E+000  0.9090909091E-001 -0.2623513188E-005
  0.8787878788E+000  0.1212121212E+000 -0.3898360300E-005
  0.8787878788E+000  0.1515151515E+000 -0.5129753036E-005
  0.8787878788E+000  0.1818181818E+000 -0.6304908481E-005
  0.8787878788E+000  0.2121212121E+000 -0.7412607159E-005
  0.8787878788E+000  0.2424242424E+000 -0.8442893760E-005
  0.8787878788E+000  0.2727272727E+000 -0.9387018792E-005
  0.8787878788E+000  0.3030303030E+000 -0.1023678772E-004
  0.8787878788E+000  0.3333333333E+000 -0.1098493149E-004
  0.8787878788E+000  0.3636363636E+000 -0.1162543794E-004
  0.8787878788E+000  0.3939393939E+000 -0.1215272557E-004
  0.8787878788E+000  0.4242424242E+000 -0.1256155695E-004
  0.8787878788E+000  0.4545454545E+000 -0.1284705535E-004
  0.8787878788E+000  0.4848484848E+000 -0.1300563487E-004
  0.8787878788E+000  0.5151515152E+000 -0.1303616825E-004
  0.8787878788E+000  0.5454545455E+000 -0.1293965358E-004
  0.8787878788E+000  0.5757575758E+000 -0.1271861999E-004
  0.8787878788E+000  0.6060606061E+000 -0.1237751866E-004
  0.8787878788E+000  0.6363636364E+000 -0.1192154236E-004
  0.8787878788E+000  0.6666666667E+000 -0.1135712415E-004
  0.8787878788E+000  0.6969696970E+000 -0.1069057949E-004
  0.8787878788E+000  0.7272727273E+000 -0.9927640349E-005
  0.8787878788E+000  0.7575757576E+000 -0.9074204821E-005
  0.8787878788E+000  0.7878787879E+000 -0.8137429671E-005
  0.8787878788E+000  0.8181818182E+000 -0.7125067920E-005
  0.8787878788E+000  0.8484848485E+000 -0.6045863161E-005
  0.8787878788E+000  0.8787878788E+000 -0.4909016157E-005
  0.8787878788E+000  0.9090909091E+000 -0.3724742313E-005
  0.8787878788E+000  0.9393939394E+000 -0.2503813618E-005
  0.8787878788E+000  0.9696969697E+000 -0.1258045380E-005
  0.8787878788E+000  0.1000000000E+001  0.0000000000E+000

  0.9090909091E+000  0.3030303030E-001  0.0000000000E+000
  0.9090909091E+000  0.6060606061E-001 -0.1006635993E-005
  0.9090909091E+000  0.9090909091E-001 -0.2002122037E-005
  0.9090909091E+000  0.1212121212E+000 -0.2974972454E-005
  0.9090909091E+000  0.1515151515E+000 -0.3914069070E-005
  0.9090909091E+000  0.1818181818E+000 -0.4809373337E-005
  0.9090909091E+000  0.2121212121E+000 -0.5652384814E-005
  0.9090909091E+000  0.2424242424E+000 -0.6435941871E-005
  0.9090909091E+000  0.2727272727E+000 -0.7153409190E-005
  0.9090909091E+000  0.3030303030E+000 -0.7798634187E-005
  0.9090909091E+000  0.3333333333E+000 -0.8366150373E-005
  0.9090909091E+000  0.3636363636E+000 -0.8851627367E-005
  0.9090909091E+000  0.3939393939E+000 -0.9251320296E-005
  0.9090909091E+000  0.4242424242E+000 -0.9561424217E-005
  0.9090909091E+000  0.4545454545E+000 -0.9778021306E-005
  0.9090909091E+000  0.4848484848E+000 -0.9898430346E-005
  0.9090909091E+000  0.5151515152E+000 -0.9922010165E-005
  0.9090909091E+000  0.5454545455E+000 -0.9849499276E-005
  0.9090909091E+000  0.5757575758E+000 -0.9682764654E-005
  0.9090909091E+000  0.6060606061E+000 -0.9425029690E-005
  0.9090909091E+000  0.6363636364E+000 -0.9079955778E-005
  0.9090909091E+000  0.6666666667E+000 -0.8651951624E-005
  0.9090909091E+000  0.6969696970E+000 -0.8145739399E-005
  0.9090909091E+000  0.7272727273E+000 -0.7565690491E-005
  0.9090909091E+000  0.7575757576E+000 -0.6916078739E-005
  0.9090909091E+000  0.7878787879E+000 -0.6202673366E-005
  0.9090909091E+000  0.8181818182E+000 -0.5431586156E-005
  0.9090909091E+000  0.8484848485E+000 -0.4609541648E-005
  0.9090909091E+000  0.8787878788E+000 -0.3743581960E-005
  0.9090909091E+000  0.9090909091E+000 -0.2841118978E-005
  0.9090909091E+000  0.9393939394E+000 -0.1910111510E-005
  0.9090909091E+000  0.9696969697E+000 -0.9597861547E-006
  0.9090909091E+000  0.1000000000E+001  0.0000000000E+000

  0.9393939394E+000  0.3030303030E-001  0.0000000000E+000
  0.9393939394E+000  0.6060606061E-001 -0.6796215030E-006
  0.9393939394E+000  0.9090909091E-001 -0.1351715090E-005
  0.9393939394E+000  0.1212121212E+000 -0.2008424635E-005
  0.9393939394E+000  0.1515151515E+000 -0.2641969212E-005
  0.9393939394E+000  0.1818181818E+000 -0.3245461288E-005
  0.9393939394E+000  0.2121212121E+000 -0.3813185662E-005
  0.9393939394E+000  0.2424242424E+000 -0.4340479933E-005
  0.9393939394E+000  0.2727272727E+000 -0.4823073231E-005
  0.9393939394E+000  0.3030303030E+000 -0.5256847041E-005
  0.9393939394E+000  0.3333333333E+000 -0.5638148007E-005
  0.9393939394E+000  0.3636363636E+000 -0.5964038417E-005
  0.9393939394E+000  0.3939393939E+000 -0.6232395299E-005
  0.9393939394E+000  0.4242424242E+000 -0.6440852742E-005
  0.9393939394E+000  0.4545454545E+000 -0.6586577751E-005
  0.9393939394E+000  0.4848484848E+000 -0.6667615894E-005
  0.9393939394E+000  0.5151515152E+000 -0.6683652258E-005
  0.9393939394E+000  0.5454545455E+000 -0.6635309629E-005
  0.9393939394E+000  0.5757575758E+000 -0.6523963164E-005
  0.9393939394E+000  0.6060606061E+000 -0.6351468608E-005
  0.9393939394E+000  0.6363636364E+000 -0.6120180248E-005
  0.9393939394E+000  0.6666666667E+000 -0.5832715280E-005
  0.9393939394E+000  0.6969696970E+000 -0.5492111227E-005
  0.9393939394E+000  0.7272727273E+000 -0.5101471031E-005
  0.9393939394E+000  0.7575757576E+000 -0.4663619364E-005
  0.9393939394E+000  0.7878787879E+000 -0.4182674365E-005
  0.9393939394E+000  0.8181818182E+000 -0.3662886952E-005
  0.9393939394E+000  0.8484848485E+000 -0.3108867498E-005
  0.9393939394E+000  0.8787878788E+000 -0.2525212423E-005
  0.9393939394E+000  0.9090909091E+000 -0.1916820292E-005
  0.9393939394E+000  0.9393939394E+000 -0.1288905484E-005
  0.9393939394E+000  0.9696969697E+000 -0.6477177631E-006
  0.9393939394E+000  0.1000000000E+001  0.0000000000E+000

  0.9696969697E+000  0.3030303030E-001  0.0000000000E+000
  0.9696969697E+000  0.6060606061E-001 -0.3424784716E-006
  0.9696969697E+000  0.9090909091E-001 -0.6811222441E-006
  0.9696969697E+000  0.1212121212E+000 -0.1011960492E-005
  0.9696969697E+000  0.1515151515E+000 -0.1330997563E-005
  0.9696969697E+000  0.1818181818E+000 -0.1634681622E-005
  0.9696969697E+000  0.2121212121E+000 -0.1920192022E-005
  0.9696969697E+000  0.2424242424E+000 -0.2185298809E-005
  0.9696969697E+000  0.2727272727E+000 -0.2427796336E-005
  0.9696969697E+000  0.3030303030E+000 -0.2645761228E-005
  0.9696969697E+000  0.3333333333E+000 -0.2837201564E-005
  0.9696969697E+000  0.3636363636E+000 -0.3000766918E-005
  0.9696969697E+000  0.3939393939E+000 -0.3135473615E-005
  0.9696969697E+000  0.4242424242E+000 -0.3240232892E-005
  0.9696969697E+000  0.4545454545E+000 -0.3313600821E-005
  0.9696969697E+000  0.4848484848E+000 -0.3354438962E-005
  0.9696969697E+000  0.5151515152E+000 -0.3362589972E-005
  0.9696969697E+000  0.5454545455E+000 -0.3338408594E-005
  0.9696969697E+000  0.5757575758E+000 -0.3282714228E-005
  0.9696969697E+000  0.6060606061E+000 -0.3196395506E-005
  0.9696969697E+000  0.6363636364E+000 -0.3080424234E-005
  0.9696969697E+000  0.6666666667E+000 -0.2936036625E-005
  0.9696969697E+000  0.6969696970E+000 -0.2764769899E-005
  0.9696969697E+000  0.7272727273E+000 -0.2568135261E-005
  0.9696969697E+000  0.7575757576E+000 -0.2347671474E-005
  0.9696969697E+000  0.7878787879E+000 -0.2105556699E-005
  0.9696969697E+000  0.8181818182E+000 -0.1843984612E-005
  0.9696969697E+000  0.8484848485E+000 -0.1565222148E-005
  0.9696969697E+000  0.8787878788E+000 -0.1271486485E-005
  0.9696969697E+000  0.9090909091E+000 -0.9652232163E-006
  0.9696969697E+000  0.9393939394E+000 -0.6491841353E-006
  0.9696969697E+000  0.9696969697E+000 -0.3263194535E-006
  0.9696969697E+000  0.1000000000E+001  0.0000000000E+000

  0.1000000000E+001  0.3030303030E-001  0.0000000000E+000
  0.1000000000E+001  0.6060606061E-001  0.0000000000E+000
  0.1000000000E+001  0.9090909091E-001  0.0000000000E+000
  0.1000000000E+001  0.1212121212E+000  0.0000000000E+000
  0.1000000000E+001  0.1515151515E+000  0.0000000000E+000
  0.1000000000E+001  0.1818181818E+000  0.0000000000E+000
  0.1000000000E+001  0.2121212121E+000  0.0000000000E+000
  0.1000000000E+001  0.2424242424E+000  0.0000000000E+000
  0.1000000000E+001  0.2727272727E+000  0.0000000000E+000
  0.1000000000E+001  0.3030303030E+000  0.0000000000E+000
  0.1000000000E+001  0.3333333333E+000  0.0000000000E+000
  0.1000000000E+001  0.3636363636E+000  0.0000000000E+000
  0.1000000000E+001  0.3939393939E+000  0.0000000000E+000
  0.1000000000E+001  0.4242424242E+000  0.0000000000E+000
  0.1000000000E+001  0.4545454545E+000  0.0000000000E+000
  0.1000000000E+001  0.4848484848E+000  0.0000000000E+000
  0.1000000000E+001  0.5151515152E+000  0.0000000000E+000
  0.1000000000E+001  0.5454545455E+000  0.0000000000E+000
  0.1000000000E+001  0.5757575758E+000  0.0000000000E+000
  0.1000000000E+001  0.6060606061E+000  0.0000000000E+000
  0.1000000000E+001  0.6363636364E+000  0.0000000000E+000
  0.1000000000E+001  0.6666666667E+000  0.0000000000E+000
  0.1000000000E+001  0.6969696970E+000  0.0000000000E+000
  0.1000000000E+001  0.7272727273E+000  0.0000000000E+000
  0.1000000000E+001  0.7575757576E+000  0.0000000000E+000
  0.1000000000E+001  0.7878787879E+000  0.0000000000E+000
  0.1000000000E+001  0.8181818182E+000  0.0000000000E+000
  0.1000000000E+001  0.8484848485E+000  0.0000000000E+000
  0.1000000000E+001  0.8787878788E+000  0.0000000000E+000
  0.1000000000E+001  0.9090909091E+000  0.0000000000E+000
  0.1000000000E+001  0.9393939394E+000  0.0000000000E+000
  0.1000000000E+001  0.9696969697E+000  0.0000000000E+000
  0.1000000000E+001  0.1000000000E+001  0.0000000000E+000

