  0.3030303030E-001  0.3030303030E-001  0.0000000000E+000
  0.3030303030E-001  0.6060606061E-001  0.0000000000E+000
  0.3030303030E-001  0.9090909091E-001  0.0000000000E+000
  0.3030303030E-001  0.1212121212E+000  0.0000000000E+000
  0.3030303030E-001  0.1515151515E+000  0.0000000000E+000
  0.3030303030E-001  0.1818181818E+000  0.0000000000E+000
  0.3030303030E-001  0.2121212121E+000  0.0000000000E+000
  0.3030303030E-001  0.2424242424E+000  0.0000000000E+000
  0.3030303030E-001  0.2727272727E+000  0.0000000000E+000
  0.3030303030E-001  0.3030303030E+000  0.0000000000E+000
  0.3030303030E-001  0.3333333333E+000  0.0000000000E+000
  0.3030303030E-001  0.3636363636E+000  0.0000000000E+000
  0.3030303030E-001  0.3939393939E+000  0.0000000000E+000
  0.3030303030E-001  0.4242424242E+000  0.0000000000E+000
  0.3030303030E-001  0.4545454545E+000  0.0000000000E+000
  0.3030303030E-001  0.4848484848E+000  0.0000000000E+000
  0.3030303030E-001  0.5151515152E+000  0.0000000000E+000
  0.3030303030E-001  0.5454545455E+000  0.0000000000E+000
  0.3030303030E-001  0.5757575758E+000  0.0000000000E+000
  0.3030303030E-001  0.6060606061E+000  0.0000000000E+000
  0.3030303030E-001  0.6363636364E+000  0.0000000000E+000
  0.3030303030E-001  0.6666666667E+000  0.0000000000E+000
  0.3030303030E-001  0.6969696970E+000  0.0000000000E+000
  0.3030303030E-001  0.7272727273E+000  0.0000000000E+000
  0.3030303030E-001  0.7575757576E+000  0.0000000000E+000
  0.3030303030E-001  0.7878787879E+000  0.0000000000E+000
  0.3030303030E-001  0.8181818182E+000  0.0000000000E+000
  0.3030303030E-001  0.8484848485E+000  0.0000000000E+000
  0.3030303030E-001  0.8787878788E+000  0.0000000000E+000
  0.3030303030E-001  0.9090909091E+000  0.0000000000E+000
  0.3030303030E-001  0.9393939394E+000  0.0000000000E+000
  0.3030303030E-001  0.9696969697E+000  0.0000000000E+000
  0.3030303030E-001  0.1000000000E+001  0.0000000000E+000

  0.6060606061E-001  0.3030303030E-001  0.0000000000E+000
  0.6060606061E-001  0.6060606061E-001  0.3729758718E-010
  0.6060606061E-001  0.9090909091E-001  0.7423731910E-010
  0.6060606061E-001  0.1212121212E+000  0.1104647288E-009
  0.6060606061E-001  0.1515151515E+000  0.1456321029E-009
  0.6060606061E-001  0.1818181818E+000  0.1794017741E-009
  0.6060606061E-001  0.2121212121E+000  0.2114493411E-009
  0.6060606061E-001  0.2424242424E+000  0.2414667434E-009
  0.6060606061E-001  0.2727272727E+000  0.2691652091E-009
  0.6060606061E-001  0.3030303030E+000  0.2942780170E-009
  0.6060606061E-001  0.3333333333E+000  0.3165630664E-009
  0.6060606061E-001  0.3636363636E+000  0.3358052194E-009
  0.6060606061E-001  0.3939393939E+000  0.3518184094E-009
  0.6060606061E-001  0.4242424242E+000  0.3644474610E-009
  0.6060606061E-001  0.4545454545E+000  0.3735696334E-009
  0.6060606061E-001  0.4848484848E+000  0.3790958614E-009
  0.6060606061E-001  0.5151515152E+000  0.3809716617E-009
  0.6060606061E-001  0.5454545455E+000  0.3791777199E-009
  0.6060606061E-001  0.5757575758E+000  0.3737301555E-009
  0.6060606061E-001  0.6060606061E+000  0.3646803876E-009
  0.6060606061E-001  0.6363636364E+000  0.3521146721E-009
  0.6060606061E-001  0.6666666667E+000  0.3361533078E-009
  0.6060606061E-001  0.6969696970E+000  0.3169494891E-009
  0.6060606061E-001  0.7272727273E+000  0.2946878371E-009
  0.6060606061E-001  0.7575757576E+000  0.2695826309E-009
  0.6060606061E-001  0.7878787879E+000  0.2418757256E-009
  0.6060606061E-001  0.8181818182E+000  0.2118342136E-009
  0.6060606061E-001  0.8484848485E+000  0.1797478332E-009
  0.6060606061E-001  0.8787878788E+000  0.1459261642E-009
  0.6060606061E-001  0.9090909091E+000  0.1106956170E-009
  0.6060606061E-001  0.9393939394E+000  0.7439627819E-010
  0.6060606061E-001  0.9696969697E+000  0.3737859877E-010
  0.6060606061E-001  0.1000000000E+001  0.0000000000E+000

  0.9090909091E-001  0.3030303030E-001  0.0000000000E+000
  0.9090909091E-001  0.6060606061E-001  0.7424631097E-010
  0.9090909091E-001  0.9090909091E-001  0.1477802362E-009
  0.9090909091E-001  0.1212121212E+000  0.2198961480E-009
  0.9090909091E-001  0.1515151515E+000  0.2899018467E-009
  0.9090909091E-001  0.1818181818E+000  0.3571251426E-009
  0.9090909091E-001  0.2121212121E+000  0.4209202537E-009
  0.9090909091E-001  0.2424242424E+000  0.4806739376E-009
  0.9090909091E-001  0.2727272727E+000  0.5358113385E-009
  0.9090909091E-001  0.3030303030E+000  0.5858015217E-009
  0.9090909091E-001  0.3333333333E+000  0.6301625421E-009
  0.9090909091E-001  0.3636363636E+000  0.6684661524E-009
  0.9090909091E-001  0.3939393939E+000  0.7003419680E-009
  0.9090909091E-001  0.4242424242E+000  0.7254811228E-009
  0.9090909091E-001  0.4545454545E+000  0.7436392931E-009
  0.9090909091E-001  0.4848484848E+000  0.7546392253E-009
  0.9090909091E-001  0.5151515152E+000  0.7583724812E-009
  0.9090909091E-001  0.5454545455E+000  0.7548006243E-009
  0.9090909091E-001  0.5757575758E+000  0.7439557928E-009
  0.9090909091E-001  0.6060606061E+000  0.7259403841E-009
  0.9090909091E-001  0.6363636364E+000  0.7009261133E-009
  0.9090909091E-001  0.6666666667E+000  0.6691524887E-009
  0.9090909091E-001  0.6969696970E+000  0.6309244699E-009
  0.9090909091E-001  0.7272727273E+000  0.5866095907E-009
  0.9090909091E-001  0.7575757576E+000  0.5366344035E-009
  0.9090909091E-001  0.7878787879E+000  0.4814803687E-009
  0.9090909091E-001  0.8181818182E+000  0.4216791516E-009
  0.9090909091E-001  0.8484848485E+000  0.3578075128E-009
  0.9090909091E-001  0.8787878788E+000  0.2904816900E-009
  0.9090909091E-001  0.9090909091E+000  0.2203514263E-009
  0.9090909091E-001  0.9393939394E+000  0.1480936821E-009
  0.9090909091E-001  0.9696969697E+000  0.7440605536E-010
  0.9090909091E-001  0.1000000000E+001  0.0000000000E+000

  0.1212121212E+000  0.3030303030E-001  0.0000000000E+000
  0.1212121212E+000  0.6060606061E-001  0.1105002801E-009
  0.1212121212E+000  0.9090909091E-001  0.2199402782E-009
  0.1212121212E+000  0.1212121212E+000  0.3272697581E-009
  0.1212121212E+000  0.1515151515E+000  0.4314584872E-009
  0.1212121212E+000  0.1818181818E+000  0.5315060185E-009
  0.1212121212E+000  0.2121212121E+000  0.6264512019E-009
  0.1212121212E+000  0.2424242424E+000  0.7153813273E-009
  0.1212121212E+000  0.2727272727E+000  0.7974408474E-009
  0.1212121212E+000  0.3030303030E+000  0.8718395474E-009
  0.1212121212E+000  0.3333333333E+000  0.9378601903E-009
  0.1212121212E+000  0.3636363636E+000  0.9948654275E-009
  0.1212121212E+000  0.3939393939E+000  0.1042304070E-008
  0.1212121212E+000  0.4242424242E+000  0.1079716460E-008
  0.1212121212E+000  0.4545454545E+000  0.1106739063E-008
  0.1212121212E+000  0.4848484848E+000  0.1123108106E-008
  0.1212121212E+000  0.5151515152E+000  0.1128662273E-008
  0.1212121212E+000  0.5454545455E+000  0.1123344486E-008
  0.1212121212E+000  0.5757575758E+000  0.1107202600E-008
  0.1212121212E+000  0.6060606061E+000  0.1080389089E-008
  0.1212121212E+000  0.6363636364E+000  0.1043159613E-008
  0.1212121212E+000  0.6666666667E+000  0.9958706535E-009
  0.1212121212E+000  0.6969696970E+000  0.9389761466E-009
  0.1212121212E+000  0.7272727273E+000  0.8730231026E-009
  0.1212121212E+000  0.7575757576E+000  0.7986463856E-009
  0.1212121212E+000  0.7878787879E+000  0.7165625194E-009
  0.1212121212E+000  0.8181818182E+000  0.6275627865E-009
  0.1212121212E+000  0.8484848485E+000  0.5325055228E-009
  0.1212121212E+000  0.8787878788E+000  0.4323078243E-009
  0.1212121212E+000  0.9090909091E+000  0.3279366422E-009
  0.1212121212E+000  0.9393939394E+000  0.2203994118E-009
  0.1212121212E+000  0.9696969697E+000  0.1107342737E-009
  0.1212121212E+000  0.1000000000E+001  0.0000000000E+000

  0.1515151515E+000  0.3030303030E-001  0.0000000000E+000
  0.1515151515E+000  0.6060606061E-001  0.1457195401E-009
  0.1515151515E+000  0.9090909091E-001  0.2900407728E-009
  0.1515151515E+000  0.1212121212E+000  0.4315786380E-009
  0.1515151515E+000  0.1515151515E+000  0.5689744792E-009
  0.1515151515E+000  0.1818181818E+000  0.7009088831E-009
  0.1515151515E+000  0.2121212121E+000  0.8261143313E-009
  0.1515151515E+000  0.2424242424E+000  0.9433871617E-009
  0.1515151515E+000  0.2727272727E+000  0.1051599102E-008
  0.1515151515E+000  0.3030303030E+000  0.1149708116E-008
  0.1515151515E+000  0.3333333333E+000  0.1236768347E-008
  0.1515151515E+000  0.3636363636E+000  0.1311939375E-008
  0.1515151515E+000  0.3939393939E+000  0.1374494386E-008
  0.1515151515E+000  0.4242424242E+000  0.1423827332E-008
  0.1515151515E+000  0.4545454545E+000  0.1459458896E-008
  0.1515151515E+000  0.4848484848E+000  0.1481041350E-008
  0.1515151515E+000  0.5151515152E+000  0.1488362170E-008
  0.1515151515E+000  0.5454545455E+000  0.1481346058E-008
  0.1515151515E+000  0.5757575758E+000  0.1460056431E-008
  0.1515151515E+000  0.6060606061E+000  0.1424694413E-008
  0.1515151515E+000  0.6363636364E+000  0.1375597279E-008
  0.1515151515E+000  0.6666666667E+000  0.1313235253E-008
  0.1515151515E+000  0.6969696970E+000  0.1238207004E-008
  0.1515151515E+000  0.7272727273E+000  0.1151233954E-008
  0.1515151515E+000  0.7575757576E+000  0.1053153316E-008
  0.1515151515E+000  0.7878787879E+000  0.9449100188E-009
  0.1515151515E+000  0.8181818182E+000  0.8275474741E-009
  0.1515151515E+000  0.8484848485E+000  0.7021975452E-009
  0.1515151515E+000  0.8787878788E+000  0.5700695466E-009
  0.1515151515E+000  0.9090909091E+000  0.4324384755E-009
  0.1515151515E+000  0.9393939394E+000  0.2906327554E-009
  0.1515151515E+000  0.9696969697E+000  0.1460212407E-009
  0.1515151515E+000  0.1000000000E+001  0.0000000000E+000

  0.1818181818E+000  0.3030303030E-001  0.0000000000E+000
  0.1818181818E+000  0.6060606061E-001  0.1795729958E-009
  0.1818181818E+000  0.9090909091E-001  0.3574226929E-009
  0.1818181818E+000  0.1212121212E+000  0.5318421274E-009
  0.1818181818E+000  0.1515151515E+000  0.7011568630E-009
  0.1818181818E+000  0.1818181818E+000  0.8637408896E-009
  0.1818181818E+000  0.2121212121E+000  0.1018032111E-008
  0.1818181818E+000  0.2424242424E+000  0.1162547156E-008
  0.1818181818E+000  0.2727272727E+000  0.1295895637E-008
  0.1818181818E+000  0.3030303030E+000  0.1416793378E-008
  0.1818181818E+000  0.3333333333E+000  0.1524074874E-008
  0.1818181818E+000  0.3636363636E+000  0.1616704490E-008
  0.1818181818E+000  0.3939393939E+000  0.1693786703E-008
  0.1818181818E+000  0.4242424242E+000  0.1754574774E-008
  0.1818181818E+000  0.4545454545E+000  0.1798478219E-008
  0.1818181818E+000  0.4848484848E+000  0.1825068724E-008
  0.1818181818E+000  0.5151515152E+000  0.1834084528E-008
  0.1818181818E+000  0.5454545455E+000  0.1825433240E-008
  0.1818181818E+000  0.5757575758E+000  0.1799193043E-008
  0.1818181818E+000  0.6060606061E+000  0.1755612073E-008
  0.1818181818E+000  0.6363636364E+000  0.1695106138E-008
  0.1818181818E+000  0.6666666667E+000  0.1618254843E-008
  0.1818181818E+000  0.6969696970E+000  0.1525796095E-008
  0.1818181818E+000  0.7272727273E+000  0.1418618957E-008
  0.1818181818E+000  0.7575757576E+000  0.1297755219E-008
  0.1818181818E+000  0.7878787879E+000  0.1164369269E-008
  0.1818181818E+000  0.8181818182E+000  0.1019746923E-008
  0.1818181818E+000  0.8484848485E+000  0.8652828569E-009
  0.1818181818E+000  0.8787878788E+000  0.7024672052E-009
  0.1818181818E+000  0.9090909091E+000  0.5328710116E-009
  0.1818181818E+000  0.9393939394E+000  0.3581310685E-009
  0.1818181818E+000  0.9696969697E+000  0.1799340178E-009
  0.1818181818E+000  0.1000000000E+001  0.0000000000E+000

  0.2121212121E+000  0.3030303030E-001  0.0000000000E+000
  0.2121212121E+000  0.6060606061E-001  0.2117413055E-009
  0.2121212121E+000  0.9090909091E-001  0.4214504052E-009
  0.2121212121E+000  0.1212121212E+000  0.6271143706E-009
  0.2121212121E+000  0.1515151515E+000  0.8267586364E-009
  0.2121212121E+000  0.1818181818E+000  0.1018465768E-008
  0.2121212121E+000  0.2121212121E+000  0.1200393688E-008
  0.2121212121E+000  0.2424242424E+000  0.1370793252E-008
  0.2121212121E+000  0.2727272727E+000  0.1528024896E-008
  0.2121212121E+000  0.3030303030E+000  0.1670574493E-008
  0.2121212121E+000  0.3333333333E+000  0.1797067717E-008
  0.2121212121E+000  0.3636363636E+000  0.1906283561E-008
  0.2121212121E+000  0.3939393939E+000  0.1997166185E-008
  0.2121212121E+000  0.4242424242E+000  0.2068835383E-008
  0.2121212121E+000  0.4545454545E+000  0.2120595030E-008
  0.2121212121E+000  0.4848484848E+000  0.2151940427E-008
  0.2121212121E+000  0.5151515152E+000  0.2162563204E-008
  0.2121212121E+000  0.5454545455E+000  0.2152354644E-008
  0.2121212121E+000  0.5757575758E+000  0.2121407332E-008
  0.2121212121E+000  0.6060606061E+000  0.2070014160E-008
  0.2121212121E+000  0.6363636364E+000  0.1998665624E-008
  0.2121212121E+000  0.6666666667E+000  0.1908045482E-008
  0.2121212121E+000  0.6969696970E+000  0.1799023894E-008
  0.2121212121E+000  0.7272727273E+000  0.1672649351E-008
  0.2121212121E+000  0.7575757576E+000  0.1530138474E-008
  0.2121212121E+000  0.7878787879E+000  0.1372864313E-008
  0.2121212121E+000  0.8181818182E+000  0.1202342843E-008
  0.2121212121E+000  0.8484848485E+000  0.1020218503E-008
  0.2121212121E+000  0.8787878788E+000  0.8282481166E-009
  0.2121212121E+000  0.9090909091E+000  0.6282839334E-009
  0.2121212121E+000  0.9393939394E+000  0.4222556459E-009
  0.2121212121E+000  0.9696969697E+000  0.2121516975E-009
  0.2121212121E+000  0.1000000000E+001  0.0000000000E+000

  0.2424242424E+000  0.3030303030E-001  0.0000000000E+000
  0.2424242424E+000  0.6060606061E-001  0.2419196865E-009
  0.2424242424E+000  0.9090909091E-001  0.4815172660E-009
  0.2424242424E+000  0.1212121212E+000  0.7164926587E-009
  0.2424242424E+000  0.1515151515E+000  0.9445896569E-009
  0.2424242424E+000  0.1818181818E+000  0.1163617324E-008
  0.2424242424E+000  0.2121212121E+000  0.1371470907E-008
  0.2424242424E+000  0.2424242424E+000  0.1566151792E-008
  0.2424242424E+000  0.2727272727E+000  0.1745786778E-008
  0.2424242424E+000  0.3030303030E+000  0.1908645818E-008
  0.2424242424E+000  0.3333333333E+000  0.2053158901E-008
  0.2424242424E+000  0.3636363636E+000  0.2177931048E-008
  0.2424242424E+000  0.3939393939E+000  0.2281756240E-008
  0.2424242424E+000  0.4242424242E+000  0.2363628954E-008
  0.2424242424E+000  0.4545454545E+000  0.2422754314E-008
  0.2424242424E+000  0.4848484848E+000  0.2458555940E-008
  0.2424242424E+000  0.5151515152E+000  0.2470681899E-008
  0.2424242424E+000  0.5454545455E+000  0.2459008510E-008
  0.2424242424E+000  0.5757575758E+000  0.2423641845E-008
  0.2424242424E+000  0.6060606061E+000  0.2364916935E-008
  0.2424242424E+000  0.6363636364E+000  0.2283394648E-008
  0.2424242424E+000  0.6666666667E+000  0.2179856345E-008
  0.2424242424E+000  0.6969696970E+000  0.2055296561E-008
  0.2424242424E+000  0.7272727273E+000  0.1910913270E-008
  0.2424242424E+000  0.7575757576E+000  0.1748096643E-008
  0.2424242424E+000  0.7878787879E+000  0.1568415278E-008
  0.2424242424E+000  0.8181818182E+000  0.1373601233E-008
  0.2424242424E+000  0.8484848485E+000  0.1165533027E-008
  0.2424242424E+000  0.8787878788E+000  0.9462176658E-009
  0.2424242424E+000  0.9090909091E+000  0.7177710190E-009
  0.2424242424E+000  0.9393939394E+000  0.4823974244E-009
  0.2424242424E+000  0.9696969697E+000  0.2423682638E-009
  0.2424242424E+000  0.1000000000E+001  0.0000000000E+000

  0.2727272727E+000  0.3030303030E-001  0.0000000000E+000
  0.2727272727E+000  0.6060606061E-001  0.2698206615E-009
  0.2727272727E+000  0.9090909091E-001  0.5370510650E-009
  0.2727272727E+000  0.1212121212E+000  0.7991255517E-009
  0.2727272727E+000  0.1515151515E+000  0.1053527380E-008
  0.2727272727E+000  0.1818181818E+000  0.1297812717E-008
  0.2727272727E+000  0.2121212121E+000  0.1529633792E-008
  0.2727272727E+000  0.2424242424E+000  0.1746761447E-008
  0.2727272727E+000  0.2727272727E+000  0.1947106210E-008
  0.2727272727E+000  0.3030303030E+000  0.2128738756E-008
  0.2727272727E+000  0.3333333333E+000  0.2289907853E-008
  0.2727272727E+000  0.3636363636E+000  0.2429057996E-008
  0.2727272727E+000  0.3939393939E+000  0.2544844151E-008
  0.2727272727E+000  0.4242424242E+000  0.2636145439E-008
  0.2727272727E+000  0.4545454545E+000  0.2702075468E-008
  0.2727272727E+000  0.4848484848E+000  0.2741991936E-008
  0.2727272727E+000  0.5151515152E+000  0.2755502914E-008
  0.2727272727E+000  0.5454545455E+000  0.2742470657E-008
  0.2727272727E+000  0.5757575758E+000  0.2703014301E-008
  0.2727272727E+000  0.6060606061E+000  0.2637507915E-008
  0.2727272727E+000  0.6363636364E+000  0.2546577394E-008
  0.2727272727E+000  0.6666666667E+000  0.2431094833E-008
  0.2727272727E+000  0.6969696970E+000  0.2292169471E-008
  0.2727272727E+000  0.7272727273E+000  0.2131137815E-008
  0.2727272727E+000  0.7575757576E+000  0.1949550261E-008
  0.2727272727E+000  0.7878787879E+000  0.1749156530E-008
  0.2727272727E+000  0.8181818182E+000  0.1531888060E-008
  0.2727272727E+000  0.8484848485E+000  0.1299839940E-008
  0.2727272727E+000  0.8787878788E+000  0.1055250204E-008
  0.2727272727E+000  0.9090909091E+000  0.8004783897E-009
  0.2727272727E+000  0.9393939394E+000  0.5379825141E-009
  0.2727272727E+000  0.9696969697E+000  0.2702953829E-009
  0.2727272727E+000  0.1000000000E+001  0.0000000000E+000

  0.3030303030E+000  0.3030303030E-001  0.0000000000E+000
  0.3030303030E+000  0.6060606061E-001  0.2951766929E-009
  0.3030303030E+000  0.9090909091E-001  0.5875193066E-009
  0.3030303030E+000  0.1212121212E+000  0.8742206692E-009
  0.3030303030E+000  0.1515151515E+000  0.1152527201E-008
  0.3030303030E+000  0.1818181818E+000  0.1419765058E-008
  0.3030303030E+000  0.2121212121E+000  0.1673365664E-008
  0.3030303030E+000  0.2424242424E+000  0.1910890102E-008
  0.3030303030E+000  0.2727272727E+000  0.2130052632E-008
  0.3030303030E+000  0.3030303030E+000  0.2328742383E-008
  0.3030303030E+000  0.3333333333E+000  0.2505043944E-008
  0.3030303030E+000  0.3636363636E+000  0.2657255643E-008
  0.3030303030E+000  0.3939393939E+000  0.2783906595E-008
  0.3030303030E+000  0.4242424242E+000  0.2883770710E-008
  0.3030303030E+000  0.4545454545E+000  0.2955879056E-008
  0.3030303030E+000  0.4848484848E+000  0.2999529401E-008
  0.3030303030E+000  0.5151515152E+000  0.3014293518E-008
  0.3030303030E+000  0.5454545455E+000  0.3000021632E-008
  0.3030303030E+000  0.5757575758E+000  0.2956844408E-008
  0.3030303030E+000  0.6060606061E+000  0.2885171724E-008
  0.3030303030E+000  0.6363636364E+000  0.2785688946E-008
  0.3030303030E+000  0.6666666667E+000  0.2659350304E-008
  0.3030303030E+000  0.6969696970E+000  0.2507369901E-008
  0.3030303030E+000  0.7272727273E+000  0.2331209833E-008
  0.3030303030E+000  0.7575757576E+000  0.2132566494E-008
  0.3030303030E+000  0.7878787879E+000  0.1913353718E-008
  0.3030303030E+000  0.8181818182E+000  0.1675684533E-008
  0.3030303030E+000  0.8484848485E+000  0.1421850448E-008
  0.3030303030E+000  0.8787878788E+000  0.1154299508E-008
  0.3030303030E+000  0.9090909091E+000  0.8756123916E-009
  0.3030303030E+000  0.9393939394E+000  0.5884775415E-009
  0.3030303030E+000  0.9696969697E+000  0.2956650699E-009
  0.3030303030E+000  0.1000000000E+001  0.0000000000E+000

  0.3333333333E+000  0.3030303030E-001  0.0000000000E+000
  0.3333333333E+000  0.6060606061E-001  0.3177427072E-009
  0.3333333333E+000  0.9090909091E-001  0.6324341860E-009
  0.3333333333E+000  0.1212121212E+000  0.9410521979E-009
  0.3333333333E+000  0.1515151515E+000  0.1240632219E-008
  0.3333333333E+000  0.1818181818E+000  0.1528295646E-008
  0.3333333333E+000  0.2121212121E+000  0.1801277218E-008
  0.3333333333E+000  0.2424242424E+000  0.2056951416E-008
  0.3333333333E+000  0.2727272727E+000  0.2292857581E-008
  0.3333333333E+000  0.3030303030E+000  0.2506723624E-008
  0.3333333333E+000  0.3333333333E+000  0.2696487709E-008
  0.3333333333E+000  0.3636363636E+000  0.2860318413E-008
  0.3333333333E+000  0.3939393939E+000  0.2996632697E-008
  0.3333333333E+000  0.4242424242E+000  0.3104111471E-008
  0.3333333333E+000  0.4545454545E+000  0.3181712050E-008
  0.3333333333E+000  0.4848484848E+000  0.3228679307E-008
  0.3333333333E+000  0.5151515152E+000  0.3244553002E-008
  0.3333333333E+000  0.5454545455E+000  0.3229172406E-008
  0.3333333333E+000  0.5757575758E+000  0.3182679129E-008
  0.3333333333E+000  0.6060606061E+000  0.3105515047E-008
  0.3333333333E+000  0.6363636364E+000  0.2998418402E-008
  0.3333333333E+000  0.6666666667E+000  0.2862417141E-008
  0.3333333333E+000  0.6969696970E+000  0.2698818333E-008
  0.3333333333E+000  0.7272727273E+000  0.2509196183E-008
  0.3333333333E+000  0.7575757576E+000  0.2295376800E-008
  0.3333333333E+000  0.7878787879E+000  0.2059420417E-008
  0.3333333333E+000  0.8181818182E+000  0.1803601265E-008
  0.3333333333E+000  0.8484848485E+000  0.1530385773E-008
  0.3333333333E+000  0.8787878788E+000  0.1242408605E-008
  0.3333333333E+000  0.9090909091E+000  0.9424471541E-009
  0.3333333333E+000  0.9393939394E+000  0.6333946618E-009
  0.3333333333E+000  0.9696969697E+000  0.3182322305E-009
  0.3333333333E+000  0.1000000000E+001  0.0000000000E+000

  0.3636363636E+000  0.3030303030E-001  0.0000000000E+000
  0.3636363636E+000  0.6060606061E-001  0.3372984755E-009
  0.3636363636E+000  0.9090909091E-001  0.6713573745E-009
  0.3636363636E+000  0.1212121212E+000  0.9989679145E-009
  0.3636363636E+000  0.1515151515E+000  0.1316982636E-008
  0.3636363636E+000  0.1818181818E+000  0.1622345335E-008
  0.3636363636E+000  0.2121212121E+000  0.1912120260E-008
  0.3636363636E+000  0.2424242424E+000  0.2183520047E-008
  0.3636363636E+000  0.2727272727E+000  0.2433932567E-008
  0.3636363636E+000  0.3030303030E+000  0.2660945788E-008
  0.3636363636E+000  0.3333333333E+000  0.2862371275E-008
  0.3636363636E+000  0.3636363636E+000  0.3036265130E-008
  0.3636363636E+000  0.3939393939E+000  0.3180947500E-008
  0.3636363636E+000  0.4242424242E+000  0.3295018353E-008
  0.3636363636E+000  0.4545454545E+000  0.3377371823E-008
  0.3636363636E+000  0.4848484848E+000  0.3427206846E-008
  0.3636363636E+000  0.5151515152E+000  0.3444035653E-008
  0.3636363636E+000  0.5454545455E+000  0.3427688599E-008
  0.3636363636E+000  0.5757575758E+000  0.3378316676E-008
  0.3636363636E+000  0.6060606061E+000  0.3296389732E-008
  0.3636363636E+000  0.6363636364E+000  0.3182692345E-008
  0.3636363636E+000  0.6666666667E+000  0.3038315972E-008
  0.3636363636E+000  0.6969696970E+000  0.2864648883E-008
  0.3636363636E+000  0.7272727273E+000  0.2663362275E-008
  0.3636363636E+000  0.7575757576E+000  0.2436394821E-008
  0.3636363636E+000  0.7878787879E+000  0.2185933366E-008
  0.3636363636E+000  0.8181818182E+000  0.1914392013E-008
  0.3636363636E+000  0.8484848485E+000  0.1624388518E-008
  0.3636363636E+000  0.8787878788E+000  0.1318719183E-008
  0.3636363636E+000  0.9090909091E+000  0.1000331619E-008
  0.3636363636E+000  0.9393939394E+000  0.6722963483E-009
  0.3636363636E+000  0.9696969697E+000  0.3377770445E-009
  0.3636363636E+000  0.1000000000E+001  0.0000000000E+000

  0.3939393939E+000  0.3030303030E-001  0.0000000000E+000
  0.3939393939E+000  0.6060606061E-001  0.3536508460E-009
  0.3939393939E+000  0.9090909091E-001  0.7039044292E-009
  0.3939393939E+000  0.1212121212E+000  0.1047395822E-008
  0.3939393939E+000  0.1515151515E+000  0.1380824405E-008
  0.3939393939E+000  0.1818181818E+000  0.1700985373E-008
  0.3939393939E+000  0.2121212121E+000  0.2004800229E-008
  0.3939393939E+000  0.2424242424E+000  0.2289346350E-008
  0.3939393939E+000  0.2727272727E+000  0.2551884673E-008
  0.3939393939E+000  0.3030303030E+000  0.2789886546E-008
  0.3939393939E+000  0.3333333333E+000  0.3001057318E-008
  0.3939393939E+000  0.3636363636E+000  0.3183359557E-008
  0.3939393939E+000  0.3939393939E+000  0.3335031956E-008
  0.3939393939E+000  0.4242424242E+000  0.3454608022E-008
  0.3939393939E+000  0.4545454545E+000  0.3540928227E-008
  0.3939393939E+000  0.4848484848E+000  0.3593154091E-008
  0.3939393939E+000  0.5151515152E+000  0.3610774780E-008
  0.3939393939E+000  0.5454545455E+000  0.3593613129E-008
  0.3939393939E+000  0.5757575758E+000  0.3541828559E-008
  0.3939393939E+000  0.6060606061E+000  0.3455914850E-008
  0.3939393939E+000  0.6363636364E+000  0.3336694777E-008
  0.3939393939E+000  0.6666666667E+000  0.3185314137E-008
  0.3939393939E+000  0.6969696970E+000  0.3003228194E-008
  0.3939393939E+000  0.7272727273E+000  0.2792189976E-008
  0.3939393939E+000  0.7575757576E+000  0.2554231909E-008
  0.3939393939E+000  0.7878787879E+000  0.2291647094E-008
  0.3939393939E+000  0.8181818182E+000  0.2006966139E-008
  0.3939393939E+000  0.8484848485E+000  0.1702933459E-008
  0.3939393939E+000  0.8787878788E+000  0.1382480190E-008
  0.3939393939E+000  0.9090909091E+000  0.1048696141E-008
  0.3939393939E+000  0.9393939394E+000  0.7047997760E-009
  0.3939393939E+000  0.9696969697E+000  0.3541071844E-009
  0.3939393939E+000  0.1000000000E+001  0.0000000000E+000

  0.4242424242E+000  0.3030303030E-001  0.0000000000E+000
  0.4242424242E+000  0.6060606061E-001  0.3666357696E-009
  0.4242424242E+000  0.9090909091E-001  0.7297488591E-009
  0.4242424242E+000  0.1212121212E+000  0.1085850127E-008
  0.4242424242E+000  0.1515151515E+000  0.1431517192E-008
  0.4242424242E+000  0.1818181818E+000  0.1763427048E-008
  0.4242424242E+000  0.2121212121E+000  0.2078387821E-008
  0.4242424242E+000  0.2424242424E+000  0.2373369233E-008
  0.4242424242E+000  0.2727272727E+000  0.2645531706E-008
  0.4242424242E+000  0.3030303030E+000  0.2892253525E-008
  0.4242424242E+000  0.3333333333E+000  0.3111156333E-008
  0.4242424242E+000  0.3636363636E+000  0.3300127967E-008
  0.4242424242E+000  0.3939393939E+000  0.3457343472E-008
  0.4242424242E+000  0.4242424242E+000  0.3581282440E-008
  0.4242424242E+000  0.4545454545E+000  0.3670744339E-008
  0.4242424242E+000  0.4848484848E+000  0.3724860348E-008
  0.4242424242E+000  0.5151515152E+000  0.3743101925E-008
  0.4242424242E+000  0.5454545455E+000  0.3725286535E-008
  0.4242424242E+000  0.5757575758E+000  0.3671580270E-008
  0.4242424242E+000  0.6060606061E+000  0.3582495858E-008
  0.4242424242E+000  0.6363636364E+000  0.3458887553E-008
  0.4242424242E+000  0.6666666667E+000  0.3301943127E-008
  0.4242424242E+000  0.6969696970E+000  0.3113172545E-008
  0.4242424242E+000  0.7272727273E+000  0.2894393046E-008
  0.4242424242E+000  0.7575757576E+000  0.2647712108E-008
  0.4242424242E+000  0.7878787879E+000  0.2375506620E-008
  0.4242424242E+000  0.8181818182E+000  0.2080400088E-008
  0.4242424242E+000  0.8484848485E+000  0.1765237049E-008
  0.4242424242E+000  0.8787878788E+000  0.1433055681E-008
  0.4242424242E+000  0.9090909091E+000  0.1087058373E-008
  0.4242424242E+000  0.9393939394E+000  0.7305808269E-009
  0.4242424242E+000  0.9696969697E+000  0.3670598107E-009
  0.4242424242E+000  0.1000000000E+001  0.0000000000E+000

  0.4545454545E+000  0.3030303030E-001  0.0000000000E+000
  0.4545454545E+000  0.6060606061E-001  0.3761201267E-009
  0.4545454545E+000  0.9090909091E-001  0.7486257122E-009
  0.4545454545E+000  0.1212121212E+000  0.1113936673E-008
  0.4545454545E+000  0.1515151515E+000  0.1468541444E-008
  0.4545454545E+000  0.1818181818E+000  0.1809030515E-008
  0.4545454545E+000  0.2121212121E+000  0.2132129033E-008
  0.4545454545E+000  0.2424242424E+000  0.2434728118E-008
  0.4545454545E+000  0.2727272727E+000  0.2713914528E-008
  0.4545454545E+000  0.3030303030E+000  0.2966998863E-008
  0.4545454545E+000  0.3333333333E+000  0.3191541425E-008
  0.4545454545E+000  0.3636363636E+000  0.3385375966E-008
  0.4545454545E+000  0.3939393939E+000  0.3546630652E-008
  0.4545454545E+000  0.4242424242E+000  0.3673746864E-008
  0.4545454545E+000  0.4545454545E+000  0.3765493438E-008
  0.4545454545E+000  0.4848484848E+000  0.3820980686E-008
  0.4545454545E+000  0.5151515152E+000  0.3839666927E-008
  0.4545454545E+000  0.5454545455E+000  0.3821365454E-008
  0.4545454545E+000  0.5757575758E+000  0.3766248160E-008
  0.4545454545E+000  0.6060606061E+000  0.3674842474E-008
  0.4545454545E+000  0.6363636364E+000  0.3548024941E-008
  0.4545454545E+000  0.6666666667E+000  0.3387015204E-008
  0.4545454545E+000  0.6969696970E+000  0.3193362429E-008
  0.4545454545E+000  0.7272727273E+000  0.2968931451E-008
  0.4545454545E+000  0.7575757576E+000  0.2715884253E-008
  0.4545454545E+000  0.7878787879E+000  0.2436659175E-008
  0.4545454545E+000  0.8181818182E+000  0.2133947205E-008
  0.4545454545E+000  0.8484848485E+000  0.1810666048E-008
  0.4545454545E+000  0.8787878788E+000  0.1469931716E-008
  0.4545454545E+000  0.9090909091E+000  0.1115028564E-008
  0.4545454545E+000  0.9393939394E+000  0.7493775830E-009
  0.4545454545E+000  0.9696969697E+000  0.3765033501E-009
  0.4545454545E+000  0.1000000000E+001  0.0000000000E+000

  0.4848484848E+000  0.3030303030E-001  0.0000000000E+000
  0.4848484848E+000  0.6060606061E-001  0.3820033196E-009
  0.4848484848E+000  0.9090909091E-001  0.7603348020E-009
  0.4848484848E+000  0.1212121212E+000  0.1131357619E-008
  0.4848484848E+000  0.1515151515E+000  0.1491504611E-008
  0.4848484848E+000  0.1818181818E+000  0.1837312403E-008
  0.4848484848E+000  0.2121212121E+000  0.2165454485E-008
  0.4848484848E+000  0.2424242424E+000  0.2472773050E-008
  0.4848484848E+000  0.2727272727E+000  0.2756309186E-008
  0.4848484848E+000  0.3030303030E+000  0.3013331495E-008
  0.4848484848E+000  0.3333333333E+000  0.3241362421E-008
  0.4848484848E+000  0.3636363636E+000  0.3438202244E-008
  0.4848484848E+000  0.3939393939E+000  0.3601950635E-008
  0.4848484848E+000  0.4242424242E+000  0.3731025042E-008
  0.4848484848E+000  0.4545454545E+000  0.3824176454E-008
  0.4848484848E+000  0.4848484848E+000  0.3880501785E-008
  0.4848484848E+000  0.5151515152E+000  0.3899451617E-008
  0.4848484848E+000  0.5454545455E+000  0.3880838403E-008
  0.4848484848E+000  0.5757575758E+000  0.3824836763E-008
  0.4848484848E+000  0.6060606061E+000  0.3731983675E-008
  0.4848484848E+000  0.6363636364E+000  0.3603170738E-008
  0.4848484848E+000  0.6666666667E+000  0.3439636876E-008
  0.4848484848E+000  0.6969696970E+000  0.3242956348E-008
  0.4848484848E+000  0.7272727273E+000  0.3015023329E-008
  0.4848484848E+000  0.7575757576E+000  0.2758033764E-008
  0.4848484848E+000  0.7878787879E+000  0.2474463985E-008
  0.4848484848E+000  0.8181818182E+000  0.2167046749E-008
  0.4848484848E+000  0.8484848485E+000  0.1838744855E-008
  0.4848484848E+000  0.8787878788E+000  0.1492722348E-008
  0.4848484848E+000  0.9090909091E+000  0.1132314059E-008
  0.4848484848E+000  0.9393939394E+000  0.7609934274E-009
  0.4848484848E+000  0.9696969697E+000  0.3823390241E-009
  0.4848484848E+000  0.1000000000E+001  0.0000000000E+000

  0.5151515152E+000  0.3030303030E-001  0.0000000000E+000
  0.5151515152E+000  0.6060606061E-001  0.3842185876E-009
  0.5151515152E+000  0.9090909091E-001  0.7647432665E-009
  0.5151515152E+000  0.1212121212E+000  0.1137915337E-008
  0.5151515152E+000  0.1515151515E+000  0.1500146360E-008
  0.5151515152E+000  0.1818181818E+000  0.1847952144E-008
  0.5151515152E+000  0.2121212121E+000  0.2177986633E-008
  0.5151515152E+000  0.2424242424E+000  0.2487073276E-008
  0.5151515152E+000  0.2727272727E+000  0.2772236110E-008
  0.5151515152E+000  0.3030303030E+000  0.3030727649E-008
  0.5151515152E+000  0.3333333333E+000  0.3260056616E-008
  0.5151515152E+000  0.3636363636E+000  0.3458010702E-008
  0.5151515152E+000  0.3939393939E+000  0.3622679491E-008
  0.5151515152E+000  0.4242424242E+000  0.3752471707E-008
  0.5151515152E+000  0.4545454545E+000  0.3846132518E-008
  0.5151515152E+000  0.4848484848E+000  0.3902753752E-008
  0.5151515152E+000  0.5151515152E+000  0.3921785889E-008
  0.5151515152E+000  0.5454545455E+000  0.3903037523E-008
  0.5151515152E+000  0.5757575758E+000  0.3846689201E-008
  0.5151515152E+000  0.6060606061E+000  0.3753279984E-008
  0.5151515152E+000  0.6363636364E+000  0.3623708376E-008
  0.5151515152E+000  0.6666666667E+000  0.3459220695E-008
  0.5151515152E+000  0.6969696970E+000  0.3261401207E-008
  0.5151515152E+000  0.7272727273E+000  0.3032155097E-008
  0.5151515152E+000  0.7575757576E+000  0.2773691451E-008
  0.5151515152E+000  0.7878787879E+000  0.2488500466E-008
  0.5151515152E+000  0.8181818182E+000  0.2179330745E-008
  0.5151515152E+000  0.8484848485E+000  0.1849161506E-008
  0.5151515152E+000  0.8787878788E+000  0.1501174553E-008
  0.5151515152E+000  0.9090909091E+000  0.1138722967E-008
  0.5151515152E+000  0.9393939394E+000  0.7652994492E-009
  0.5151515152E+000  0.9696969697E+000  0.3845020858E-009
  0.5151515152E+000  0.1000000000E+001  0.0000000000E+000

  0.5454545455E+000  0.3030303030E-001  0.0000000000E+000
  0.5454545455E+000  0.6060606061E-001  0.3827340446E-009
  0.5454545455E+000  0.9090909091E-001  0.7617876513E-009
  0.5454545455E+000  0.1212121212E+000  0.1133515534E-008
  0.5454545455E+000  0.1515151515E+000  0.1494342354E-008
  0.5454545455E+000  0.1818181818E+000  0.1840796971E-008
  0.5454545455E+000  0.2121212121E+000  0.2169545642E-008
  0.5454545455E+000  0.2424242424E+000  0.2477423969E-008
  0.5454545455E+000  0.2727272727E+000  0.2761467182E-008
  0.5454545455E+000  0.3030303030E+000  0.3018938842E-008
  0.5454545455E+000  0.3333333333E+000  0.3247357215E-008
  0.5454545455E+000  0.3636363636E+000  0.3444519314E-008
  0.5454545455E+000  0.3939393939E+000  0.3608522461E-008
  0.5454545455E+000  0.4242424242E+000  0.3737782672E-008
  0.5454545455E+000  0.4545454545E+000  0.3831050396E-008
  0.5454545455E+000  0.4848484848E+000  0.3887422850E-008
  0.5454545455E+000  0.5151515152E+000  0.3906351707E-008
  0.5454545455E+000  0.5454545455E+000  0.3887651220E-008
  0.5454545455E+000  0.5757575758E+000  0.3831498441E-008
  0.5454545455E+000  0.6060606061E+000  0.3738433311E-008
  0.5454545455E+000  0.6363636364E+000  0.3609350850E-008
  0.5454545455E+000  0.6666666667E+000  0.3445493751E-008
  0.5454545455E+000  0.6969696970E+000  0.3248440327E-008
  0.5454545455E+000  0.7272727273E+000  0.3020089004E-008
  0.5454545455E+000  0.7575757576E+000  0.2762640123E-008
  0.5454545455E+000  0.7878787879E+000  0.2478574501E-008
  0.5454545455E+000  0.8181818182E+000  0.2170629436E-008
  0.5454545455E+000  0.8484848485E+000  0.1841772293E-008
  0.5454545455E+000  0.8787878788E+000  0.1495171692E-008
  0.5454545455E+000  0.9090909091E+000  0.1134167042E-008
  0.5454545455E+000  0.9393939394E+000  0.7622363551E-009
  0.5454545455E+000  0.9696969697E+000  0.3829627693E-009
  0.5454545455E+000  0.1000000000E+001  0.0000000000E+000

  0.5757575758E+000  0.3030303030E-001  0.0000000000E+000
  0.5757575758E+000  0.6060606061E-001  0.3775534213E-009
  0.5757575758E+000  0.9090909091E-001  0.7514754325E-009
  0.5757575758E+000  0.1212121212E+000  0.1118169360E-008
  0.5757575758E+000  0.1515151515E+000  0.1474107599E-008
  0.5757575758E+000  0.1818181818E+000  0.1815865409E-008
  0.5757575758E+000  0.2121212121E+000  0.2140153748E-008
  0.5757575758E+000  0.2424242424E+000  0.2443850810E-008
  0.5757575758E+000  0.2727272727E+000  0.2724031868E-008
  0.5757575758E+000  0.3030303030E+000  0.2977997628E-008
  0.5757575758E+000  0.3333333333E+000  0.3203300203E-008
  0.5757575758E+000  0.3636363636E+000  0.3397766930E-008
  0.5757575758E+000  0.3939393939E+000  0.3559521372E-008
  0.5757575758E+000  0.4242424242E+000  0.3687002099E-008
  0.5757575758E+000  0.4545454545E+000  0.3778976881E-008
  0.5757575758E+000  0.4848484848E+000  0.3834556628E-008
  0.5757575758E+000  0.5151515152E+000  0.3853201792E-008
  0.5757575758E+000  0.5454545455E+000  0.3834729199E-008
  0.5757575758E+000  0.5757575758E+000  0.3779315504E-008
  0.5757575758E+000  0.6060606061E+000  0.3687493957E-008
  0.5757575758E+000  0.6363636364E+000  0.3560147799E-008
  0.5757575758E+000  0.6666666667E+000  0.3398504071E-008
  0.5757575758E+000  0.6969696970E+000  0.3204119883E-008
  0.5757575758E+000  0.7272727273E+000  0.2978868410E-008
  0.5757575758E+000  0.7575757576E+000  0.2724920256E-008
  0.5757575758E+000  0.7878787879E+000  0.2444722555E-008
  0.5757575758E+000  0.8181818182E+000  0.2140975203E-008
  0.5757575758E+000  0.8484848485E+000  0.1816604861E-008
  0.5757575758E+000  0.8787878788E+000  0.1474736521E-008
  0.5757575758E+000  0.9090909091E+000  0.1118663515E-008
  0.5757575758E+000  0.9393939394E+000  0.7518158079E-009
  0.5757575758E+000  0.9696969697E+000  0.3777269391E-009
  0.5757575758E+000  0.1000000000E+001  0.0000000000E+000

  0.6060606061E+000  0.3030303030E-001  0.0000000000E+000
  0.6060606061E+000  0.6060606061E-001  0.3687164165E-009
  0.6060606061E+000  0.9090909091E-001  0.7338856675E-009
  0.6060606061E+000  0.1212121212E+000  0.1091994531E-008
  0.6060606061E+000  0.1515151515E+000  0.1439597344E-008
  0.6060606061E+000  0.1818181818E+000  0.1773348991E-008
  0.6060606061E+000  0.2121212121E+000  0.2090037008E-008
  0.6060606061E+000  0.2424242424E+000  0.2386612355E-008
  0.6060606061E+000  0.2727272727E+000  0.2660218782E-008
  0.6060606061E+000  0.3030303030E+000  0.2908220213E-008
  0.6060606061E+000  0.3333333333E+000  0.3128226403E-008
  0.6060606061E+000  0.3636363636E+000  0.3318115880E-008
  0.6060606061E+000  0.3939393939E+000  0.3476056997E-008
  0.6060606061E+000  0.4242424242E+000  0.3600525264E-008
  0.6060606061E+000  0.4545454545E+000  0.3690318599E-008
  0.6060606061E+000  0.4848484848E+000  0.3744569040E-008
  0.6060606061E+000  0.5151515152E+000  0.3762751143E-008
  0.6060606061E+000  0.5454545455E+000  0.3744687494E-008
  0.6060606061E+000  0.5757575758E+000  0.3690551093E-008
  0.6060606061E+000  0.6060606061E+000  0.3600863113E-008
  0.6060606061E+000  0.6363636364E+000  0.3476487519E-008
  0.6060606061E+000  0.6666666667E+000  0.3318622824E-008
  0.6060606061E+000  0.6969696970E+000  0.3128790514E-008
  0.6060606061E+000  0.7272727273E+000  0.2908819931E-008
  0.6060606061E+000  0.7575757576E+000  0.2660831062E-008
  0.6060606061E+000  0.7878787879E+000  0.2387213565E-008
  0.6060606061E+000  0.8181818182E+000  0.2090603873E-008
  0.6060606061E+000  0.8484848485E+000  0.1773859528E-008
  0.6060606061E+000  0.8787878788E+000  0.1440031747E-008
  0.6060606061E+000  0.9090909091E+000  0.1092335958E-008
  0.6060606061E+000  0.9393939394E+000  0.7341208963E-009
  0.6060606061E+000  0.9696969697E+000  0.3688363483E-009
  0.6060606061E+000  0.1000000000E+001  0.0000000000E+000

  0.6363636364E+000  0.3030303030E-001  0.0000000000E+000
  0.6363636364E+000  0.6060606061E-001  0.3562987087E-009
  0.6363636364E+000  0.9090909091E-001  0.7091689978E-009
  0.6363636364E+000  0.1212121212E+000  0.1055215298E-008
  0.6363636364E+000  0.1515151515E+000  0.1391107368E-008
  0.6363636364E+000  0.1818181818E+000  0.1713612268E-008
  0.6363636364E+000  0.2121212121E+000  0.2019625304E-008
  0.6363636364E+000  0.2424242424E+000  0.2306199978E-008
  0.6363636364E+000  0.2727272727E+000  0.2570576016E-008
  0.6363636364E+000  0.3030303030E+000  0.2810206492E-008
  0.6363636364E+000  0.3333333333E+000  0.3022781627E-008
  0.6363636364E+000  0.3636363636E+000  0.3206252137E-008
  0.6363636364E+000  0.3939393939E+000  0.3358848195E-008
  0.6363636364E+000  0.4242424242E+000  0.3479098109E-008
  0.6363636364E+000  0.4545454545E+000  0.3565840368E-008
  0.6363636364E+000  0.4848484848E+000  0.3618237581E-008
  0.6363636364E+000  0.5151515152E+000  0.3635782847E-008
  0.6363636364E+000  0.5454545455E+000  0.3618305509E-008
  0.6363636364E+000  0.5757575758E+000  0.3565973775E-008
  0.6363636364E+000  0.6060606061E+000  0.3479292158E-008
  0.6363636364E+000  0.6363636364E+000  0.3359095787E-008
  0.6363636364E+000  0.6666666667E+000  0.3206544111E-008
  0.6363636364E+000  0.6969696970E+000  0.3023107049E-008
  0.6363636364E+000  0.7272727273E+000  0.2810553025E-008
  0.6363636364E+000  0.7575757576E+000  0.2570930375E-008
  0.6363636364E+000  0.7878787879E+000  0.2306548448E-008
  0.6363636364E+000  0.8181818182E+000  0.2019954304E-008
  0.6363636364E+000  0.8484848485E+000  0.1713908912E-008
  0.6363636364E+000  0.8787878788E+000  0.1391360007E-008
  0.6363636364E+000  0.9090909091E+000  0.1055414005E-008
  0.6363636364E+000  0.9393939394E+000  0.7093059660E-009
  0.6363636364E+000  0.9696969697E+000  0.3563685625E-009
  0.6363636364E+000  0.1000000000E+001  0.0000000000E+000

  0.6666666667E+000  0.3030303030E-001  0.0000000000E+000
  0.6666666667E+000  0.6060606061E-001  0.3404116048E-009
  0.6666666667E+000  0.9090909091E-001  0.6775470072E-009
  0.6666666667E+000  0.1212121212E+000  0.1008161405E-008
  0.6666666667E+000  0.1515151515E+000  0.1329072516E-008
  0.6666666667E+000  0.1818181818E+000  0.1637191067E-008
  0.6666666667E+000  0.2121212121E+000  0.1929550512E-008
  0.6666666667E+000  0.2424242424E+000  0.2203335421E-008
  0.6666666667E+000  0.2727272727E+000  0.2455908732E-008
  0.6666666667E+000  0.3030303030E+000  0.2684836934E-008
  0.6666666667E+000  0.3333333333E+000  0.2887913802E-008
  0.6666666667E+000  0.3636363636E+000  0.3063181504E-008
  0.6666666667E+000  0.3939393939E+000  0.3208950163E-008
  0.6666666667E+000  0.4242424242E+000  0.3323813624E-008
  0.6666666667E+000  0.4545454545E+000  0.3406663684E-008
  0.6666666667E+000  0.4848484848E+000  0.3456700547E-008
  0.6666666667E+000  0.5151515152E+000  0.3473441054E-008
  0.6666666667E+000  0.5454545455E+000  0.3456723207E-008
  0.6666666667E+000  0.5757575758E+000  0.3406708311E-008
  0.6666666667E+000  0.6060606061E+000  0.3323878822E-008
  0.6666666667E+000  0.6363636364E+000  0.3209033824E-008
  0.6666666667E+000  0.6666666667E+000  0.3063280814E-008
  0.6666666667E+000  0.6969696970E+000  0.2888025276E-008
  0.6666666667E+000  0.7272727273E+000  0.2684956495E-008
  0.6666666667E+000  0.7575757576E+000  0.2456031842E-008
  0.6666666667E+000  0.7878787879E+000  0.2203457259E-008
  0.6666666667E+000  0.8181818182E+000  0.1929666193E-008
  0.6666666667E+000  0.8484848485E+000  0.1637295871E-008
  0.6666666667E+000  0.8787878788E+000  0.1329162117E-008
  0.6666666667E+000  0.9090909091E+000  0.1008232087E-008
  0.6666666667E+000  0.9393939394E+000  0.6775958280E-009
  0.6666666667E+000  0.9696969697E+000  0.3404365336E-009
  0.6666666667E+000  0.1000000000E+001  0.0000000000E+000

  0.6969696970E+000  0.3030303030E-001  0.0000000000E+000
  0.6969696970E+000  0.6060606061E-001  0.3212012884E-009
  0.6969696970E+000  0.9090909091E-001  0.6393106657E-009
  0.6969696970E+000  0.1212121212E+000  0.9512658842E-009
  0.6969696970E+000  0.1515151515E+000  0.1254063740E-008
  0.6969696970E+000  0.1818181818E+000  0.1544788898E-008
  0.6969696970E+000  0.2121212121E+000  0.1820641893E-008
  0.6969696970E+000  0.2424242424E+000  0.2078966034E-008
  0.6969696970E+000  0.2727272727E+000  0.2317272969E-008
  0.6969696970E+000  0.3030303030E+000  0.2533266746E-008
  0.6969696970E+000  0.3333333333E+000  0.2724865771E-008
  0.6969696970E+000  0.3636363636E+000  0.2890223133E-008
  0.6969696970E+000  0.3939393939E+000  0.3027744654E-008
  0.6969696970E+000  0.4242424242E+000  0.3136104431E-008
  0.6969696970E+000  0.4545454545E+000  0.3214257172E-008
  0.6969696970E+000  0.4848484848E+000  0.3261449145E-008
  0.6969696970E+000  0.5151515152E+000  0.3277225221E-008
  0.6969696970E+000  0.5454545455E+000  0.3261433148E-008
  0.6969696970E+000  0.5757575758E+000  0.3214225980E-008
  0.6969696970E+000  0.6060606061E+000  0.3136059578E-008
  0.6969696970E+000  0.6363636364E+000  0.3027688285E-008
  0.6969696970E+000  0.6666666667E+000  0.2890157844E-008
  0.6969696970E+000  0.6969696970E+000  0.2724794430E-008
  0.6969696970E+000  0.7272727273E+000  0.2533192328E-008
  0.6969696970E+000  0.7575757576E+000  0.2317198408E-008
  0.6969696970E+000  0.7878787879E+000  0.2078894115E-008
  0.6969696970E+000  0.8181818182E+000  0.1820575169E-008
  0.6969696970E+000  0.8484848485E+000  0.1544729639E-008
  0.6969696970E+000  0.8787878788E+000  0.1254013895E-008
  0.6969696970E+000  0.9090909091E+000  0.9512270544E-009
  0.6969696970E+000  0.9393939394E+000  0.6392840812E-009
  0.6969696970E+000  0.9696969697E+000  0.3211877847E-009
  0.6969696970E+000  0.1000000000E+001  0.0000000000E+000

  0.7272727273E+000  0.3030303030E-001  0.0000000000E+000
  0.7272727273E+000  0.6060606061E-001  0.2988476775E-009
  0.7272727273E+000  0.9090909091E-001  0.5948181031E-009
  0.7272727273E+000  0.1212121212E+000  0.8850616469E-009
  0.7272727273E+000  0.1515151515E+000  0.1166783681E-008
  0.7272727273E+000  0.1818181818E+000  0.1437271384E-008
  0.7272727273E+000  0.2121212121E+000  0.1693919880E-008
  0.7272727273E+000  0.2424242424E+000  0.1934257175E-008
  0.7272727273E+000  0.2727272727E+000  0.2155968140E-008
  0.7272727273E+000  0.3030303030E+000  0.2356916581E-008
  0.7272727273E+000  0.3333333333E+000  0.2535166116E-008
  0.7272727273E+000  0.3636363636E+000  0.2688998632E-008
  0.7272727273E+000  0.3939393939E+000  0.2816931416E-008
  0.7272727273E+000  0.4242424242E+000  0.2917731137E-008
  0.7272727273E+000  0.4545454545E+000  0.2990426084E-008
  0.7272727273E+000  0.4848484848E+000  0.3034315494E-008
  0.7272727273E+000  0.5151515152E+000  0.3048976547E-008
  0.7272727273E+000  0.5454545455E+000  0.3034268449E-008
  0.7272727273E+000  0.5757575758E+000  0.2990333991E-008
  0.7272727273E+000  0.6060606061E+000  0.2917597874E-008
  0.7272727273E+000  0.6363636364E+000  0.2816762530E-008
  0.7272727273E+000  0.6666666667E+000  0.2688801053E-008
  0.7272727273E+000  0.6969696970E+000  0.2534947807E-008
  0.7272727273E+000  0.7272727273E+000  0.2356686178E-008
  0.7272727273E+000  0.7575757576E+000  0.2155734583E-008
  0.7272727273E+000  0.7878787879E+000  0.1934029368E-008
  0.7272727273E+000  0.8181818182E+000  0.1693706368E-008
  0.7272727273E+000  0.8484848485E+000  0.1437080070E-008
  0.7272727273E+000  0.8787878788E+000  0.1166621575E-008
  0.7272727273E+000  0.9090909091E+000  0.8849346437E-009
  0.7272727273E+000  0.9393939394E+000  0.5947307998E-009
  0.7272727273E+000  0.9696969697E+000  0.2988032248E-009
  0.7272727273E+000  0.1000000000E+001  0.0000000000E+000

  0.7575757576E+000  0.3030303030E-001  0.0000000000E+000
  0.7575757576E+000  0.6060606061E-001  0.2735629010E-009
  0.7575757576E+000  0.9090909091E-001  0.5444915423E-009
  0.7575757576E+000  0.1212121212E+000  0.8101769916E-009
  0.7575757576E+000  0.1515151515E+000  0.1068060671E-008
  0.7575757576E+000  0.1818181818E+000  0.1315659020E-008
  0.7575757576E+000  0.2121212121E+000  0.1550587273E-008
  0.7575757576E+000  0.2424242424E+000  0.1770582557E-008
  0.7575757576E+000  0.2727272727E+000  0.1973525450E-008
  0.7575757576E+000  0.3030303030E+000  0.2157460817E-008
  0.7575757576E+000  0.3333333333E+000  0.2320616048E-008
  0.7575757576E+000  0.3636363636E+000  0.2461418879E-008
  0.7575757576E+000  0.3939393939E+000  0.2578512212E-008
  0.7575757576E+000  0.4242424242E+000  0.2670767780E-008
  0.7575757576E+000  0.4545454545E+000  0.2737296348E-008
  0.7575757576E+000  0.4848484848E+000  0.2777457097E-008
  0.7575757576E+000  0.5151515152E+000  0.2790863594E-008
  0.7575757576E+000  0.5454545455E+000  0.2777387228E-008
  0.7575757576E+000  0.5757575758E+000  0.2737159476E-008
  0.7575757576E+000  0.6060606061E+000  0.2670569495E-008
  0.7575757576E+000  0.6363636364E+000  0.2578260549E-008
  0.7575757576E+000  0.6666666667E+000  0.2461123938E-008
  0.7575757576E+000  0.6969696970E+000  0.2320289530E-008
  0.7575757576E+000  0.7272727273E+000  0.2157115515E-008
  0.7575757576E+000  0.7575757576E+000  0.1973174726E-008
  0.7575757576E+000  0.7878787879E+000  0.1770239826E-008
  0.7575757576E+000  0.8181818182E+000  0.1550265504E-008
  0.7575757576E+000  0.8484848485E+000  0.1315370283E-008
  0.7575757576E+000  0.8787878788E+000  0.1067815721E-008
  0.7575757576E+000  0.9090909091E+000  0.8099849069E-009
  0.7575757576E+000  0.9393939394E+000  0.5443594149E-009
  0.7575757576E+000  0.9696969697E+000  0.2734955989E-009
  0.7575757576E+000  0.1000000000E+001  0.0000000000E+000

  0.7878787879E+000  0.3030303030E-001  0.0000000000E+000
  0.7878787879E+000  0.6060606061E-001  0.2455893680E-009
  0.7878787879E+000  0.9090909091E-001  0.4888134892E-009
  0.7878787879E+000  0.1212121212E+000  0.7273298577E-009
  0.7878787879E+000  0.1515151515E+000  0.9588412478E-009
  0.7878787879E+000  0.1818181818E+000  0.1181117773E-008
  0.7878787879E+000  0.2121212121E+000  0.1392018409E-008
  0.7878787879E+000  0.2424242424E+000  0.1589511488E-008
  0.7878787879E+000  0.2727272727E+000  0.1771694444E-008
  0.7878787879E+000  0.3030303030E+000  0.1936811924E-008
  0.7878787879E+000  0.3333333333E+000  0.2083272959E-008
  0.7878787879E+000  0.3636363636E+000  0.2209666135E-008
  0.7878787879E+000  0.3939393939E+000  0.2314773603E-008
  0.7878787879E+000  0.4242424242E+000  0.2397582585E-008
  0.7878787879E+000  0.4545454545E+000  0.2457295412E-008
  0.7878787879E+000  0.4848484848E+000  0.2493337141E-008
  0.7878787879E+000  0.5151515152E+000  0.2505361215E-008
  0.7878787879E+000  0.5454545455E+000  0.2493252892E-008
  0.7878787879E+000  0.5757575758E+000  0.2457130322E-008
  0.7878787879E+000  0.6060606061E+000  0.2397343305E-008
  0.7878787879E+000  0.6363636364E+000  0.2314469717E-008
  0.7878787879E+000  0.6666666667E+000  0.2209309724E-008
  0.7878787879E+000  0.6969696970E+000  0.2082878064E-008
  0.7878787879E+000  0.7272727273E+000  0.1936393955E-008
  0.7878787879E+000  0.7575757576E+000  0.1771269555E-008
  0.7878787879E+000  0.7878787879E+000  0.1589095953E-008
  0.7878787879E+000  0.8181818182E+000  0.1391628010E-008
  0.7878787879E+000  0.8484848485E+000  0.1180767236E-008
  0.7878787879E+000  0.8787878788E+000  0.9585437188E-009
  0.7878787879E+000  0.9090909091E+000  0.7270964492E-009
  0.7878787879E+000  0.9393939394E+000  0.4886528921E-009
  0.7878787879E+000  0.9696969697E+000  0.2455075507E-009
  0.7878787879E+000  0.1000000000E+001  0.0000000000E+000

  0.8181818182E+000  0.3030303030E-001  0.0000000000E+000
  0.8181818182E+000  0.6060606061E-001  0.2151974785E-009
  0.8181818182E+000  0.9090909091E-001  0.4283221295E-009
  0.8181818182E+000  0.1212121212E+000  0.6373210739E-009
  0.8181818182E+000  0.1515151515E+000  0.8401811214E-009
  0.8181818182E+000  0.1818181818E+000  0.1034948159E-008
  0.8181818182E+000  0.2121212121E+000  0.1219745953E-008
  0.8181818182E+000  0.2424242424E+000  0.1392794234E-008
  0.8181818182E+000  0.2727272727E+000  0.1552425787E-008
  0.8181818182E+000  0.3030303030E+000  0.1697102656E-008
  0.8181818182E+000  0.3333333333E+000  0.1825430779E-008
  0.8181818182E+000  0.3636363636E+000  0.1936173673E-008
  0.8181818182E+000  0.3939393939E+000  0.2028264353E-008
  0.8181818182E+000  0.4242424242E+000  0.2100815779E-008
  0.8181818182E+000  0.4545454545E+000  0.2153129186E-008
  0.8181818182E+000  0.4848484848E+000  0.2184701220E-008
  0.8181818182E+000  0.5151515152E+000  0.2195228558E-008
  0.8181818182E+000  0.5454545455E+000  0.2184610883E-008
  0.8181818182E+000  0.5757575758E+000  0.2152952136E-008
  0.8181818182E+000  0.6060606061E+000  0.2100559094E-008
  0.8181818182E+000  0.6363636364E+000  0.2027938247E-008
  0.8181818182E+000  0.6666666667E+000  0.1935791039E-008
  0.8181818182E+000  0.6969696970E+000  0.1825006634E-008
  0.8181818182E+000  0.7272727273E+000  0.1696653513E-008
  0.8181818182E+000  0.7575757576E+000  0.1551968992E-008
  0.8181818182E+000  0.7878787879E+000  0.1392347294E-008
  0.8181818182E+000  0.8181818182E+000  0.1219325879E-008
  0.8181818182E+000  0.8484848485E+000  0.1034570844E-008
  0.8181818182E+000  0.8787878788E+000  0.8398607719E-009
  0.8181818182E+000  0.9090909091E+000  0.6370697067E-009
  0.8181818182E+000  0.9393939394E+000  0.4281491486E-009
  0.8181818182E+000  0.9696969697E+000  0.2151093439E-009
  0.8181818182E+000  0.1000000000E+001  0.0000000000E+000

  0.8484848485E+000  0.3030303030E-001  0.0000000000E+000
  0.8484848485E+000  0.6060606061E-001  0.1826829782E-009
  0.8484848485E+000  0.9090909091E-001  0.3636061115E-009
  0.8484848485E+000  0.1212121212E+000  0.5410264931E-009
  0.8484848485E+000  0.1515151515E+000  0.7132349352E-009
  0.8484848485E+000  0.1818181818E+000  0.8785724277E-009
  0.8484848485E+000  0.2121212121E+000  0.1035446143E-008
  0.8484848485E+000  0.2424242424E+000  0.1182344705E-008
  0.8484848485E+000  0.2727272727E+000  0.1317852851E-008
  0.8484848485E+000  0.3030303030E+000  0.1440664964E-008
  0.8484848485E+000  0.3333333333E+000  0.1549597789E-008
  0.8484848485E+000  0.3636363636E+000  0.1643601761E-008
  0.8484848485E+000  0.3939393939E+000  0.1721771334E-008
  0.8484848485E+000  0.4242424242E+000  0.1783353615E-008
  0.8484848485E+000  0.4545454545E+000  0.1827755738E-008
  0.8484848485E+000  0.4848484848E+000  0.1854550594E-008
  0.8484848485E+000  0.5151515152E+000  0.1863480948E-008
  0.8484848485E+000  0.5454545455E+000  0.1854461955E-008
  0.8484848485E+000  0.5757575758E+000  0.1827581997E-008
  0.8484848485E+000  0.6060606061E+000  0.1783101683E-008
  0.8484848485E+000  0.6363636364E+000  0.1721451193E-008
  0.8484848485E+000  0.6666666667E+000  0.1643226024E-008
  0.8484848485E+000  0.6969696970E+000  0.1549181164E-008
  0.8484848485E+000  0.7272727273E+000  0.1440223648E-008
  0.8484848485E+000  0.7575757576E+000  0.1317403877E-008
  0.8484848485E+000  0.7878787879E+000  0.1181905290E-008
  0.8484848485E+000  0.8181818182E+000  0.1035033032E-008
  0.8484848485E+000  0.8484848485E+000  0.8782012822E-009
  0.8484848485E+000  0.8787878788E+000  0.7129197642E-009
  0.8484848485E+000  0.9090909091E+000  0.5407791531E-009
  0.8484848485E+000  0.9393939394E+000  0.3634358842E-009
  0.8484848485E+000  0.9696969697E+000  0.1825962413E-009
  0.8484848485E+000  0.1000000000E+001  0.0000000000E+000

  0.8787878788E+000  0.3030303030E-001  0.0000000000E+000
  0.8787878788E+000  0.6060606061E-001  0.1483639960E-009
  0.8787878788E+000  0.9090909091E-001  0.2952986141E-009
  0.8787878788E+000  0.1212121212E+000  0.4393882353E-009
  0.8787878788E+000  0.1515151515E+000  0.5792446571E-009
  0.8787878788E+000  0.1818181818E+000  0.7135204082E-009
  0.8787878788E+000  0.2121212121E+000  0.8409218409E-009
  0.8787878788E+000  0.2424242424E+000  0.9602214844E-009
  0.8787878788E+000  0.2727272727E+000  0.1070269916E-008
  0.8787878788E+000  0.3030303030E+000  0.1170006873E-008
  0.8787878788E+000  0.3333333333E+000  0.1258471406E-008
  0.8787878788E+000  0.3636363636E+000  0.1334811257E-008
  0.8787878788E+000  0.3939393939E+000  0.1398291087E-008
  0.8787878788E+000  0.4242424242E+000  0.1448299615E-008
  0.8787878788E+000  0.4545454545E+000  0.1484355497E-008
  0.8787878788E+000  0.4848484848E+000  0.1506112018E-008
  0.8787878788E+000  0.5151515152E+000  0.1513360500E-008
  0.8787878788E+000  0.5454545455E+000  0.1506032048E-008
  0.8787878788E+000  0.5757575758E+000  0.1484198734E-008
  0.8787878788E+000  0.6060606061E+000  0.1448072277E-008
  0.8787878788E+000  0.6363636364E+000  0.1398002153E-008
  0.8787878788E+000  0.6666666667E+000  0.1334472083E-008
  0.8787878788E+000  0.6969696970E+000  0.1258095245E-008
  0.8787878788E+000  0.7272727273E+000  0.1169608332E-008
  0.8787878788E+000  0.7575757576E+000  0.1069864374E-008
  0.8787878788E+000  0.7878787879E+000  0.9598244956E-009
  0.8787878788E+000  0.8181818182E+000  0.8405485477E-009
  0.8787878788E+000  0.8484848485E+000  0.7131849818E-009
  0.8787878788E+000  0.8787878788E+000  0.5789597805E-009
  0.8787878788E+000  0.9090909091E+000  0.4391646468E-009
  0.8787878788E+000  0.9393939394E+000  0.2951447222E-009
  0.8787878788E+000  0.9696969697E+000  0.1482855793E-009
  0.8787878788E+000  0.1000000000E+001  0.0000000000E+000

  0.9090909091E+000  0.3030303030E-001  0.0000000000E+000
  0.9090909091E+000  0.6060606061E-001  0.1125777791E-009
  0.9090909091E+000  0.9090909091E-001  0.2240708700E-009
  0.9090909091E+000  0.1212121212E+000  0.3334050324E-009
  0.9090909091E+000  0.1515151515E+000  0.4395268238E-009
  0.9090909091E+000  0.1818181818E+000  0.5414137561E-009
  0.9090909091E+000  0.2121212121E+000  0.6380841533E-009
  0.9090909091E+000  0.2424242424E+000  0.7286066025E-009
  0.9090909091E+000  0.2727272727E+000  0.8121089419E-009
  0.9090909091E+000  0.3030303030E+000  0.8877866422E-009
  0.9090909091E+000  0.3333333333E+000  0.9549106103E-009
  0.9090909091E+000  0.3636363636E+000  0.1012834200E-008
  0.9090909091E+000  0.3939393939E+000  0.1060999525E-008
  0.9090909091E+000  0.4242424242E+000  0.1098942818E-008
  0.9090909091E+000  0.4545454545E+000  0.1126298948E-008
  0.9090909091E+000  0.4848484848E+000  0.1142804938E-008
  0.9090909091E+000  0.5151515152E+000  0.1148302482E-008
  0.9090909091E+000  0.5454545455E+000  0.1142739528E-008
  0.9090909091E+000  0.5757575758E+000  0.1126170723E-008
  0.9090909091E+000  0.6060606061E+000  0.1098756849E-008
  0.9090909091E+000  0.6363636364E+000  0.1060763143E-008
  0.9090909091E+000  0.6666666667E+000  0.1012556679E-008
  0.9090909091E+000  0.6969696970E+000  0.9546027813E-009
  0.9090909091E+000  0.7272727273E+000  0.8874604493E-009
  0.9090909091E+000  0.7575757576E+000  0.8117769684E-009
  0.9090909091E+000  0.7878787879E+000  0.7282815838E-009
  0.9090909091E+000  0.8181818182E+000  0.6377784945E-009
  0.9090909091E+000  0.8484848485E+000  0.5411390720E-009
  0.9090909091E+000  0.8787878788E+000  0.4392935135E-009
  0.9090909091E+000  0.9090909091E+000  0.3332219030E-009
  0.9090909091E+000  0.9393939394E+000  0.2239448190E-009
  0.9090909091E+000  0.9696969697E+000  0.1125135469E-009
  0.9090909091E+000  0.1000000000E+001  0.0000000000E+000

  0.9393939394E+000  0.3030303030E-001  0.0000000000E+000
  0.9393939394E+000  0.6060606061E-001  0.7567719580E-010
  0.9393939394E+000  0.9090909091E-001  0.1506251978E-009
  0.9393939394E+000  0.1212121212E+000  0.2241218464E-009
  0.9393939394E+000  0.1515151515E+000  0.2954589572E-009
  0.9393939394E+000  0.1818181818E+000  0.3639491601E-009
  0.9393939394E+000  0.2121212121E+000  0.4289325362E-009
  0.9393939394E+000  0.2424242424E+000  0.4897829626E-009
  0.9393939394E+000  0.2727272727E+000  0.5459141410E-009
  0.9393939394E+000  0.3030303030E+000  0.5967852791E-009
  0.9393939394E+000  0.3333333333E+000  0.6419062668E-009
  0.9393939394E+000  0.3636363636E+000  0.6808424544E-009
  0.9393939394E+000  0.3939393939E+000  0.7132188457E-009
  0.9393939394E+000  0.4242424242E+000  0.7387237434E-009
  0.9393939394E+000  0.4545454545E+000  0.7571117239E-009
  0.9393939394E+000  0.4848484848E+000  0.7682060788E-009
  0.9393939394E+000  0.5151515152E+000  0.7719004424E-009
  0.9393939394E+000  0.5454545455E+000  0.7681598338E-009
  0.9393939394E+000  0.5757575758E+000  0.7570210644E-009
  0.9393939394E+000  0.6060606061E+000  0.7385922502E-009
  0.9393939394E+000  0.6363636364E+000  0.7130516944E-009
  0.9393939394E+000  0.6666666667E+000  0.6806461958E-009
  0.9393939394E+000  0.6969696970E+000  0.6416885534E-009
  0.9393939394E+000  0.7272727273E+000  0.5965545540E-009
  0.9393939394E+000  0.7575757576E+000  0.5456793032E-009
  0.9393939394E+000  0.7878787879E+000  0.4895530222E-009
  0.9393939394E+000  0.8181818182E+000  0.4287162732E-009
  0.9393939394E+000  0.8484848485E+000  0.3637547975E-009
  0.9393939394E+000  0.8787878788E+000  0.2952938597E-009
  0.9393939394E+000  0.9090909091E+000  0.2239922521E-009
  0.9393939394E+000  0.9393939394E+000  0.1505359927E-009
  0.9393939394E+000  0.9696969697E+000  0.7563173838E-010
  0.9393939394E+000  0.1000000000E+001  0.0000000000E+000

  0.9696969697E+000  0.3030303030E-001  0.0000000000E+000
  0.9696969697E+000  0.6060606061E-001  0.3802700782E-010
  0.9696969697E+000  0.9090909091E-001  0.7568759263E-010
  0.9696969697E+000  0.1212121212E+000  0.1126188605E-009
  0.9696969697E+000  0.1515151515E+000  0.1484649497E-009
  0.9696969697E+000  0.1818181818E+000  0.1828804548E-009
  0.9696969697E+000  0.2121212121E+000  0.2155337679E-009
  0.9696969697E+000  0.2424242424E+000  0.2461102627E-009
  0.9696969697E+000  0.2727272727E+000  0.2743153346E-009
  0.9696969697E+000  0.3030303030E+000  0.2998772376E-009
  0.9696969697E+000  0.3333333333E+000  0.3225497096E-009
  0.9696969697E+000  0.3636363636E+000  0.3421143490E-009
  0.9696969697E+000  0.3939393939E+000  0.3583827386E-009
  0.9696969697E+000  0.4242424242E+000  0.3711982600E-009
  0.9696969697E+000  0.4545454545E+000  0.3804376112E-009
  0.9696969697E+000  0.4848484848E+000  0.3860120045E-009
  0.9696969697E+000  0.5151515152E+000  0.3878680122E-009
  0.9696969697E+000  0.5454545455E+000  0.3859880800E-009
  0.9696969697E+000  0.5757575758E+000  0.3803907083E-009
  0.9696969697E+000  0.6060606061E+000  0.3711302294E-009
  0.9696969697E+000  0.6363636364E+000  0.3582962560E-009
  0.9696969697E+000  0.6666666667E+000  0.3420128013E-009
  0.9696969697E+000  0.6969696970E+000  0.3224370544E-009
  0.9696969697E+000  0.7272727273E+000  0.2997578425E-009
  0.9696969697E+000  0.7575757576E+000  0.2741938039E-009
  0.9696969697E+000  0.7878787879E+000  0.2459912596E-009
  0.9696969697E+000  0.8181818182E+000  0.2154218376E-009
  0.9696969697E+000  0.8484848485E+000  0.1827798549E-009
  0.9696969697E+000  0.8787878788E+000  0.1483794939E-009
  0.9696969697E+000  0.9090909091E+000  0.1125517795E-009
  0.9696969697E+000  0.9393939394E+000  0.7564141712E-010
  0.9696969697E+000  0.9696969697E+000  0.3800347725E-010
  0.9696969697E+000  0.1000000000E+001  0.0000000000E+000

  0.1000000000E+001  0.3030303030E-001  0.0000000000E+000
  0.1000000000E+001  0.6060606061E-001  0.0000000000E+000
  0.1000000000E+001  0.9090909091E-001  0.0000000000E+000
  0.1000000000E+001  0.1212121212E+000  0.0000000000E+000
  0.1000000000E+001  0.1515151515E+000  0.0000000000E+000
  0.1000000000E+001  0.1818181818E+000  0.0000000000E+000
  0.1000000000E+001  0.2121212121E+000  0.0000000000E+000
  0.1000000000E+001  0.2424242424E+000  0.0000000000E+000
  0.1000000000E+001  0.2727272727E+000  0.0000000000E+000
  0.1000000000E+001  0.3030303030E+000  0.0000000000E+000
  0.1000000000E+001  0.3333333333E+000  0.0000000000E+000
  0.1000000000E+001  0.3636363636E+000  0.0000000000E+000
  0.1000000000E+001  0.3939393939E+000  0.0000000000E+000
  0.1000000000E+001  0.4242424242E+000  0.0000000000E+000
  0.1000000000E+001  0.4545454545E+000  0.0000000000E+000
  0.1000000000E+001  0.4848484848E+000  0.0000000000E+000
  0.1000000000E+001  0.5151515152E+000  0.0000000000E+000
  0.1000000000E+001  0.5454545455E+000  0.0000000000E+000
  0.1000000000E+001  0.5757575758E+000  0.0000000000E+000
  0.1000000000E+001  0.6060606061E+000  0.0000000000E+000
  0.1000000000E+001  0.6363636364E+000  0.0000000000E+000
  0.1000000000E+001  0.6666666667E+000  0.0000000000E+000
  0.1000000000E+001  0.6969696970E+000  0.0000000000E+000
  0.1000000000E+001  0.7272727273E+000  0.0000000000E+000
  0.1000000000E+001  0.7575757576E+000  0.0000000000E+000
  0.1000000000E+001  0.7878787879E+000  0.0000000000E+000
  0.1000000000E+001  0.8181818182E+000  0.0000000000E+000
  0.1000000000E+001  0.8484848485E+000  0.0000000000E+000
  0.1000000000E+001  0.8787878788E+000  0.0000000000E+000
  0.1000000000E+001  0.9090909091E+000  0.0000000000E+000
  0.1000000000E+001  0.9393939394E+000  0.0000000000E+000
  0.1000000000E+001  0.9696969697E+000  0.0000000000E+000
  0.1000000000E+001  0.1000000000E+001  0.0000000000E+000

