  0.3030303030E-001  0.3030303030E-001  0.0000000000E+000
  0.3030303030E-001  0.6060606061E-001  0.0000000000E+000
  0.3030303030E-001  0.9090909091E-001  0.0000000000E+000
  0.3030303030E-001  0.1212121212E+000  0.0000000000E+000
  0.3030303030E-001  0.1515151515E+000  0.0000000000E+000
  0.3030303030E-001  0.1818181818E+000  0.0000000000E+000
  0.3030303030E-001  0.2121212121E+000  0.0000000000E+000
  0.3030303030E-001  0.2424242424E+000  0.0000000000E+000
  0.3030303030E-001  0.2727272727E+000  0.0000000000E+000
  0.3030303030E-001  0.3030303030E+000  0.0000000000E+000
  0.3030303030E-001  0.3333333333E+000  0.0000000000E+000
  0.3030303030E-001  0.3636363636E+000  0.0000000000E+000
  0.3030303030E-001  0.3939393939E+000  0.0000000000E+000
  0.3030303030E-001  0.4242424242E+000  0.0000000000E+000
  0.3030303030E-001  0.4545454545E+000  0.0000000000E+000
  0.3030303030E-001  0.4848484848E+000  0.0000000000E+000
  0.3030303030E-001  0.5151515152E+000  0.0000000000E+000
  0.3030303030E-001  0.5454545455E+000  0.0000000000E+000
  0.3030303030E-001  0.5757575758E+000  0.0000000000E+000
  0.3030303030E-001  0.6060606061E+000  0.0000000000E+000
  0.3030303030E-001  0.6363636364E+000  0.0000000000E+000
  0.3030303030E-001  0.6666666667E+000  0.0000000000E+000
  0.3030303030E-001  0.6969696970E+000  0.0000000000E+000
  0.3030303030E-001  0.7272727273E+000  0.0000000000E+000
  0.3030303030E-001  0.7575757576E+000  0.0000000000E+000
  0.3030303030E-001  0.7878787879E+000  0.0000000000E+000
  0.3030303030E-001  0.8181818182E+000  0.0000000000E+000
  0.3030303030E-001  0.8484848485E+000  0.0000000000E+000
  0.3030303030E-001  0.8787878788E+000  0.0000000000E+000
  0.3030303030E-001  0.9090909091E+000  0.0000000000E+000
  0.3030303030E-001  0.9393939394E+000  0.0000000000E+000
  0.3030303030E-001  0.9696969697E+000  0.0000000000E+000
  0.3030303030E-001  0.1000000000E+001  0.0000000000E+000

  0.6060606061E-001  0.3030303030E-001  0.0000000000E+000
  0.6060606061E-001  0.6060606061E-001  0.2489148881E-015
  0.6060606061E-001  0.9090909091E-001  0.4954326917E-015
  0.6060606061E-001  0.1212121212E+000  0.7371793875E-015
  0.6060606061E-001  0.1515151515E+000  0.9718269052E-015
  0.6060606061E-001  0.1818181818E+000  0.1197115507E-014
  0.6060606061E-001  0.2121212121E+000  0.1410875630E-014
  0.6060606061E-001  0.2424242424E+000  0.1611048689E-014
  0.6060606061E-001  0.2727272727E+000  0.1795706956E-014
  0.6060606061E-001  0.3030303030E+000  0.1963072083E-014
  0.6060606061E-001  0.3333333333E+000  0.2111532241E-014
  0.6060606061E-001  0.3636363636E+000  0.2239657622E-014
  0.6060606061E-001  0.3939393939E+000  0.2346214282E-014
  0.6060606061E-001  0.4242424242E+000  0.2430175957E-014
  0.6060606061E-001  0.4545454545E+000  0.2490733958E-014
  0.6060606061E-001  0.4848484848E+000  0.2527304991E-014
  0.6060606061E-001  0.5151515152E+000  0.2539536713E-014
  0.6060606061E-001  0.5454545455E+000  0.2527311163E-014
  0.6060606061E-001  0.5757575758E+000  0.2490746066E-014
  0.6060606061E-001  0.6060606061E+000  0.2430193535E-014
  0.6060606061E-001  0.6363636364E+000  0.2346236654E-014
  0.6060606061E-001  0.6666666667E+000  0.2239683929E-014
  0.6060606061E-001  0.6969696970E+000  0.2111561471E-014
  0.6060606061E-001  0.7272727273E+000  0.1963103114E-014
  0.6060606061E-001  0.7575757576E+000  0.1795738594E-014
  0.6060606061E-001  0.7878787879E+000  0.1611079719E-014
  0.6060606061E-001  0.8181818182E+000  0.1410904859E-014
  0.6060606061E-001  0.8484848485E+000  0.1197141813E-014
  0.6060606061E-001  0.8787878788E+000  0.9718492763E-015
  0.6060606061E-001  0.9090909091E+000  0.7371969643E-015
  0.6060606061E-001  0.9393939394E+000  0.4954447988E-015
  0.6060606061E-001  0.9696969697E+000  0.2489210602E-015
  0.6060606061E-001  0.1000000000E+001  0.0000000000E+000

  0.9090909091E-001  0.3030303030E-001  0.0000000000E+000
  0.9090909091E-001  0.6060606061E-001  0.4954342796E-015
  0.9090909091E-001  0.9090909091E-001  0.9860974343E-015
  0.9090909091E-001  0.1212121212E+000  0.1467264321E-014
  0.9090909091E-001  0.1515151515E+000  0.1934301153E-014
  0.9090909091E-001  0.1818181818E+000  0.2382710211E-014
  0.9090909091E-001  0.2121212121E+000  0.2808173237E-014
  0.9090909091E-001  0.2424242424E+000  0.3206592920E-014
  0.9090909091E-001  0.2727272727E+000  0.3574132297E-014
  0.9090909091E-001  0.3030303030E+000  0.3907251876E-014
  0.9090909091E-001  0.3333333333E+000  0.4202743421E-014
  0.9090909091E-001  0.3636363636E+000  0.4457761120E-014
  0.9090909091E-001  0.3939393939E+000  0.4669848915E-014
  0.9090909091E-001  0.4242424242E+000  0.4836964245E-014
  0.9090909091E-001  0.4545454545E+000  0.4957497423E-014
  0.9090909091E-001  0.4848484848E+000  0.5030287580E-014
  0.9090909091E-001  0.5151515152E+000  0.5054633352E-014
  0.9090909091E-001  0.5454545455E+000  0.5030299826E-014
  0.9090909091E-001  0.5757575758E+000  0.4957521444E-014
  0.9090909091E-001  0.6060606061E+000  0.4836999118E-014
  0.9090909091E-001  0.6363636364E+000  0.4669893299E-014
  0.9090909091E-001  0.6666666667E+000  0.4457813310E-014
  0.9090909091E-001  0.6969696970E+000  0.4202801411E-014
  0.9090909091E-001  0.7272727273E+000  0.3907313438E-014
  0.9090909091E-001  0.7575757576E+000  0.3574195064E-014
  0.9090909091E-001  0.7878787879E+000  0.3206654480E-014
  0.9090909091E-001  0.8181818182E+000  0.2808231226E-014
  0.9090909091E-001  0.8484848485E+000  0.2382762398E-014
  0.9090909091E-001  0.8787878788E+000  0.1934345535E-014
  0.9090909091E-001  0.9090909091E+000  0.1467299192E-014
  0.9090909091E-001  0.9393939394E+000  0.9861214532E-015
  0.9090909091E-001  0.9696969697E+000  0.4954465243E-015
  0.9090909091E-001  0.1000000000E+001  0.0000000000E+000

  0.1212121212E+000  0.3030303030E-001  0.0000000000E+000
  0.1212121212E+000  0.6060606061E-001  0.7371856630E-015
  0.1212121212E+000  0.9090909091E-001  0.1467272109E-014
  0.1212121212E+000  0.1212121212E+000  0.2183228455E-014
  0.1212121212E+000  0.1515151515E+000  0.2878159851E-014
  0.1212121212E+000  0.1818181818E+000  0.3545373917E-014
  0.1212121212E+000  0.2121212121E+000  0.4178445225E-014
  0.1212121212E+000  0.2424242424E+000  0.4771277118E-014
  0.1212121212E+000  0.2727272727E+000  0.5318160479E-014
  0.1212121212E+000  0.3030303030E+000  0.5813828502E-014
  0.1212121212E+000  0.3333333333E+000  0.6253507643E-014
  0.1212121212E+000  0.3636363636E+000  0.6632963349E-014
  0.1212121212E+000  0.3939393939E+000  0.6948541208E-014
  0.1212121212E+000  0.4242424242E+000  0.7197201820E-014
  0.1212121212E+000  0.4545454545E+000  0.7376550242E-014
  0.1212121212E+000  0.4848484848E+000  0.7484858937E-014
  0.1212121212E+000  0.5151515152E+000  0.7521084275E-014
  0.1212121212E+000  0.5454545455E+000  0.7484877059E-014
  0.1212121212E+000  0.5757575758E+000  0.7376585791E-014
  0.1212121212E+000  0.6060606061E+000  0.7197253428E-014
  0.1212121212E+000  0.6363636364E+000  0.6948606892E-014
  0.1212121212E+000  0.6666666667E+000  0.6633040584E-014
  0.1212121212E+000  0.6969696970E+000  0.6253593462E-014
  0.1212121212E+000  0.7272727273E+000  0.5813919606E-014
  0.1212121212E+000  0.7575757576E+000  0.5318253367E-014
  0.1212121212E+000  0.7878787879E+000  0.4771368220E-014
  0.1212121212E+000  0.8181818182E+000  0.4178531041E-014
  0.1212121212E+000  0.8484848485E+000  0.3545451149E-014
  0.1212121212E+000  0.8787878788E+000  0.2878225531E-014
  0.1212121212E+000  0.9090909091E+000  0.2183280059E-014
  0.1212121212E+000  0.9393939394E+000  0.1467307655E-014
  0.1212121212E+000  0.9696969697E+000  0.7372037838E-015
  0.1212121212E+000  0.1000000000E+001  0.0000000000E+000

  0.1515151515E+000  0.3030303030E-001  0.0000000000E+000
  0.1515151515E+000  0.6060606061E-001  0.9718423305E-015
  0.1515151515E+000  0.9090909091E-001  0.1934325655E-014
  0.1515151515E+000  0.1212121212E+000  0.2878181033E-014
  0.1515151515E+000  0.1515151515E+000  0.3794318983E-014
  0.1515151515E+000  0.1818181818E+000  0.4673916649E-014
  0.1515151515E+000  0.2121212121E+000  0.5508503496E-014
  0.1515151515E+000  0.2424242424E+000  0.6290042167E-014
  0.1515151515E+000  0.2727272727E+000  0.7011006124E-014
  0.1515151515E+000  0.3030303030E+000  0.7664452321E-014
  0.1515151515E+000  0.3333333333E+000  0.8244087471E-014
  0.1515151515E+000  0.3636363636E+000  0.8744329246E-014
  0.1515151515E+000  0.3939393939E+000  0.9160359895E-014
  0.1515151515E+000  0.4242424242E+000  0.9488172692E-014
  0.1515151515E+000  0.4545454545E+000  0.9724610217E-014
  0.1515151515E+000  0.4848484848E+000  0.9867394958E-014
  0.1515151515E+000  0.5151515152E+000  0.9915151594E-014
  0.1515151515E+000  0.5454545455E+000  0.9867418668E-014
  0.1515151515E+000  0.5757575758E+000  0.9724656726E-014
  0.1515151515E+000  0.6060606061E+000  0.9488240213E-014
  0.1515151515E+000  0.6363636364E+000  0.9160445832E-014
  0.1515151515E+000  0.6666666667E+000  0.8744430297E-014
  0.1515151515E+000  0.6969696970E+000  0.8244199751E-014
  0.1515151515E+000  0.7272727273E+000  0.7664571516E-014
  0.1515151515E+000  0.7575757576E+000  0.7011127654E-014
  0.1515151515E+000  0.7878787879E+000  0.6290161360E-014
  0.1515151515E+000  0.8181818182E+000  0.5508615773E-014
  0.1515151515E+000  0.8484848485E+000  0.4674017694E-014
  0.1515151515E+000  0.8787878788E+000  0.3794404915E-014
  0.1515151515E+000  0.9090909091E+000  0.2878248549E-014
  0.1515151515E+000  0.9393939394E+000  0.1934372161E-014
  0.1515151515E+000  0.9696969697E+000  0.9718660387E-015
  0.1515151515E+000  0.1000000000E+001  0.0000000000E+000

  0.1818181818E+000  0.3030303030E-001  0.0000000000E+000
  0.1818181818E+000  0.6060606061E-001  0.1197145691E-014
  0.1818181818E+000  0.9090909091E-001  0.2382762650E-014
  0.1818181818E+000  0.1212121212E+000  0.3545433127E-014
  0.1818181818E+000  0.1515151515E+000  0.4673960308E-014
  0.1818181818E+000  0.1818181818E+000  0.5757476153E-014
  0.1818181818E+000  0.2121212121E+000  0.6785546255E-014
  0.1818181818E+000  0.2424242424E+000  0.7748269846E-014
  0.1818181818E+000  0.2727272727E+000  0.8636375756E-014
  0.1818181818E+000  0.3030303030E+000  0.9441310946E-014
  0.1818181818E+000  0.3333333333E+000  0.1015532354E-013
  0.1818181818E+000  0.3636363636E+000  0.1077153676E-013
  0.1818181818E+000  0.3939393939E+000  0.1128401622E-013
  0.1818181818E+000  0.4242424242E+000  0.1168782609E-013
  0.1818181818E+000  0.4545454545E+000  0.1197907705E-013
  0.1818181818E+000  0.4848484848E+000  0.1215496367E-013
  0.1818181818E+000  0.5151515152E+000  0.1221379126E-013
  0.1818181818E+000  0.5454545455E+000  0.1215499259E-013
  0.1818181818E+000  0.5757575758E+000  0.1197913379E-013
  0.1818181818E+000  0.6060606061E+000  0.1168790846E-013
  0.1818181818E+000  0.6363636364E+000  0.1128412106E-013
  0.1818181818E+000  0.6666666667E+000  0.1077166004E-013
  0.1818181818E+000  0.6969696970E+000  0.1015546051E-013
  0.1818181818E+000  0.7272727273E+000  0.9441456355E-014
  0.1818181818E+000  0.7575757576E+000  0.8636524012E-014
  0.1818181818E+000  0.7878787879E+000  0.7748415252E-014
  0.1818181818E+000  0.8181818182E+000  0.6785683223E-014
  0.1818181818E+000  0.8484848485E+000  0.5757599421E-014
  0.1818181818E+000  0.8787878788E+000  0.4674065137E-014
  0.1818181818E+000  0.9090909091E+000  0.3545515491E-014
  0.1818181818E+000  0.9393939394E+000  0.2382819383E-014
  0.1818181818E+000  0.9696969697E+000  0.1197174613E-014
  0.1818181818E+000  0.1000000000E+001  0.0000000000E+000

  0.2121212121E+000  0.3030303030E-001  0.0000000000E+000
  0.2121212121E+000  0.6060606061E-001  0.1410927052E-014
  0.2121212121E+000  0.9090909091E-001  0.2808266585E-014
  0.2121212121E+000  0.1212121212E+000  0.4178561944E-014
  0.2121212121E+000  0.1515151515E+000  0.5508616828E-014
  0.2121212121E+000  0.1818181818E+000  0.6785622476E-014
  0.2121212121E+000  0.2121212121E+000  0.7997280955E-014
  0.2121212121E+000  0.2424242424E+000  0.9131923747E-014
  0.2121212121E+000  0.2727272727E+000  0.1017862365E-013
  0.2121212121E+000  0.3030303030E+000  0.1112730089E-013
  0.2121212121E+000  0.3333333333E+000  0.1196881867E-013
  0.2121212121E+000  0.3636363636E+000  0.1269507255E-013
  0.2121212121E+000  0.3939393939E+000  0.1329906807E-013
  0.2121212121E+000  0.4242424242E+000  0.1377498864E-013
  0.2121212121E+000  0.4545454545E+000  0.1411824978E-013
  0.2121212121E+000  0.4848484848E+000  0.1432554545E-013
  0.2121212121E+000  0.5151515152E+000  0.1439487827E-013
  0.2121212121E+000  0.5454545455E+000  0.1432557914E-013
  0.2121212121E+000  0.5757575758E+000  0.1411831587E-013
  0.2121212121E+000  0.6060606061E+000  0.1377508458E-013
  0.2121212121E+000  0.6363636364E+000  0.1329919017E-013
  0.2121212121E+000  0.6666666667E+000  0.1269521614E-013
  0.2121212121E+000  0.6969696970E+000  0.1196897821E-013
  0.2121212121E+000  0.7272727273E+000  0.1112747025E-013
  0.2121212121E+000  0.7575757576E+000  0.1017879633E-013
  0.2121212121E+000  0.7878787879E+000  0.9132093107E-014
  0.2121212121E+000  0.8181818182E+000  0.7997440488E-014
  0.2121212121E+000  0.8484848485E+000  0.6785766051E-014
  0.2121212121E+000  0.8787878788E+000  0.5508738927E-014
  0.2121212121E+000  0.9090909091E+000  0.4178657876E-014
  0.2121212121E+000  0.9393939394E+000  0.2808332664E-014
  0.2121212121E+000  0.9696969697E+000  0.1410960738E-014
  0.2121212121E+000  0.1000000000E+001  0.0000000000E+000

  0.2424242424E+000  0.3030303030E-001  0.0000000000E+000
  0.2424242424E+000  0.6060606061E-001  0.1611128378E-014
  0.2424242424E+000  0.9090909091E-001  0.3206741254E-014
  0.2424242424E+000  0.1212121212E+000  0.4771472507E-014
  0.2424242424E+000  0.1515151515E+000  0.6290253458E-014
  0.2424242424E+000  0.1818181818E+000  0.7748457743E-014
  0.2424242424E+000  0.2121212121E+000  0.9132042619E-014
  0.2424242424E+000  0.2424242424E+000  0.1042768348E-013
  0.2424242424E+000  0.2727272727E+000  0.1162290329E-013
  0.2424242424E+000  0.3030303030E+000  0.1270619117E-013
  0.2424242424E+000  0.3333333333E+000  0.1366711469E-013
  0.2424242424E+000  0.3636363636E+000  0.1449641886E-013
  0.2424242424E+000  0.3939393939E+000  0.1518611741E-013
  0.2424242424E+000  0.4242424242E+000  0.1572956758E-013
  0.2424242424E+000  0.4545454545E+000  0.1612153530E-013
  0.2424242424E+000  0.4848484848E+000  0.1635824467E-013
  0.2424242424E+000  0.5151515152E+000  0.1643741486E-013
  0.2424242424E+000  0.5454545455E+000  0.1635828261E-013
  0.2424242424E+000  0.5757575758E+000  0.1612160972E-013
  0.2424242424E+000  0.6060606061E+000  0.1572967563E-013
  0.2424242424E+000  0.6363636364E+000  0.1518625493E-013
  0.2424242424E+000  0.6666666667E+000  0.1449658056E-013
  0.2424242424E+000  0.6969696970E+000  0.1366729435E-013
  0.2424242424E+000  0.7272727273E+000  0.1270638190E-013
  0.2424242424E+000  0.7575757576E+000  0.1162309775E-013
  0.2424242424E+000  0.7878787879E+000  0.1042787421E-013
  0.2424242424E+000  0.8181818182E+000  0.9132222282E-014
  0.2424242424E+000  0.8484848485E+000  0.7748619434E-014
  0.2424242424E+000  0.8787878788E+000  0.6290390964E-014
  0.2424242424E+000  0.9090909091E+000  0.4771580545E-014
  0.2424242424E+000  0.9393939394E+000  0.3206815671E-014
  0.2424242424E+000  0.9696969697E+000  0.1611166316E-014
  0.2424242424E+000  0.1000000000E+001  0.0000000000E+000

  0.2727272727E+000  0.3030303030E-001  0.0000000000E+000
  0.2727272727E+000  0.6060606061E-001  0.1795822136E-014
  0.2727272727E+000  0.9090909091E-001  0.3574350093E-014
  0.2727272727E+000  0.1212121212E+000  0.5318456321E-014
  0.2727272727E+000  0.1515151515E+000  0.7011344536E-014
  0.2727272727E+000  0.1818181818E+000  0.8636711947E-014
  0.2727272727E+000  0.2121212121E+000  0.1017890554E-013
  0.2727272727E+000  0.2424242424E+000  0.1162307387E-013
  0.2727272727E+000  0.2727272727E+000  0.1295530851E-013
  0.2727272727E+000  0.3030303030E+000  0.1416278064E-013
  0.2727272727E+000  0.3333333333E+000  0.1523386027E-013
  0.2727272727E+000  0.3636363636E+000  0.1615823266E-013
  0.2727272727E+000  0.3939393939E+000  0.1692699482E-013
  0.2727272727E+000  0.4242424242E+000  0.1753274430E-013
  0.2727272727E+000  0.4545454545E+000  0.1796964538E-013
  0.2727272727E+000  0.4848484848E+000  0.1823348996E-013
  0.2727272727E+000  0.5151515152E+000  0.1832173630E-013
  0.2727272727E+000  0.5454545455E+000  0.1823353158E-013
  0.2727272727E+000  0.5757575758E+000  0.1796972703E-013
  0.2727272727E+000  0.6060606061E+000  0.1753286284E-013
  0.2727272727E+000  0.6363636364E+000  0.1692714568E-013
  0.2727272727E+000  0.6666666667E+000  0.1615841006E-013
  0.2727272727E+000  0.6969696970E+000  0.1523405738E-013
  0.2727272727E+000  0.7272727273E+000  0.1416298989E-013
  0.2727272727E+000  0.7575757576E+000  0.1295552187E-013
  0.2727272727E+000  0.7878787879E+000  0.1162328312E-013
  0.2727272727E+000  0.8181818182E+000  0.1017910265E-013
  0.2727272727E+000  0.8484848485E+000  0.8636889339E-014
  0.2727272727E+000  0.8787878788E+000  0.7011495395E-014
  0.2727272727E+000  0.9090909091E+000  0.5318574849E-014
  0.2727272727E+000  0.9393939394E+000  0.3574431737E-014
  0.2727272727E+000  0.9696969697E+000  0.1795863757E-014
  0.2727272727E+000  0.1000000000E+001  0.0000000000E+000

  0.3030303030E+000  0.3030303030E-001  0.0000000000E+000
  0.3030303030E+000  0.6060606061E-001  0.1963229794E-014
  0.3030303030E+000  0.9090909091E-001  0.3907553255E-014
  0.3030303030E+000  0.1212121212E+000  0.5814246081E-014
  0.3030303030E+000  0.1515151515E+000  0.7664946411E-014
  0.3030303030E+000  0.1818181818E+000  0.9441831386E-014
  0.3030303030E+000  0.2121212121E+000  0.1112778927E-013
  0.3030303030E+000  0.2424242424E+000  0.1270658344E-013
  0.3030303030E+000  0.2727272727E+000  0.1416301001E-013
  0.3030303030E+000  0.3030303030E+000  0.1548304256E-013
  0.3030303030E+000  0.3333333333E+000  0.1665396876E-013
  0.3030303030E+000  0.3636363636E+000  0.1766451094E-013
  0.3030303030E+000  0.3939393939E+000  0.1850493766E-013
  0.3030303030E+000  0.4242424242E+000  0.1916715454E-013
  0.3030303030E+000  0.4545454545E+000  0.1964478355E-013
  0.3030303030E+000  0.4848484848E+000  0.1993322345E-013
  0.3030303030E+000  0.5151515152E+000  0.2002969513E-013
  0.3030303030E+000  0.5454545455E+000  0.1993326815E-013
  0.3030303030E+000  0.5757575758E+000  0.1964487123E-013
  0.3030303030E+000  0.6060606061E+000  0.1916728184E-013
  0.3030303030E+000  0.6363636364E+000  0.1850509969E-013
  0.3030303030E+000  0.6666666667E+000  0.1766470146E-013
  0.3030303030E+000  0.6969696970E+000  0.1665418045E-013
  0.3030303030E+000  0.7272727273E+000  0.1548326729E-013
  0.3030303030E+000  0.7575757576E+000  0.1416323914E-013
  0.3030303030E+000  0.7878787879E+000  0.1270680817E-013
  0.3030303030E+000  0.8181818182E+000  0.1112800095E-013
  0.3030303030E+000  0.8484848485E+000  0.9442021897E-014
  0.3030303030E+000  0.8787878788E+000  0.7665108426E-014
  0.3030303030E+000  0.9090909091E+000  0.5814373375E-014
  0.3030303030E+000  0.9393939394E+000  0.3907640937E-014
  0.3030303030E+000  0.9696969697E+000  0.1963274493E-014
  0.3030303030E+000  0.1000000000E+001  0.0000000000E+000

  0.3333333333E+000  0.3030303030E-001  0.0000000000E+000
  0.3333333333E+000  0.6060606061E-001  0.2111738958E-014
  0.3333333333E+000  0.9090909091E-001  0.4203141395E-014
  0.3333333333E+000  0.1212121212E+000  0.6254066618E-014
  0.3333333333E+000  0.1515151515E+000  0.8244763697E-014
  0.3333333333E+000  0.1818181818E+000  0.1015606167E-013
  0.3333333333E+000  0.2121212121E+000  0.1196955416E-013
  0.3333333333E+000  0.2424242424E+000  0.1366777662E-013
  0.3333333333E+000  0.2727272727E+000  0.1523437449E-013
  0.3333333333E+000  0.3030303030E+000  0.1665426119E-013
  0.3333333333E+000  0.3333333333E+000  0.1791376186E-013
  0.3333333333E+000  0.3636363636E+000  0.1900074627E-013
  0.3333333333E+000  0.3939393939E+000  0.1990474627E-013
  0.3333333333E+000  0.4242424242E+000  0.2061705679E-013
  0.3333333333E+000  0.4545454545E+000  0.2113081562E-013
  0.3333333333E+000  0.4848484848E+000  0.2144107436E-013
  0.3333333333E+000  0.5151515152E+000  0.2154484377E-013
  0.3333333333E+000  0.5454545455E+000  0.2144112150E-013
  0.3333333333E+000  0.5757575758E+000  0.2113090811E-013
  0.3333333333E+000  0.6060606061E+000  0.2061719105E-013
  0.3333333333E+000  0.6363636364E+000  0.1990491716E-013
  0.3333333333E+000  0.6666666667E+000  0.1900094722E-013
  0.3333333333E+000  0.6969696970E+000  0.1791398514E-013
  0.3333333333E+000  0.7272727273E+000  0.1665449821E-013
  0.3333333333E+000  0.7575757576E+000  0.1523461616E-013
  0.3333333333E+000  0.7878787879E+000  0.1366801364E-013
  0.3333333333E+000  0.8181818182E+000  0.1196977743E-013
  0.3333333333E+000  0.8484848485E+000  0.1015626260E-013
  0.3333333333E+000  0.8787878788E+000  0.8244934580E-014
  0.3333333333E+000  0.9090909091E+000  0.6254200879E-014
  0.3333333333E+000  0.9393939394E+000  0.4203233875E-014
  0.3333333333E+000  0.9696969697E+000  0.2111786104E-014
  0.3333333333E+000  0.1000000000E+001  0.0000000000E+000

  0.3636363636E+000  0.3030303030E-001  0.0000000000E+000
  0.3636363636E+000  0.6060606061E-001  0.2239918890E-014
  0.3636363636E+000  0.9090909091E-001  0.4458266853E-014
  0.3636363636E+000  0.1212121212E+000  0.6633680650E-014
  0.3636363636E+000  0.1515151515E+000  0.8745210513E-014
  0.3636363636E+000  0.1818181818E+000  0.1077252171E-013
  0.3636363636E+000  0.2121212121E+000  0.1269609078E-013
  0.3636363636E+000  0.2424242424E+000  0.1449739285E-013
  0.3636363636E+000  0.2727272727E+000  0.1615908114E-013
  0.3636363636E+000  0.3030303030E+000  0.1766515241E-013
  0.3636363636E+000  0.3333333333E+000  0.1900110262E-013
  0.3636363636E+000  0.3636363636E+000  0.2015406482E-013
  0.3636363636E+000  0.3939393939E+000  0.2111293662E-013
  0.3636363636E+000  0.4242424242E+000  0.2186848247E-013
  0.3636363636E+000  0.4545454545E+000  0.2241342582E-013
  0.3636363636E+000  0.4848484848E+000  0.2274251648E-013
  0.3636363636E+000  0.5151515152E+000  0.2285258374E-013
  0.3636363636E+000  0.5454545455E+000  0.2274256543E-013
  0.3636363636E+000  0.5757575758E+000  0.2241352184E-013
  0.3636363636E+000  0.6060606061E+000  0.2186862187E-013
  0.3636363636E+000  0.6363636364E+000  0.2111311404E-013
  0.3636363636E+000  0.6666666667E+000  0.2015427345E-013
  0.3636363636E+000  0.6969696970E+000  0.1900133444E-013
  0.3636363636E+000  0.7272727273E+000  0.1766539850E-013
  0.3636363636E+000  0.7575757576E+000  0.1615933205E-013
  0.3636363636E+000  0.7878787879E+000  0.1449763894E-013
  0.3636363636E+000  0.8181818182E+000  0.1269632259E-013
  0.3636363636E+000  0.8484848485E+000  0.1077273033E-013
  0.3636363636E+000  0.8787878788E+000  0.8745387931E-014
  0.3636363636E+000  0.9090909091E+000  0.6633820046E-014
  0.3636363636E+000  0.9393939394E+000  0.4458362871E-014
  0.3636363636E+000  0.9696969697E+000  0.2239967840E-014
  0.3636363636E+000  0.1000000000E+001  0.0000000000E+000

  0.3939393939E+000  0.3030303030E-001  0.0000000000E+000
  0.3939393939E+000  0.6060606061E-001  0.2346534369E-014
  0.3939393939E+000  0.9090909091E-001  0.4670471041E-014
  0.3939393939E+000  0.1212121212E+000  0.6949430020E-014
  0.3939393939E+000  0.1515151515E+000  0.9161464204E-014
  0.3939393939E+000  0.1818181818E+000  0.1128527113E-013
  0.3939393939E+000  0.2121212121E+000  0.1330039767E-013
  0.3939393939E+000  0.2424242424E+000  0.1518743798E-013
  0.3939393939E+000  0.2727272727E+000  0.1692821831E-013
  0.3939393939E+000  0.3030303030E+000  0.1850597550E-013
  0.3939393939E+000  0.3333333333E+000  0.1990551309E-013
  0.3939393939E+000  0.3636363636E+000  0.2111335401E-013
  0.3939393939E+000  0.3939393939E+000  0.2211786411E-013
  0.3939393939E+000  0.4242424242E+000  0.2290937342E-013
  0.3939393939E+000  0.4545454545E+000  0.2348025380E-013
  0.3939393939E+000  0.4848484848E+000  0.2382500906E-013
  0.3939393939E+000  0.5151515152E+000  0.2394031557E-013
  0.3939393939E+000  0.5454545455E+000  0.2382505917E-013
  0.3939393939E+000  0.5757575758E+000  0.2348035210E-013
  0.3939393939E+000  0.6060606061E+000  0.2290951613E-013
  0.3939393939E+000  0.6363636364E+000  0.2211804575E-013
  0.3939393939E+000  0.6666666667E+000  0.2111356759E-013
  0.3939393939E+000  0.6969696970E+000  0.1990575040E-013
  0.3939393939E+000  0.7272727273E+000  0.1850622743E-013
  0.3939393939E+000  0.7575757576E+000  0.1692847518E-013
  0.3939393939E+000  0.7878787879E+000  0.1518768991E-013
  0.3939393939E+000  0.8181818182E+000  0.1330063498E-013
  0.3939393939E+000  0.8484848485E+000  0.1128548470E-013
  0.3939393939E+000  0.8787878788E+000  0.9161645832E-014
  0.3939393939E+000  0.9090909091E+000  0.6949572724E-014
  0.3939393939E+000  0.9393939394E+000  0.4670569337E-014
  0.3939393939E+000  0.9696969697E+000  0.2346584480E-014
  0.3939393939E+000  0.1000000000E+001  0.0000000000E+000

  0.4242424242E+000  0.3030303030E-001  0.0000000000E+000
  0.4242424242E+000  0.6060606061E-001  0.2430557555E-014
  0.4242424242E+000  0.9090909091E-001  0.4837708263E-014
  0.4242424242E+000  0.1212121212E+000  0.7198270682E-014
  0.4242424242E+000  0.1515151515E+000  0.9489511949E-014
  0.4242424242E+000  0.1818181818E+000  0.1168936663E-013
  0.4242424242E+000  0.2121212121E+000  0.1377664955E-013
  0.4242424242E+000  0.2424242424E+000  0.1573125938E-013
  0.4242424242E+000  0.2727272727E+000  0.1753437269E-013
  0.4242424242E+000  0.3030303030E+000  0.1916862428E-013
  0.4242424242E+000  0.3333333333E+000  0.2061827566E-013
  0.4242424242E+000  0.3636363636E+000  0.2186936518E-013
  0.4242424242E+000  0.3939393939E+000  0.2290984523E-013
  0.4242424242E+000  0.4242424242E+000  0.2372969458E-013
  0.4242424242E+000  0.4545454545E+000  0.2432101697E-013
  0.4242424242E+000  0.4848484848E+000  0.2467811639E-013
  0.4242424242E+000  0.5151515152E+000  0.2479755074E-013
  0.4242424242E+000  0.5454545455E+000  0.2467816704E-013
  0.4242424242E+000  0.5757575758E+000  0.2432111632E-013
  0.4242424242E+000  0.6060606061E+000  0.2372983881E-013
  0.4242424242E+000  0.6363636364E+000  0.2291002880E-013
  0.4242424242E+000  0.6666666667E+000  0.2186958104E-013
  0.4242424242E+000  0.6969696970E+000  0.2061851550E-013
  0.4242424242E+000  0.7272727273E+000  0.1916887889E-013
  0.4242424242E+000  0.7575757576E+000  0.1753463229E-013
  0.4242424242E+000  0.7878787879E+000  0.1573151399E-013
  0.4242424242E+000  0.8181818182E+000  0.1377688939E-013
  0.4242424242E+000  0.8484848485E+000  0.1168958248E-013
  0.4242424242E+000  0.8787878788E+000  0.9489695514E-014
  0.4242424242E+000  0.9090909091E+000  0.7198414908E-014
  0.4242424242E+000  0.9393939394E+000  0.4837807607E-014
  0.4242424242E+000  0.9696969697E+000  0.2430608200E-014
  0.4242424242E+000  0.1000000000E+001  0.0000000000E+000

  0.4545454545E+000  0.3030303030E-001  0.0000000000E+000
  0.4545454545E+000  0.6060606061E-001  0.2491177932E-014
  0.4545454545E+000  0.9090909091E-001  0.4958365205E-014
  0.4545454545E+000  0.1212121212E+000  0.7377802307E-014
  0.4545454545E+000  0.1515151515E+000  0.9726189250E-014
  0.4545454545E+000  0.1818181818E+000  0.1198091024E-013
  0.4545454545E+000  0.2121212121E+000  0.1412025172E-013
  0.4545454545E+000  0.2424242424E+000  0.1612361141E-013
  0.4545454545E+000  0.2727272727E+000  0.1797169573E-013
  0.4545454545E+000  0.3030303030E+000  0.1964670684E-013
  0.4545454545E+000  0.3333333333E+000  0.2113251333E-013
  0.4545454545E+000  0.3636363636E+000  0.2241480620E-013
  0.4545454545E+000  0.3939393939E+000  0.2348123568E-013
  0.4545454545E+000  0.4242424242E+000  0.2432153311E-013
  0.4545454545E+000  0.4545454545E+000  0.2492760242E-013
  0.4545454545E+000  0.4848484848E+000  0.2529360979E-013
  0.4545454545E+000  0.5151515152E+000  0.2541602411E-013
  0.4545454545E+000  0.5454545455E+000  0.2529366037E-013
  0.4545454545E+000  0.5757575758E+000  0.2492770164E-013
  0.4545454545E+000  0.6060606061E+000  0.2432167715E-013
  0.4545454545E+000  0.6363636364E+000  0.2348141900E-013
  0.4545454545E+000  0.6666666667E+000  0.2241502177E-013
  0.4545454545E+000  0.6969696970E+000  0.2113275286E-013
  0.4545454545E+000  0.7272727273E+000  0.1964696112E-013
  0.4545454545E+000  0.7575757576E+000  0.1797195500E-013
  0.4545454545E+000  0.7878787879E+000  0.1612386569E-013
  0.4545454545E+000  0.8181818182E+000  0.1412049125E-013
  0.4545454545E+000  0.8484848485E+000  0.1198112581E-013
  0.4545454545E+000  0.8787878788E+000  0.9726372573E-014
  0.4545454545E+000  0.9090909091E+000  0.7377946342E-014
  0.4545454545E+000  0.9393939394E+000  0.4958464418E-014
  0.4545454545E+000  0.9696969697E+000  0.2491228510E-014
  0.4545454545E+000  0.1000000000E+001  0.0000000000E+000

  0.4848484848E+000  0.3030303030E-001  0.0000000000E+000
  0.4848484848E+000  0.6060606061E-001  0.2527810196E-014
  0.4848484848E+000  0.9090909091E-001  0.5031277003E-014
  0.4848484848E+000  0.1212121212E+000  0.7486291422E-014
  0.4848484848E+000  0.1515151515E+000  0.9869210791E-014
  0.4848484848E+000  0.1818181818E+000  0.1215708691E-013
  0.4848484848E+000  0.2121212121E+000  0.1432788691E-013
  0.4848484848E+000  0.2424242424E+000  0.1636070540E-013
  0.4848484848E+000  0.2727272727E+000  0.1823596512E-013
  0.4848484848E+000  0.3030303030E+000  0.1993560648E-013
  0.4848484848E+000  0.3333333333E+000  0.2144326112E-013
  0.4848484848E+000  0.3636363636E+000  0.2274440942E-013
  0.4848484848E+000  0.3939393939E+000  0.2382652106E-013
  0.4848484848E+000  0.4242424242E+000  0.2467917427E-013
  0.4848484848E+000  0.4545454545E+000  0.2529415727E-013
  0.4848484848E+000  0.4848484848E+000  0.2566554732E-013
  0.4848484848E+000  0.5151515152E+000  0.2578975922E-013
  0.4848484848E+000  0.5454545455E+000  0.2566559727E-013
  0.4848484848E+000  0.5757575758E+000  0.2529425524E-013
  0.4848484848E+000  0.6060606061E+000  0.2467931651E-013
  0.4848484848E+000  0.6363636364E+000  0.2382670210E-013
  0.4848484848E+000  0.6666666667E+000  0.2274462230E-013
  0.4848484848E+000  0.6969696970E+000  0.2144349766E-013
  0.4848484848E+000  0.7272727273E+000  0.1993585758E-013
  0.4848484848E+000  0.7575757576E+000  0.1823622114E-013
  0.4848484848E+000  0.7878787879E+000  0.1636095650E-013
  0.4848484848E+000  0.8181818182E+000  0.1432812344E-013
  0.4848484848E+000  0.8484848485E+000  0.1215729978E-013
  0.4848484848E+000  0.8787878788E+000  0.9869391825E-014
  0.4848484848E+000  0.9090909091E+000  0.7486433659E-014
  0.4848484848E+000  0.9393939394E+000  0.5031374978E-014
  0.4848484848E+000  0.9696969697E+000  0.2527860143E-014
  0.4848484848E+000  0.1000000000E+001  0.0000000000E+000

  0.5151515152E+000  0.3030303030E-001  0.0000000000E+000
  0.5151515152E+000  0.6060606061E-001  0.2540099889E-014
  0.5151515152E+000  0.9090909091E-001  0.5055738080E-014
  0.5151515152E+000  0.1212121212E+000  0.7522688136E-014
  0.5151515152E+000  0.1515151515E+000  0.9917192999E-014
  0.5151515152E+000  0.1818181818E+000  0.1221619182E-013
  0.5151515152E+000  0.2121212121E+000  0.1439754578E-013
  0.5151515152E+000  0.2424242424E+000  0.1644024687E-013
  0.5151515152E+000  0.2727272727E+000  0.1832462401E-013
  0.5151515152E+000  0.3030303030E+000  0.2003252759E-013
  0.5151515152E+000  0.3333333333E+000  0.2154751213E-013
  0.5151515152E+000  0.3636363636E+000  0.2285498544E-013
  0.5151515152E+000  0.3939393939E+000  0.2394235825E-013
  0.5151515152E+000  0.4242424242E+000  0.2479915584E-013
  0.5151515152E+000  0.4545454545E+000  0.2541712984E-013
  0.5151515152E+000  0.4848484848E+000  0.2579032298E-013
  0.5151515152E+000  0.5151515152E+000  0.2591514598E-013
  0.5151515152E+000  0.5454545455E+000  0.2579037177E-013
  0.5151515152E+000  0.5757575758E+000  0.2541722556E-013
  0.5151515152E+000  0.6060606061E+000  0.2479929480E-013
  0.5151515152E+000  0.6363636364E+000  0.2394253511E-013
  0.5151515152E+000  0.6666666667E+000  0.2285519341E-013
  0.5151515152E+000  0.6969696970E+000  0.2154774321E-013
  0.5151515152E+000  0.7272727273E+000  0.2003277290E-013
  0.5151515152E+000  0.7575757576E+000  0.1832487413E-013
  0.5151515152E+000  0.7878787879E+000  0.1644049218E-013
  0.5151515152E+000  0.8181818182E+000  0.1439777686E-013
  0.5151515152E+000  0.8484848485E+000  0.1221639978E-013
  0.5151515152E+000  0.8787878788E+000  0.9917369858E-014
  0.5151515152E+000  0.9090909091E+000  0.7522827093E-014
  0.5151515152E+000  0.9393939394E+000  0.5055833795E-014
  0.5151515152E+000  0.9696969697E+000  0.2540148684E-014
  0.5151515152E+000  0.1000000000E+001  0.0000000000E+000

  0.5454545455E+000  0.3030303030E-001  0.0000000000E+000
  0.5454545455E+000  0.6060606061E-001  0.2527926898E-014
  0.5454545455E+000  0.9090909091E-001  0.5031509244E-014
  0.5454545455E+000  0.1212121212E+000  0.7486636885E-014
  0.5454545455E+000  0.1515151515E+000  0.9869666035E-014
  0.5454545455E+000  0.1818181818E+000  0.1215764741E-013
  0.5454545455E+000  0.2121212121E+000  0.1432854709E-013
  0.5454545455E+000  0.2424242424E+000  0.1636145871E-013
  0.5454545455E+000  0.2727272727E+000  0.1823680411E-013
  0.5454545455E+000  0.3030303030E+000  0.1993652287E-013
  0.5454545455E+000  0.3333333333E+000  0.2144424588E-013
  0.5454545455E+000  0.3636363636E+000  0.2274545287E-013
  0.5454545455E+000  0.3939393939E+000  0.2382761299E-013
  0.5454545455E+000  0.4242424242E+000  0.2468030402E-013
  0.5454545455E+000  0.4545454545E+000  0.2529531383E-013
  0.5454545455E+000  0.4848484848E+000  0.2566671949E-013
  0.5454545455E+000  0.5151515152E+000  0.2579093566E-013
  0.5454545455E+000  0.5454545455E+000  0.2566676667E-013
  0.5454545455E+000  0.5757575758E+000  0.2529540637E-013
  0.5454545455E+000  0.6060606061E+000  0.2468043836E-013
  0.5454545455E+000  0.6363636364E+000  0.2382778397E-013
  0.5454545455E+000  0.6666666667E+000  0.2274565393E-013
  0.5454545455E+000  0.6969696970E+000  0.2144446928E-013
  0.5454545455E+000  0.7272727273E+000  0.1993676003E-013
  0.5454545455E+000  0.7575757576E+000  0.1823704592E-013
  0.5454545455E+000  0.7878787879E+000  0.1636169587E-013
  0.5454545455E+000  0.8181818182E+000  0.1432877049E-013
  0.5454545455E+000  0.8484848485E+000  0.1215784846E-013
  0.5454545455E+000  0.8787878788E+000  0.9869837018E-014
  0.5454545455E+000  0.9090909091E+000  0.7486771226E-014
  0.5454545455E+000  0.9393939394E+000  0.5031601779E-014
  0.5454545455E+000  0.9696969697E+000  0.2527974073E-014
  0.5454545455E+000  0.1000000000E+001  0.0000000000E+000

  0.5757575758E+000  0.3030303030E-001  0.0000000000E+000
  0.5757575758E+000  0.6060606061E-001  0.2491406851E-014
  0.5757575758E+000  0.9090909091E-001  0.4958820760E-014
  0.5757575758E+000  0.1212121212E+000  0.7378479957E-014
  0.5757575758E+000  0.1515151515E+000  0.9727082244E-014
  0.5757575758E+000  0.1818181818E+000  0.1198200970E-013
  0.5757575758E+000  0.2121212121E+000  0.1412154671E-013
  0.5757575758E+000  0.2424242424E+000  0.1612508910E-013
  0.5757575758E+000  0.2727272727E+000  0.1797334148E-013
  0.5757575758E+000  0.3030303030E+000  0.1964850440E-013
  0.5757575758E+000  0.3333333333E+000  0.2113444500E-013
  0.5757575758E+000  0.3636363636E+000  0.2241685300E-013
  0.5757575758E+000  0.3939393939E+000  0.2348337757E-013
  0.5757575758E+000  0.4242424242E+000  0.2432374917E-013
  0.5757575758E+000  0.4545454545E+000  0.2492987110E-013
  0.5757575758E+000  0.4848484848E+000  0.2529590908E-013
  0.5757575758E+000  0.5151515152E+000  0.2541833179E-013
  0.5757575758E+000  0.5454545455E+000  0.2529595422E-013
  0.5757575758E+000  0.5757575758E+000  0.2492995965E-013
  0.5757575758E+000  0.6060606061E+000  0.2432387772E-013
  0.5757575758E+000  0.6363636364E+000  0.2348354117E-013
  0.5757575758E+000  0.6666666667E+000  0.2241704538E-013
  0.5757575758E+000  0.6969696970E+000  0.2113465876E-013
  0.5757575758E+000  0.7272727273E+000  0.1964873133E-013
  0.5757575758E+000  0.7575757576E+000  0.1797357286E-013
  0.5757575758E+000  0.7878787879E+000  0.1612531603E-013
  0.5757575758E+000  0.8181818182E+000  0.1412176048E-013
  0.5757575758E+000  0.8484848485E+000  0.1198220208E-013
  0.5757575758E+000  0.8787878788E+000  0.9727245853E-014
  0.5757575758E+000  0.9090909091E+000  0.7378608503E-014
  0.5757575758E+000  0.9393939394E+000  0.4958909305E-014
  0.5757575758E+000  0.9696969697E+000  0.2491451990E-014
  0.5757575758E+000  0.1000000000E+001  0.0000000000E+000

  0.6060606061E+000  0.3030303030E-001  0.0000000000E+000
  0.6060606061E+000  0.6060606061E-001  0.2430889894E-014
  0.6060606061E+000  0.9090909091E-001  0.4838369627E-014
  0.6060606061E+000  0.1212121212E+000  0.7199254477E-014
  0.6060606061E+000  0.1515151515E+000  0.9490808375E-014
  0.6060606061E+000  0.1818181818E+000  0.1169096279E-013
  0.6060606061E+000  0.2121212121E+000  0.1377852958E-013
  0.6060606061E+000  0.2424242424E+000  0.1573340464E-013
  0.6060606061E+000  0.2727272727E+000  0.1753676194E-013
  0.6060606061E+000  0.3030303030E+000  0.1917123393E-013
  0.6060606061E+000  0.3333333333E+000  0.2062108001E-013
  0.6060606061E+000  0.3636363636E+000  0.2187233668E-013
  0.6060606061E+000  0.3939393939E+000  0.2291295477E-013
  0.6060606061E+000  0.4242424242E+000  0.2373291181E-013
  0.6060606061E+000  0.4545454545E+000  0.2432431058E-013
  0.6060606061E+000  0.4848484848E+000  0.2468145444E-013
  0.6060606061E+000  0.5151515152E+000  0.2480090098E-013
  0.6060606061E+000  0.5454545455E+000  0.2468149719E-013
  0.6060606061E+000  0.5757575758E+000  0.2432439444E-013
  0.6060606061E+000  0.6060606061E+000  0.2373303355E-013
  0.6060606061E+000  0.6363636364E+000  0.2291310972E-013
  0.6060606061E+000  0.6666666667E+000  0.2187251887E-013
  0.6060606061E+000  0.6969696970E+000  0.2062128245E-013
  0.6060606061E+000  0.7272727273E+000  0.1917144884E-013
  0.6060606061E+000  0.7575757576E+000  0.1753698107E-013
  0.6060606061E+000  0.7878787879E+000  0.1573361955E-013
  0.6060606061E+000  0.8181818182E+000  0.1377873202E-013
  0.6060606061E+000  0.8484848485E+000  0.1169114499E-013
  0.6060606061E+000  0.8787878788E+000  0.9490963319E-014
  0.6060606061E+000  0.9090909091E+000  0.7199376216E-014
  0.6060606061E+000  0.9393939394E+000  0.4838453482E-014
  0.6060606061E+000  0.9696969697E+000  0.2430932643E-014
  0.6060606061E+000  0.1000000000E+001  0.0000000000E+000

  0.6363636364E+000  0.3030303030E-001  0.0000000000E+000
  0.6363636364E+000  0.6060606061E-001  0.2346957357E-014
  0.6363636364E+000  0.9090909091E-001  0.4671312797E-014
  0.6363636364E+000  0.1212121212E+000  0.6950682152E-014
  0.6363636364E+000  0.1515151515E+000  0.9163114241E-014
  0.6363636364E+000  0.1818181818E+000  0.1128730265E-013
  0.6363636364E+000  0.2121212121E+000  0.1330279049E-013
  0.6363636364E+000  0.2424242424E+000  0.1519016837E-013
  0.6363636364E+000  0.2727272727E+000  0.1693125925E-013
  0.6363636364E+000  0.3030303030E+000  0.1850929695E-013
  0.6363636364E+000  0.3333333333E+000  0.1990908234E-013
  0.6363636364E+000  0.3636363636E+000  0.2111713601E-013
  0.6363636364E+000  0.3939393939E+000  0.2212182181E-013
  0.6363636364E+000  0.4242424242E+000  0.2291346818E-013
  0.6363636364E+000  0.4545454545E+000  0.2348444578E-013
  0.6363636364E+000  0.4848484848E+000  0.2382925759E-013
  0.6363636364E+000  0.5151515152E+000  0.2394457961E-013
  0.6363636364E+000  0.5454545455E+000  0.2382929766E-013
  0.6363636364E+000  0.5757575758E+000  0.2348452436E-013
  0.6363636364E+000  0.6060606061E+000  0.2291358226E-013
  0.6363636364E+000  0.6363636364E+000  0.2212196701E-013
  0.6363636364E+000  0.6666666667E+000  0.2111730674E-013
  0.6363636364E+000  0.6969696970E+000  0.1990927206E-013
  0.6363636364E+000  0.7272727273E+000  0.1850949835E-013
  0.6363636364E+000  0.7575757576E+000  0.1693146460E-013
  0.6363636364E+000  0.7878787879E+000  0.1519036977E-013
  0.6363636364E+000  0.8181818182E+000  0.1330298021E-013
  0.6363636364E+000  0.8484848485E+000  0.1128747339E-013
  0.6363636364E+000  0.8787878788E+000  0.9163259443E-014
  0.6363636364E+000  0.9090909091E+000  0.6950796237E-014
  0.6363636364E+000  0.9393939394E+000  0.4671391380E-014
  0.6363636364E+000  0.9696969697E+000  0.2346997418E-014
  0.6363636364E+000  0.1000000000E+001  0.0000000000E+000

  0.6666666667E+000  0.3030303030E-001  0.0000000000E+000
  0.6666666667E+000  0.6060606061E-001  0.2240416271E-014
  0.6666666667E+000  0.9090909091E-001  0.4459256653E-014
  0.6666666667E+000  0.1212121212E+000  0.6635153001E-014
  0.6666666667E+000  0.1515151515E+000  0.8747150750E-014
  0.6666666667E+000  0.1818181818E+000  0.1077491053E-013
  0.6666666667E+000  0.2121212121E+000  0.1269890444E-013
  0.6666666667E+000  0.2424242424E+000  0.1450060345E-013
  0.6666666667E+000  0.2727272727E+000  0.1616265690E-013
  0.6666666667E+000  0.3030303030E+000  0.1766905803E-013
  0.6666666667E+000  0.3333333333E+000  0.1900529962E-013
  0.6666666667E+000  0.3636363636E+000  0.2015851197E-013
  0.6666666667E+000  0.3939393939E+000  0.2111759038E-013
  0.6666666667E+000  0.4242424242E+000  0.2187329740E-013
  0.6666666667E+000  0.4545454545E+000  0.2241835505E-013
  0.6666666667E+000  0.4848484848E+000  0.2274751223E-013
  0.6666666667E+000  0.5151515152E+000  0.2285759772E-013
  0.6666666667E+000  0.5454545455E+000  0.2274754936E-013
  0.6666666667E+000  0.5757575758E+000  0.2241842789E-013
  0.6666666667E+000  0.6060606061E+000  0.2187340314E-013
  0.6666666667E+000  0.6363636364E+000  0.2111772496E-013
  0.6666666667E+000  0.6666666667E+000  0.2015867023E-013
  0.6666666667E+000  0.6969696970E+000  0.1900547547E-013
  0.6666666667E+000  0.7272727273E+000  0.1766924470E-013
  0.6666666667E+000  0.7575757576E+000  0.1616284724E-013
  0.6666666667E+000  0.7878787879E+000  0.1450079013E-013
  0.6666666667E+000  0.8181818182E+000  0.1269908029E-013
  0.6666666667E+000  0.8484848485E+000  0.1077506878E-013
  0.6666666667E+000  0.8787878788E+000  0.8747285337E-014
  0.6666666667E+000  0.9090909091E+000  0.6635258746E-014
  0.6666666667E+000  0.9393939394E+000  0.4459329491E-014
  0.6666666667E+000  0.9696969697E+000  0.2240453404E-014
  0.6666666667E+000  0.1000000000E+001  0.0000000000E+000

  0.6969696970E+000  0.3030303030E-001  0.0000000000E+000
  0.6969696970E+000  0.6060606061E-001  0.2112291617E-014
  0.6969696970E+000  0.9090909091E-001  0.4204241200E-014
  0.6969696970E+000  0.1212121212E+000  0.6255702605E-014
  0.6969696970E+000  0.1515151515E+000  0.8246919571E-014
  0.6969696970E+000  0.1818181818E+000  0.1015871598E-013
  0.6969696970E+000  0.2121212121E+000  0.1197268053E-013
  0.6969696970E+000  0.2424242424E+000  0.1367134405E-013
  0.6969696970E+000  0.2727272727E+000  0.1523834767E-013
  0.6969696970E+000  0.3030303030E+000  0.1665860088E-013
  0.6969696970E+000  0.3333333333E+000  0.1791842532E-013
  0.6969696970E+000  0.3636363636E+000  0.1900568769E-013
  0.6969696970E+000  0.3939393939E+000  0.1990991724E-013
  0.6969696970E+000  0.4242424242E+000  0.2062240684E-013
  0.6969696970E+000  0.4545454545E+000  0.2113629270E-013
  0.6969696970E+000  0.4848484848E+000  0.2144662533E-013
  0.6969696970E+000  0.5151515152E+000  0.2155041500E-013
  0.6969696970E+000  0.5454545455E+000  0.2144665935E-013
  0.6969696970E+000  0.5757575758E+000  0.2113635942E-013
  0.6969696970E+000  0.6060606061E+000  0.2062250371E-013
  0.6969696970E+000  0.6363636364E+000  0.1991004054E-013
  0.6969696970E+000  0.6666666667E+000  0.1900583266E-013
  0.6969696970E+000  0.6969696970E+000  0.1791858641E-013
  0.6969696970E+000  0.7272727273E+000  0.1665877189E-013
  0.6969696970E+000  0.7575757576E+000  0.1523852203E-013
  0.6969696970E+000  0.7878787879E+000  0.1367151506E-013
  0.6969696970E+000  0.8181818182E+000  0.1197284162E-013
  0.6969696970E+000  0.8484848485E+000  0.1015886095E-013
  0.6969696970E+000  0.8787878788E+000  0.8247042865E-014
  0.6969696970E+000  0.9090909091E+000  0.6255799477E-014
  0.6969696970E+000  0.9393939394E+000  0.4204307927E-014
  0.6969696970E+000  0.9696969697E+000  0.2112325634E-014
  0.6969696970E+000  0.1000000000E+001  0.0000000000E+000

  0.7272727273E+000  0.3030303030E-001  0.0000000000E+000
  0.7272727273E+000  0.6060606061E-001  0.1963816493E-014
  0.7272727273E+000  0.9090909091E-001  0.3908720802E-014
  0.7272727273E+000  0.1212121212E+000  0.5815982835E-014
  0.7272727273E+000  0.1515151515E+000  0.7667235072E-014
  0.7272727273E+000  0.1818181818E+000  0.9444649183E-014
  0.7272727273E+000  0.2121212121E+000  0.1113110820E-013
  0.7272727273E+000  0.2424242424E+000  0.1271037060E-013
  0.7272727273E+000  0.2727272727E+000  0.1416722791E-013
  0.7272727273E+000  0.3030303030E+000  0.1548764954E-013
  0.7272727273E+000  0.3333333333E+000  0.1665891945E-013
  0.7272727273E+000  0.3636363636E+000  0.1766975671E-013
  0.7272727273E+000  0.3939393939E+000  0.1851042714E-013
  0.7272727273E+000  0.4242424242E+000  0.1917283412E-013
  0.7272727273E+000  0.4545454545E+000  0.1965059797E-013
  0.7272727273E+000  0.4848484848E+000  0.1993911633E-013
  0.7272727273E+000  0.5151515152E+000  0.2003560952E-013
  0.7272727273E+000  0.5454545455E+000  0.1993914709E-013
  0.7272727273E+000  0.5757575758E+000  0.1965065831E-013
  0.7272727273E+000  0.6060606061E+000  0.1917292172E-013
  0.7272727273E+000  0.6363636364E+000  0.1851053863E-013
  0.7272727273E+000  0.6666666667E+000  0.1766988781E-013
  0.7272727273E+000  0.6969696970E+000  0.1665906512E-013
  0.7272727273E+000  0.7272727273E+000  0.1548780419E-013
  0.7272727273E+000  0.7575757576E+000  0.1416738559E-013
  0.7272727273E+000  0.7878787879E+000  0.1271052525E-013
  0.7272727273E+000  0.8181818182E+000  0.1113125388E-013
  0.7272727273E+000  0.8484848485E+000  0.9444780292E-014
  0.7272727273E+000  0.8787878788E+000  0.7667346571E-014
  0.7272727273E+000  0.9090909091E+000  0.5816070439E-014
  0.7272727273E+000  0.9393939394E+000  0.3908781145E-014
  0.7272727273E+000  0.9696969697E+000  0.1963847255E-014
  0.7272727273E+000  0.1000000000E+001  0.0000000000E+000

  0.7575757576E+000  0.3030303030E-001  0.0000000000E+000
  0.7575757576E+000  0.6060606061E-001  0.1796420328E-014
  0.7575757576E+000  0.9090909091E-001  0.3575540511E-014
  0.7575757576E+000  0.1212121212E+000  0.5320227098E-014
  0.7575757576E+000  0.1515151515E+000  0.7013678033E-014
  0.7575757576E+000  0.1818181818E+000  0.8639584945E-014
  0.7575757576E+000  0.2121212121E+000  0.1018228949E-013
  0.7575757576E+000  0.2424242424E+000  0.1162693522E-013
  0.7575757576E+000  0.2727272727E+000  0.1295960904E-013
  0.7575757576E+000  0.3030303030E+000  0.1416747788E-013
  0.7575757576E+000  0.3333333333E+000  0.1523890794E-013
  0.7575757576E+000  0.3636363636E+000  0.1616358120E-013
  0.7575757576E+000  0.3939393939E+000  0.1693259183E-013
  0.7575757576E+000  0.4242424242E+000  0.1753853515E-013
  0.7575757576E+000  0.4545454545E+000  0.1797557372E-013
  0.7575757576E+000  0.4848484848E+000  0.1823949828E-013
  0.7575757576E+000  0.5151515152E+000  0.1832776656E-013
  0.7575757576E+000  0.5454545455E+000  0.1823952569E-013
  0.7575757576E+000  0.5757575758E+000  0.1797562749E-013
  0.7575757576E+000  0.6060606061E+000  0.1753861321E-013
  0.7575757576E+000  0.6363636364E+000  0.1693269118E-013
  0.7575757576E+000  0.6666666667E+000  0.1616369803E-013
  0.7575757576E+000  0.6969696970E+000  0.1523903776E-013
  0.7575757576E+000  0.7272727273E+000  0.1416761568E-013
  0.7575757576E+000  0.7575757576E+000  0.1295974955E-013
  0.7575757576E+000  0.7878787879E+000  0.1162707303E-013
  0.7575757576E+000  0.8181818182E+000  0.1018241931E-013
  0.7575757576E+000  0.8484848485E+000  0.8639701775E-014
  0.7575757576E+000  0.8787878788E+000  0.7013777389E-014
  0.7575757576E+000  0.9090909091E+000  0.5320305162E-014
  0.7575757576E+000  0.9393939394E+000  0.3575594283E-014
  0.7575757576E+000  0.9696969697E+000  0.1796447741E-014
  0.7575757576E+000  0.1000000000E+001  0.0000000000E+000

  0.7878787879E+000  0.3030303030E-001  0.0000000000E+000
  0.7878787879E+000  0.6060606061E-001  0.1611715076E-014
  0.7878787879E+000  0.9090909091E-001  0.3207908798E-014
  0.7878787879E+000  0.1212121212E+000  0.4773209257E-014
  0.7878787879E+000  0.1515151515E+000  0.6292542115E-014
  0.7878787879E+000  0.1818181818E+000  0.7751275535E-014
  0.7878787879E+000  0.2121212121E+000  0.9135361550E-014
  0.7878787879E+000  0.2424242424E+000  0.1043147064E-013
  0.7878787879E+000  0.2727272727E+000  0.1162712118E-013
  0.7878787879E+000  0.3030303030E+000  0.1271079814E-013
  0.7878787879E+000  0.3333333333E+000  0.1367206537E-013
  0.7878787879E+000  0.3636363636E+000  0.1450166463E-013
  0.7878787879E+000  0.3939393939E+000  0.1519160688E-013
  0.7878787879E+000  0.4242424242E+000  0.1573524716E-013
  0.7878787879E+000  0.4545454545E+000  0.1612734972E-013
  0.7878787879E+000  0.4848484848E+000  0.1636413755E-013
  0.7878787879E+000  0.5151515152E+000  0.1644332925E-013
  0.7878787879E+000  0.5454545455E+000  0.1636416155E-013
  0.7878787879E+000  0.5757575758E+000  0.1612739680E-013
  0.7878787879E+000  0.6060606061E+000  0.1573531551E-013
  0.7878787879E+000  0.6363636364E+000  0.1519169387E-013
  0.7878787879E+000  0.6666666667E+000  0.1450176692E-013
  0.7878787879E+000  0.6969696970E+000  0.1367217903E-013
  0.7878787879E+000  0.7272727273E+000  0.1271091881E-013
  0.7878787879E+000  0.7575757576E+000  0.1162724420E-013
  0.7878787879E+000  0.7878787879E+000  0.1043159130E-013
  0.7878787879E+000  0.8181818182E+000  0.9135475214E-014
  0.7878787879E+000  0.8484848485E+000  0.7751377831E-014
  0.7878787879E+000  0.8787878788E+000  0.6292629111E-014
  0.7878787879E+000  0.9090909091E+000  0.4773277610E-014
  0.7878787879E+000  0.9393939394E+000  0.3207955880E-014
  0.7878787879E+000  0.9696969697E+000  0.1611739078E-014
  0.7878787879E+000  0.1000000000E+001  0.0000000000E+000

  0.8181818182E+000  0.3030303030E-001  0.0000000000E+000
  0.8181818182E+000  0.6060606061E-001  0.1411479708E-014
  0.8181818182E+000  0.9090909091E-001  0.2809366386E-014
  0.8181818182E+000  0.1212121212E+000  0.4180197925E-014
  0.8181818182E+000  0.1515151515E+000  0.5510772693E-014
  0.8181818182E+000  0.1818181818E+000  0.6788276775E-014
  0.8181818182E+000  0.2121212121E+000  0.8000407317E-014
  0.8181818182E+000  0.2424242424E+000  0.9135491164E-014
  0.8181818182E+000  0.2727272727E+000  0.1018259681E-013
  0.8181818182E+000  0.3030303030E+000  0.1113164056E-013
  0.8181818182E+000  0.3333333333E+000  0.1197348211E-013
  0.8181818182E+000  0.3636363636E+000  0.1270001395E-013
  0.8181818182E+000  0.3939393939E+000  0.1330423903E-013
  0.8181818182E+000  0.4242424242E+000  0.1378033869E-013
  0.8181818182E+000  0.4545454545E+000  0.1412372684E-013
  0.8181818182E+000  0.4848484848E+000  0.1433109642E-013
  0.8181818182E+000  0.5151515152E+000  0.1440044950E-013
  0.8181818182E+000  0.5454545455E+000  0.1433111698E-013
  0.8181818182E+000  0.5757575758E+000  0.1412376717E-013
  0.8181818182E+000  0.6060606061E+000  0.1378039723E-013
  0.8181818182E+000  0.6363636364E+000  0.1330431355E-013
  0.8181818182E+000  0.6666666667E+000  0.1270010158E-013
  0.8181818182E+000  0.6969696970E+000  0.1197357947E-013
  0.8181818182E+000  0.7272727273E+000  0.1113174392E-013
  0.8181818182E+000  0.7575757576E+000  0.1018270220E-013
  0.8181818182E+000  0.7878787879E+000  0.9135594529E-014
  0.8181818182E+000  0.8181818182E+000  0.8000504685E-014
  0.8181818182E+000  0.8484848485E+000  0.6788364404E-014
  0.8181818182E+000  0.8787878788E+000  0.5510847216E-014
  0.8181818182E+000  0.9090909091E+000  0.4180256478E-014
  0.8181818182E+000  0.9393939394E+000  0.2809406718E-014
  0.8181818182E+000  0.9696969697E+000  0.1411500269E-014
  0.8181818182E+000  0.1000000000E+001  0.0000000000E+000

  0.8484848485E+000  0.3030303030E-001  0.0000000000E+000
  0.8484848485E+000  0.6060606061E-001  0.1197643068E-014
  0.8484848485E+000  0.9090909091E-001  0.2383752444E-014
  0.8484848485E+000  0.1212121212E+000  0.3546905470E-014
  0.8484848485E+000  0.1515151515E+000  0.4675900534E-014
  0.8484848485E+000  0.1818181818E+000  0.5759864957E-014
  0.8484848485E+000  0.2121212121E+000  0.6788359904E-014
  0.8484848485E+000  0.2424242424E+000  0.7751480434E-014
  0.8484848485E+000  0.2727272727E+000  0.8639951506E-014
  0.8484848485E+000  0.3030303030E+000  0.9445216547E-014
  0.8484848485E+000  0.3333333333E+000  0.1015952052E-013
  0.8484848485E+000  0.3636363636E+000  0.1077598390E-013
  0.8484848485E+000  0.3939393939E+000  0.1128866996E-013
  0.8484848485E+000  0.4242424242E+000  0.1169264099E-013
  0.8484848485E+000  0.4545454545E+000  0.1198400628E-013
  0.8484848485E+000  0.4848484848E+000  0.1215995940E-013
  0.8484848485E+000  0.5151515152E+000  0.1221880523E-013
  0.8484848485E+000  0.5454545455E+000  0.1215997651E-013
  0.8484848485E+000  0.5757575758E+000  0.1198403984E-013
  0.8484848485E+000  0.6060606061E+000  0.1169268972E-013
  0.8484848485E+000  0.6363636364E+000  0.1128873197E-013
  0.8484848485E+000  0.6666666667E+000  0.1077605682E-013
  0.8484848485E+000  0.6969696970E+000  0.1015960154E-013
  0.8484848485E+000  0.7272727273E+000  0.9445302560E-014
  0.8484848485E+000  0.7575757576E+000  0.8640039205E-014
  0.8484848485E+000  0.7878787879E+000  0.7751566449E-014
  0.8484848485E+000  0.8181818182E+000  0.6788440928E-014
  0.8484848485E+000  0.8484848485E+000  0.5759937878E-014
  0.8484848485E+000  0.8787878788E+000  0.4675962548E-014
  0.8484848485E+000  0.9090909091E+000  0.3546954195E-014
  0.8484848485E+000  0.9393939394E+000  0.2383786006E-014
  0.8484848485E+000  0.9696969697E+000  0.1197660178E-014
  0.8484848485E+000  0.1000000000E+001  0.0000000000E+000

  0.8787878788E+000  0.3030303030E-001  0.0000000000E+000
  0.8787878788E+000  0.6060606061E-001  0.9722653150E-015
  0.8787878788E+000  0.9090909091E-001  0.1935167405E-014
  0.8787878788E+000  0.1212121212E+000  0.2879433157E-014
  0.8787878788E+000  0.1515151515E+000  0.3795969009E-014
  0.8787878788E+000  0.1818181818E+000  0.4675948158E-014
  0.8787878788E+000  0.2121212121E+000  0.5510896306E-014
  0.8787878788E+000  0.2424242424E+000  0.6292772546E-014
  0.8787878788E+000  0.2727272727E+000  0.7014047048E-014
  0.8787878788E+000  0.3030303030E+000  0.7667773760E-014
  0.8787878788E+000  0.3333333333E+000  0.8247656709E-014
  0.8787878788E+000  0.3636363636E+000  0.8748111224E-014
  0.8787878788E+000  0.3939393939E+000  0.9164317574E-014
  0.8787878788E+000  0.4242424242E+000  0.9492267433E-014
  0.8787878788E+000  0.4545454545E+000  0.9728802175E-014
  0.8787878788E+000  0.4848484848E+000  0.9871643481E-014
  0.8787878788E+000  0.5151515152E+000  0.9919415624E-014
  0.8787878788E+000  0.5454545455E+000  0.9871657143E-014
  0.8787878788E+000  0.5757575758E+000  0.9728828974E-014
  0.8787878788E+000  0.6060606061E+000  0.9492306339E-014
  0.8787878788E+000  0.6363636364E+000  0.9164367092E-014
  0.8787878788E+000  0.6666666667E+000  0.8748169452E-014
  0.8787878788E+000  0.6969696970E+000  0.8247721409E-014
  0.8787878788E+000  0.7272727273E+000  0.7667842445E-014
  0.8787878788E+000  0.7575757576E+000  0.7014117080E-014
  0.8787878788E+000  0.7878787879E+000  0.6292841233E-014
  0.8787878788E+000  0.8181818182E+000  0.5510961009E-014
  0.8787878788E+000  0.8484848485E+000  0.4676006389E-014
  0.8787878788E+000  0.8787878788E+000  0.3796018530E-014
  0.8787878788E+000  0.9090909091E+000  0.2879472066E-014
  0.8787878788E+000  0.9393939394E+000  0.1935194207E-014
  0.8787878788E+000  0.9696969697E+000  0.9722789781E-015
  0.8787878788E+000  0.1000000000E+001  0.0000000000E+000

  0.9090909091E+000  0.3030303030E-001  0.0000000000E+000
  0.9090909091E+000  0.6060606061E-001  0.7375179996E-015
  0.9090909091E+000  0.9090909091E-001  0.1467933468E-014
  0.9090909091E+000  0.1212121212E+000  0.2184212242E-014
  0.9090909091E+000  0.1515151515E+000  0.2879456267E-014
  0.9090909091E+000  0.1818181818E+000  0.3546970063E-014
  0.9090909091E+000  0.2121212121E+000  0.4180325243E-014
  0.9090909091E+000  0.2424242424E+000  0.4773422362E-014
  0.9090909091E+000  0.2727272727E+000  0.5320549716E-014
  0.9090909091E+000  0.3030303030E+000  0.5816438138E-014
  0.9090909091E+000  0.3333333333E+000  0.6256311974E-014
  0.9090909091E+000  0.3636363636E+000  0.6635934828E-014
  0.9090909091E+000  0.3939393939E+000  0.6951650735E-014
  0.9090909091E+000  0.4242424242E+000  0.7200419036E-014
  0.9090909091E+000  0.4545454545E+000  0.7379843842E-014
  0.9090909091E+000  0.4848484848E+000  0.7488196979E-014
  0.9090909091E+000  0.5151515152E+000  0.7524434501E-014
  0.9090909091E+000  0.5454545455E+000  0.7488207206E-014
  0.9090909091E+000  0.5757575758E+000  0.7379863904E-014
  0.9090909091E+000  0.6060606061E+000  0.7200448163E-014
  0.9090909091E+000  0.6363636364E+000  0.6951687806E-014
  0.9090909091E+000  0.6666666667E+000  0.6635978420E-014
  0.9090909091E+000  0.6969696970E+000  0.6256360411E-014
  0.9090909091E+000  0.7272727273E+000  0.5816489559E-014
  0.9090909091E+000  0.7575757576E+000  0.5320602145E-014
  0.9090909091E+000  0.7878787879E+000  0.4773473783E-014
  0.9090909091E+000  0.8181818182E+000  0.4180373681E-014
  0.9090909091E+000  0.8484848485E+000  0.3547013657E-014
  0.9090909091E+000  0.8787878788E+000  0.2879493340E-014
  0.9090909091E+000  0.9090909091E+000  0.2184241370E-014
  0.9090909091E+000  0.9393939394E+000  0.1467953532E-014
  0.9090909091E+000  0.9696969697E+000  0.7375282283E-015
  0.9090909091E+000  0.1000000000E+001  0.0000000000E+000

  0.9393939394E+000  0.3030303030E-001  0.0000000000E+000
  0.9393939394E+000  0.6060606061E-001  0.4956631969E-015
  0.9393939394E+000  0.9090909091E-001  0.9865529856E-015
  0.9393939394E+000  0.1212121212E+000  0.1467941965E-014
  0.9393939394E+000  0.1515151515E+000  0.1935194139E-014
  0.9393939394E+000  0.1818181818E+000  0.2383809654E-014
  0.9393939394E+000  0.2121212121E+000  0.2809468216E-014
  0.9393939394E+000  0.2424242424E+000  0.3208070589E-014
  0.9393939394E+000  0.2727272727E+000  0.3575778032E-014
  0.9393939394E+000  0.3030303030E+000  0.3909049424E-014
  0.9393939394E+000  0.3333333333E+000  0.4204675077E-014
  0.9393939394E+000  0.3636363636E+000  0.4459807910E-014
  0.9393939394E+000  0.3939393939E+000  0.4671990794E-014
  0.9393939394E+000  0.4242424242E+000  0.4839180301E-014
  0.9393939394E+000  0.4545454545E+000  0.4959766093E-014
  0.9393939394E+000  0.4848484848E+000  0.5032586863E-014
  0.9393939394E+000  0.5151515152E+000  0.5056941028E-014
  0.9393939394E+000  0.5454545455E+000  0.5032593671E-014
  0.9393939394E+000  0.5757575758E+000  0.4959779448E-014
  0.9393939394E+000  0.6060606061E+000  0.4839199689E-014
  0.9393939394E+000  0.6363636364E+000  0.4672015470E-014
  0.9393939394E+000  0.6666666667E+000  0.4459836926E-014
  0.9393939394E+000  0.6969696970E+000  0.4204707318E-014
  0.9393939394E+000  0.7272727273E+000  0.3909083652E-014
  0.9393939394E+000  0.7575757576E+000  0.3575812931E-014
  0.9393939394E+000  0.7878787879E+000  0.3208104817E-014
  0.9393939394E+000  0.8181818182E+000  0.2809500458E-014
  0.9393939394E+000  0.8484848485E+000  0.2383838672E-014
  0.9393939394E+000  0.8787878788E+000  0.1935218817E-014
  0.9393939394E+000  0.9090909091E+000  0.1467961355E-014
  0.9393939394E+000  0.9393939394E+000  0.9865663413E-015
  0.9393939394E+000  0.9696969697E+000  0.4956700056E-015
  0.9393939394E+000  0.1000000000E+001  0.0000000000E+000

  0.9696969697E+000  0.3030303030E-001  0.0000000000E+000
  0.9696969697E+000  0.6060606061E-001  0.2490315891E-015
  0.9696969697E+000  0.9090909091E-001  0.4956649297E-015
  0.9696969697E+000  0.1212121212E+000  0.7375248473E-015
  0.9696969697E+000  0.1515151515E+000  0.9722821456E-015
  0.9696969697E+000  0.1818181818E+000  0.1197675999E-014
  0.9696969697E+000  0.2121212121E+000  0.1411535804E-014
  0.9696969697E+000  0.2424242424E+000  0.1611801998E-014
  0.9696969697E+000  0.2727272727E+000  0.1796545944E-014
  0.9696969697E+000  0.3030303030E+000  0.1963988465E-014
  0.9696969697E+000  0.3333333333E+000  0.2112516990E-014
  0.9696969697E+000  0.3636363636E+000  0.2240701066E-014
  0.9696969697E+000  0.3939393939E+000  0.2347306202E-014
  0.9696969697E+000  0.4242424242E+000  0.2431305692E-014
  0.9696969697E+000  0.4545454545E+000  0.2491890516E-014
  0.9696969697E+000  0.4848484848E+000  0.2528477155E-014
  0.9696969697E+000  0.5151515152E+000  0.2540713156E-014
  0.9696969697E+000  0.5454545455E+000  0.2528480556E-014
  0.9696969697E+000  0.5757575758E+000  0.2491897187E-014
  0.9696969697E+000  0.6060606061E+000  0.2431315377E-014
  0.9696969697E+000  0.6363636364E+000  0.2347318527E-014
  0.9696969697E+000  0.6666666667E+000  0.2240715560E-014
  0.9696969697E+000  0.6969696970E+000  0.2112533095E-014
  0.9696969697E+000  0.7272727273E+000  0.1964005562E-014
  0.9696969697E+000  0.7575757576E+000  0.1796563376E-014
  0.9696969697E+000  0.7878787879E+000  0.1611819095E-014
  0.9696969697E+000  0.8181818182E+000  0.1411551909E-014
  0.9696969697E+000  0.8484848485E+000  0.1197690493E-014
  0.9696969697E+000  0.8787878788E+000  0.9722944721E-015
  0.9696969697E+000  0.9090909091E+000  0.7375345322E-015
  0.9696969697E+000  0.9393939394E+000  0.4956716008E-015
  0.9696969697E+000  0.9696969697E+000  0.2490349900E-015
  0.9696969697E+000  0.1000000000E+001  0.0000000000E+000

  0.1000000000E+001  0.3030303030E-001  0.0000000000E+000
  0.1000000000E+001  0.6060606061E-001  0.0000000000E+000
  0.1000000000E+001  0.9090909091E-001  0.0000000000E+000
  0.1000000000E+001  0.1212121212E+000  0.0000000000E+000
  0.1000000000E+001  0.1515151515E+000  0.0000000000E+000
  0.1000000000E+001  0.1818181818E+000  0.0000000000E+000
  0.1000000000E+001  0.2121212121E+000  0.0000000000E+000
  0.1000000000E+001  0.2424242424E+000  0.0000000000E+000
  0.1000000000E+001  0.2727272727E+000  0.0000000000E+000
  0.1000000000E+001  0.3030303030E+000  0.0000000000E+000
  0.1000000000E+001  0.3333333333E+000  0.0000000000E+000
  0.1000000000E+001  0.3636363636E+000  0.0000000000E+000
  0.1000000000E+001  0.3939393939E+000  0.0000000000E+000
  0.1000000000E+001  0.4242424242E+000  0.0000000000E+000
  0.1000000000E+001  0.4545454545E+000  0.0000000000E+000
  0.1000000000E+001  0.4848484848E+000  0.0000000000E+000
  0.1000000000E+001  0.5151515152E+000  0.0000000000E+000
  0.1000000000E+001  0.5454545455E+000  0.0000000000E+000
  0.1000000000E+001  0.5757575758E+000  0.0000000000E+000
  0.1000000000E+001  0.6060606061E+000  0.0000000000E+000
  0.1000000000E+001  0.6363636364E+000  0.0000000000E+000
  0.1000000000E+001  0.6666666667E+000  0.0000000000E+000
  0.1000000000E+001  0.6969696970E+000  0.0000000000E+000
  0.1000000000E+001  0.7272727273E+000  0.0000000000E+000
  0.1000000000E+001  0.7575757576E+000  0.0000000000E+000
  0.1000000000E+001  0.7878787879E+000  0.0000000000E+000
  0.1000000000E+001  0.8181818182E+000  0.0000000000E+000
  0.1000000000E+001  0.8484848485E+000  0.0000000000E+000
  0.1000000000E+001  0.8787878788E+000  0.0000000000E+000
  0.1000000000E+001  0.9090909091E+000  0.0000000000E+000
  0.1000000000E+001  0.9393939394E+000  0.0000000000E+000
  0.1000000000E+001  0.9696969697E+000  0.0000000000E+000
  0.1000000000E+001  0.1000000000E+001  0.0000000000E+000

