  0.3030303030E-001  0.3030303030E-001  0.0000000000E+000
  0.3030303030E-001  0.6060606061E-001  0.0000000000E+000
  0.3030303030E-001  0.9090909091E-001  0.0000000000E+000
  0.3030303030E-001  0.1212121212E+000  0.0000000000E+000
  0.3030303030E-001  0.1515151515E+000  0.0000000000E+000
  0.3030303030E-001  0.1818181818E+000  0.0000000000E+000
  0.3030303030E-001  0.2121212121E+000  0.0000000000E+000
  0.3030303030E-001  0.2424242424E+000  0.0000000000E+000
  0.3030303030E-001  0.2727272727E+000  0.0000000000E+000
  0.3030303030E-001  0.3030303030E+000  0.0000000000E+000
  0.3030303030E-001  0.3333333333E+000  0.0000000000E+000
  0.3030303030E-001  0.3636363636E+000  0.0000000000E+000
  0.3030303030E-001  0.3939393939E+000  0.0000000000E+000
  0.3030303030E-001  0.4242424242E+000  0.0000000000E+000
  0.3030303030E-001  0.4545454545E+000  0.0000000000E+000
  0.3030303030E-001  0.4848484848E+000  0.0000000000E+000
  0.3030303030E-001  0.5151515152E+000  0.0000000000E+000
  0.3030303030E-001  0.5454545455E+000  0.0000000000E+000
  0.3030303030E-001  0.5757575758E+000  0.0000000000E+000
  0.3030303030E-001  0.6060606061E+000  0.0000000000E+000
  0.3030303030E-001  0.6363636364E+000  0.0000000000E+000
  0.3030303030E-001  0.6666666667E+000  0.0000000000E+000
  0.3030303030E-001  0.6969696970E+000  0.0000000000E+000
  0.3030303030E-001  0.7272727273E+000  0.0000000000E+000
  0.3030303030E-001  0.7575757576E+000  0.0000000000E+000
  0.3030303030E-001  0.7878787879E+000  0.0000000000E+000
  0.3030303030E-001  0.8181818182E+000  0.0000000000E+000
  0.3030303030E-001  0.8484848485E+000  0.0000000000E+000
  0.3030303030E-001  0.8787878788E+000  0.0000000000E+000
  0.3030303030E-001  0.9090909091E+000  0.0000000000E+000
  0.3030303030E-001  0.9393939394E+000  0.0000000000E+000
  0.3030303030E-001  0.9696969697E+000  0.0000000000E+000
  0.3030303030E-001  0.1000000000E+001  0.0000000000E+000

  0.6060606061E-001  0.3030303030E-001  0.0000000000E+000
  0.6060606061E-001  0.6060606061E-001 -0.1902783548E-011
  0.6060606061E-001  0.9090909091E-001 -0.3787262365E-011
  0.6060606061E-001  0.1212121212E+000 -0.5635306998E-011
  0.6060606061E-001  0.1515151515E+000 -0.7429137304E-011
  0.6060606061E-001  0.1818181818E+000 -0.9151492650E-011
  0.6060606061E-001  0.2121212121E+000 -0.1078579813E-010
  0.6060606061E-001  0.2424242424E+000 -0.1231632303E-010
  0.6060606061E-001  0.2727272727E+000 -0.1372833240E-010
  0.6060606061E-001  0.3030303030E+000 -0.1500822846E-010
  0.6060606061E-001  0.3333333333E+000 -0.1614368167E-010
  0.6060606061E-001  0.3636363636E+000 -0.1712374954E-010
  0.6060606061E-001  0.3939393939E+000 -0.1793898289E-010
  0.6060606061E-001  0.4242424242E+000 -0.1858151684E-010
  0.6060606061E-001  0.4545454545E+000 -0.1904514727E-010
  0.6060606061E-001  0.4848484848E+000 -0.1932539152E-010
  0.6060606061E-001  0.5151515152E+000 -0.1941953182E-010
  0.6060606061E-001  0.5454545455E+000 -0.1932664250E-010
  0.6060606061E-001  0.5757575758E+000 -0.1904760091E-010
  0.6060606061E-001  0.6060606061E+000 -0.1858507840E-010
  0.6060606061E-001  0.6363636364E+000 -0.1794351493E-010
  0.6060606061E-001  0.6666666667E+000 -0.1712907728E-010
  0.6060606061E-001  0.6969696970E+000 -0.1614959979E-010
  0.6060606061E-001  0.7272727273E+000 -0.1501450908E-010
  0.6060606061E-001  0.7575757576E+000 -0.1373473393E-010
  0.6060606061E-001  0.7878787879E+000 -0.1232259946E-010
  0.6060606061E-001  0.8181818182E+000 -0.1079170849E-010
  0.6060606061E-001  0.8484848485E+000 -0.9156810248E-011
  0.6060606061E-001  0.8787878788E+000 -0.7433658365E-011
  0.6060606061E-001  0.9090909091E+000 -0.5638858407E-011
  0.6060606061E-001  0.9393939394E+000 -0.3789708225E-011
  0.6060606061E-001  0.9696969697E+000 -0.1904030313E-011
  0.6060606061E-001  0.1000000000E+001  0.0000000000E+000

  0.9090909091E-001  0.3030303030E-001  0.0000000000E+000
  0.9090909091E-001  0.6060606061E-001 -0.3787448575E-011
  0.9090909091E-001  0.9090909091E-001 -0.7538461532E-011
  0.9090909091E-001  0.1212121212E+000 -0.1121695279E-010
  0.9090909091E-001  0.1515151515E+000 -0.1478753072E-010
  0.9090909091E-001  0.1818181818E+000 -0.1821583830E-010
  0.9090909091E-001  0.2121212121E+000 -0.2146888333E-010
  0.9090909091E-001  0.2424242424E+000 -0.2451535442E-010
  0.9090909091E-001  0.2727272727E+000 -0.2732592147E-010
  0.9090909091E-001  0.3030303030E+000 -0.2987351910E-010
  0.9090909091E-001  0.3333333333E+000 -0.3213360507E-010
  0.9090909091E-001  0.3636363636E+000 -0.3408439904E-010
  0.9090909091E-001  0.3939393939E+000 -0.3570709250E-010
  0.9090909091E-001  0.4242424242E+000 -0.3698603155E-010
  0.9090909091E-001  0.4545454545E+000 -0.3790886664E-010
  0.9090909091E-001  0.4848484848E+000 -0.3846667628E-010
  0.9090909091E-001  0.5151515152E+000 -0.3865405064E-010
  0.9090909091E-001  0.5454545455E+000 -0.3846914660E-010
  0.9090909091E-001  0.5757575758E+000 -0.3791371188E-010
  0.9090909091E-001  0.6060606061E+000 -0.3699306465E-010
  0.9090909091E-001  0.6363636364E+000 -0.3571604205E-010
  0.9090909091E-001  0.6666666667E+000 -0.3409491990E-010
  0.9090909091E-001  0.6969696970E+000 -0.3214529180E-010
  0.9090909091E-001  0.7272727273E+000 -0.2988592173E-010
  0.9090909091E-001  0.7575757576E+000 -0.2733856290E-010
  0.9090909091E-001  0.7878787879E+000 -0.2452774884E-010
  0.9090909091E-001  0.8181818182E+000 -0.2148055489E-010
  0.9090909091E-001  0.8484848485E+000 -0.1822633932E-010
  0.9090909091E-001  0.8787878788E+000 -0.1479645879E-010
  0.9090909091E-001  0.9090909091E+000 -0.1122396602E-010
  0.9090909091E-001  0.9393939394E+000 -0.7543291565E-011
  0.9090909091E-001  0.9696969697E+000 -0.3789910662E-011
  0.9090909091E-001  0.1000000000E+001  0.0000000000E+000

  0.1212121212E+000  0.3030303030E-001  0.0000000000E+000
  0.1212121212E+000  0.6060606061E-001 -0.5636043056E-011
  0.1212121212E+000  0.9090909091E-001 -0.1121786634E-010
  0.1212121212E+000  0.1212121212E+000 -0.1669176956E-010
  0.1212121212E+000  0.1515151515E+000 -0.2200508672E-010
  0.1212121212E+000  0.1818181818E+000 -0.2710669148E-010
  0.1212121212E+000  0.2121212121E+000 -0.3194748794E-010
  0.1212121212E+000  0.2424242424E+000 -0.3648088169E-010
  0.1212121212E+000  0.2727272727E+000 -0.4066322790E-010
  0.1212121212E+000  0.3030303030E+000 -0.4445424962E-010
  0.1212121212E+000  0.3333333333E+000 -0.4781742747E-010
  0.1212121212E+000  0.3636363636E+000 -0.5072035008E-010
  0.1212121212E+000  0.3939393939E+000 -0.5313503006E-010
  0.1212121212E+000  0.4242424242E+000 -0.5503817257E-010
  0.1212121212E+000  0.4545454545E+000 -0.5641140277E-010
  0.1212121212E+000  0.4848484848E+000 -0.5724144395E-010
  0.1212121212E+000  0.5151515152E+000 -0.5752024654E-010
  0.1212121212E+000  0.5454545455E+000 -0.5724507140E-010
  0.1212121212E+000  0.5757575758E+000 -0.5641851759E-010
  0.1212121212E+000  0.6060606061E+000 -0.5504850010E-010
  0.1212121212E+000  0.6363636364E+000 -0.5314817180E-010
  0.1212121212E+000  0.6666666667E+000 -0.5073579924E-010
  0.1212121212E+000  0.6969696970E+000 -0.4783458873E-010
  0.1212121212E+000  0.7272727273E+000 -0.4447246222E-010
  0.1212121212E+000  0.7575757576E+000 -0.4068179127E-010
  0.1212121212E+000  0.7878787879E+000 -0.3649908243E-010
  0.1212121212E+000  0.8181818182E+000 -0.3196462726E-010
  0.1212121212E+000  0.8484848485E+000 -0.2712211197E-010
  0.1212121212E+000  0.8787878788E+000 -0.2201819742E-010
  0.1212121212E+000  0.9090909091E+000 -0.1670206840E-010
  0.1212121212E+000  0.9393939394E+000 -0.1122495919E-010
  0.1212121212E+000  0.9696969697E+000 -0.5639658607E-011
  0.1212121212E+000  0.1000000000E+001  0.0000000000E+000

  0.1515151515E+000  0.3030303030E-001  0.0000000000E+000
  0.1515151515E+000  0.6060606061E-001 -0.7430947054E-011
  0.1515151515E+000  0.9090909091E-001 -0.1479040578E-010
  0.1515151515E+000  0.1212121212E+000 -0.2200757267E-010
  0.1515151515E+000  0.1515151515E+000 -0.2901300896E-010
  0.1515151515E+000  0.1818181818E+000 -0.3573930375E-010
  0.1515151515E+000  0.2121212121E+000 -0.4212172651E-010
  0.1515151515E+000  0.2424242424E+000 -0.4809884309E-010
  0.1515151515E+000  0.2727272727E+000 -0.5361310800E-010
  0.1515151515E+000  0.3030303030E+000 -0.5861141939E-010
  0.1515151515E+000  0.3333333333E+000 -0.6304562604E-010
  0.1515151515E+000  0.3636363636E+000 -0.6687299633E-010
  0.1515151515E+000  0.3939393939E+000 -0.7005663002E-010
  0.1515151515E+000  0.4242424242E+000 -0.7256581601E-010
  0.1515151515E+000  0.4545454545E+000 -0.7437632805E-010
  0.1515151515E+000  0.4848484848E+000 -0.7547066220E-010
  0.1515151515E+000  0.5151515152E+000 -0.7583821093E-010
  0.1515151515E+000  0.5454545455E+000 -0.7547535602E-010
  0.1515151515E+000  0.5757575758E+000 -0.7438553445E-010
  0.1515151515E+000  0.6060606061E+000 -0.7257917964E-010
  0.1515151515E+000  0.6363636364E+000 -0.7007363526E-010
  0.1515151515E+000  0.6666666667E+000 -0.6689298746E-010
  0.1515151515E+000  0.6969696970E+000 -0.6306783277E-010
  0.1515151515E+000  0.7272727273E+000 -0.5863498673E-010
  0.1515151515E+000  0.7575757576E+000 -0.5363712941E-010
  0.1515151515E+000  0.7878787879E+000 -0.4812239542E-010
  0.1515151515E+000  0.8181818182E+000 -0.4214390548E-010
  0.1515151515E+000  0.8484848485E+000 -0.3575925861E-010
  0.1515151515E+000  0.8787878788E+000 -0.2902997491E-010
  0.1515151515E+000  0.9090909091E+000 -0.2202089998E-010
  0.1515151515E+000  0.9393939394E+000 -0.1479958437E-010
  0.1515151515E+000  0.9696969697E+000 -0.7435625815E-011
  0.1515151515E+000  0.1000000000E+001  0.0000000000E+000

  0.1818181818E+000  0.3030303030E-001  0.0000000000E+000
  0.1818181818E+000  0.6060606061E-001 -0.9155035142E-011
  0.1818181818E+000  0.9090909091E-001 -0.1822199362E-010
  0.1818181818E+000  0.1212121212E+000 -0.2711364287E-010
  0.1818181818E+000  0.1515151515E+000 -0.3574443084E-010
  0.1818181818E+000  0.1818181818E+000 -0.4403130671E-010
  0.1818181818E+000  0.2121212121E+000 -0.5189451939E-010
  0.1818181818E+000  0.2424242424E+000 -0.5925837963E-010
  0.1818181818E+000  0.2727272727E+000 -0.6605199218E-010
  0.1818181818E+000  0.3030303030E+000 -0.7220993206E-010
  0.1818181818E+000  0.3333333333E+000 -0.7767287982E-010
  0.1818181818E+000  0.3636363636E+000 -0.8238818837E-010
  0.1818181818E+000  0.3939393939E+000 -0.8631039956E-010
  0.1818181818E+000  0.4242424242E+000 -0.8940167704E-010
  0.1818181818E+000  0.4545454545E+000 -0.9163217673E-010
  0.1818181818E+000  0.4848484848E+000 -0.9298033643E-010
  0.1818181818E+000  0.5151515152E+000 -0.9343308622E-010
  0.1818181818E+000  0.5454545455E+000 -0.9298598027E-010
  0.1818181818E+000  0.5757575758E+000 -0.9164324654E-010
  0.1818181818E+000  0.6060606061E+000 -0.8941774559E-010
  0.1818181818E+000  0.6363636364E+000 -0.8633084697E-010
  0.1818181818E+000  0.6666666667E+000 -0.8241222627E-010
  0.1818181818E+000  0.6969696970E+000 -0.7769958205E-010
  0.1818181818E+000  0.7272727273E+000 -0.7223827062E-010
  0.1818181818E+000  0.7575757576E+000 -0.6608087700E-010
  0.1818181818E+000  0.7878787879E+000 -0.5928670066E-010
  0.1818181818E+000  0.8181818182E+000 -0.5192118922E-010
  0.1818181818E+000  0.8484848485E+000 -0.4405530226E-010
  0.1818181818E+000  0.8787878788E+000 -0.3576483238E-010
  0.1818181818E+000  0.9090909091E+000 -0.2712966903E-010
  0.1818181818E+000  0.9393939394E+000 -0.1823303097E-010
  0.1818181818E+000  0.9696969697E+000 -0.9160661412E-011
  0.1818181818E+000  0.1000000000E+001  0.0000000000E+000

  0.2121212121E+000  0.3030303030E-001  0.0000000000E+000
  0.2121212121E+000  0.6060606061E-001 -0.1079183582E-010
  0.2121212121E+000  0.9090909091E-001 -0.2147984511E-010
  0.2121212121E+000  0.1212121212E+000 -0.3196119692E-010
  0.2121212121E+000  0.1515151515E+000 -0.4213504130E-010
  0.2121212121E+000  0.1818181818E+000 -0.5190347742E-010
  0.2121212121E+000  0.2121212121E+000 -0.6117249272E-010
  0.2121212121E+000  0.2424242424E+000 -0.6985286692E-010
  0.2121212121E+000  0.2727272727E+000 -0.7786102594E-010
  0.2121212121E+000  0.3030303030E+000 -0.8511985273E-010
  0.2121212121E+000  0.3333333333E+000 -0.9155941845E-010
  0.2121212121E+000  0.3636363636E+000 -0.9711766760E-010
  0.2121212121E+000  0.3939393939E+000 -0.1017410142E-009
  0.2121212121E+000  0.4242424242E+000 -0.1053848653E-009
  0.2121212121E+000  0.4545454545E+000 -0.1080140390E-009
  0.2121212121E+000  0.4848484848E+000 -0.1096031248E-009
  0.2121212121E+000  0.5151515152E+000 -0.1101367191E-009
  0.2121212121E+000  0.5454545455E+000 -0.1096095806E-009
  0.2121212121E+000  0.5757575758E+000 -0.1080267014E-009
  0.2121212121E+000  0.6060606061E+000 -0.1054032457E-009
  0.2121212121E+000  0.6363636364E+000 -0.1017644037E-009
  0.2121212121E+000  0.6666666667E+000 -0.9714516441E-010
  0.2121212121E+000  0.6969696970E+000 -0.9158996331E-010
  0.2121212121E+000  0.7272727273E+000 -0.8515226977E-010
  0.2121212121E+000  0.7575757576E+000 -0.7789406825E-010
  0.2121212121E+000  0.7878787879E+000 -0.6988526464E-010
  0.2121212121E+000  0.8181818182E+000 -0.6120300187E-010
  0.2121212121E+000  0.8484848485E+000 -0.5193092756E-010
  0.2121212121E+000  0.8787878788E+000 -0.4215838019E-010
  0.2121212121E+000  0.9090909091E+000 -0.3197953059E-010
  0.2121212121E+000  0.9393939394E+000 -0.2149247171E-010
  0.2121212121E+000  0.9696969697E+000 -0.1079827222E-010
  0.2121212121E+000  0.1000000000E+001  0.0000000000E+000

  0.2424242424E+000  0.3030303030E-001  0.0000000000E+000
  0.2424242424E+000  0.6060606061E-001 -0.1232568440E-010
  0.2424242424E+000  0.9090909091E-001 -0.2453278179E-010
  0.2424242424E+000  0.1212121212E+000 -0.3650384204E-010
  0.2424242424E+000  0.1515151515E+000 -0.4812367895E-010
  0.2424242424E+000  0.1818181818E+000 -0.5928047346E-010
  0.2424242424E+000  0.2121212121E+000 -0.6986685037E-010
  0.2424242424E+000  0.2424242424E+000 -0.7978090410E-010
  0.2424242424E+000  0.2727272727E+000 -0.8892718661E-010
  0.2424242424E+000  0.3030303030E+000 -0.9721761406E-010
  0.2424242424E+000  0.3333333333E+000 -0.1045723259E-009
  0.2424242424E+000  0.3636363636E+000 -0.1109204443E-009
  0.2424242424E+000  0.3939393939E+000 -0.1162007750E-009
  0.2424242424E+000  0.4242424242E+000 -0.1203623839E-009
  0.2424242424E+000  0.4545454545E+000 -0.1233651001E-009
  0.2424242424E+000  0.4848484848E+000 -0.1251799003E-009
  0.2424242424E+000  0.5151515152E+000 -0.1257891962E-009
  0.2424242424E+000  0.5454545455E+000 -0.1251870127E-009
  0.2424242424E+000  0.5757575758E+000 -0.1233790504E-009
  0.2424242424E+000  0.6060606061E+000 -0.1203826339E-009
  0.2424242424E+000  0.6363636364E+000 -0.1162265439E-009
  0.2424242424E+000  0.6666666667E+000 -0.1109507387E-009
  0.2424242424E+000  0.6969696970E+000 -0.1046059789E-009
  0.2424242424E+000  0.7272727273E+000 -0.9725333026E-010
  0.2424242424E+000  0.7575757576E+000 -0.8896359221E-010
  0.2424242424E+000  0.7878787879E+000 -0.7981659997E-010
  0.2424242424E+000  0.8181818182E+000 -0.6990046582E-010
  0.2424242424E+000  0.8484848485E+000 -0.5931071876E-010
  0.2424242424E+000  0.8787878788E+000 -0.4814939460E-010
  0.2424242424E+000  0.9090909091E+000 -0.3652404290E-010
  0.2424242424E+000  0.9393939394E+000 -0.2454669442E-010
  0.2424242424E+000  0.9696969697E+000 -0.1233277638E-010
  0.2424242424E+000  0.1000000000E+001  0.0000000000E+000

  0.2727272727E+000  0.3030303030E-001  0.0000000000E+000
  0.2727272727E+000  0.6060606061E-001 -0.1374187048E-010
  0.2727272727E+000  0.9090909091E-001 -0.2735152389E-010
  0.2727272727E+000  0.1212121212E+000 -0.4069801181E-010
  0.2727272727E+000  0.1515151515E+000 -0.5365290816E-010
  0.2727272727E+000  0.1818181818E+000 -0.6609154508E-010
  0.2727272727E+000  0.2121212121E+000 -0.7789420415E-010
  0.2727272727E+000  0.2424242424E+000 -0.8894727447E-010
  0.2727272727E+000  0.2727272727E+000 -0.9914433243E-010
  0.2727272727E+000  0.3030303030E+000 -0.1083871863E-009
  0.2727272727E+000  0.3333333333E+000 -0.1165867889E-009
  0.2727272727E+000  0.3636363636E+000 -0.1236641305E-009
  0.2727272727E+000  0.3939393939E+000 -0.1295509801E-009
  0.2727272727E+000  0.4242424242E+000 -0.1341905699E-009
  0.2727272727E+000  0.4545454545E+000 -0.1375381061E-009
  0.2727272727E+000  0.4848484848E+000 -0.1395612414E-009
  0.2727272727E+000  0.5151515152E+000 -0.1402403775E-009
  0.2727272727E+000  0.5454545455E+000 -0.1395688429E-009
  0.2727272727E+000  0.5757575758E+000 -0.1375530157E-009
  0.2727272727E+000  0.6060606061E+000 -0.1342122126E-009
  0.2727272727E+000  0.6363636364E+000 -0.1295785216E-009
  0.2727272727E+000  0.6666666667E+000 -0.1236965093E-009
  0.2727272727E+000  0.6969696970E+000 -0.1166227580E-009
  0.2727272727E+000  0.7272727273E+000 -0.1084253611E-009
  0.2727272727E+000  0.7575757576E+000 -0.9918324473E-010
  0.2727272727E+000  0.7878787879E+000 -0.8898542874E-010
  0.2727272727E+000  0.8181818182E+000 -0.7793013522E-010
  0.2727272727E+000  0.8484848485E+000 -0.6612387424E-010
  0.2727272727E+000  0.8787878788E+000 -0.5368039587E-010
  0.2727272727E+000  0.9090909091E+000 -0.4071960487E-010
  0.2727272727E+000  0.9393939394E+000 -0.2736639545E-010
  0.2727272727E+000  0.9696969697E+000 -0.1374945131E-010
  0.2727272727E+000  0.1000000000E+001  0.0000000000E+000

  0.3030303030E+000  0.3030303030E-001  0.0000000000E+000
  0.3030303030E+000  0.6060606061E-001 -0.1502677690E-010
  0.3030303030E+000  0.9090909091E-001 -0.2990896877E-010
  0.3030303030E+000  0.1212121212E+000 -0.4450337709E-010
  0.3030303030E+000  0.1515151515E+000 -0.5866956428E-010
  0.3030303030E+000  0.1818181818E+000 -0.7227119930E-010
  0.3030303030E+000  0.2121212121E+000 -0.8517737016E-010
  0.3030303030E+000  0.2424242424E+000 -0.9726383549E-010
  0.3030303030E+000  0.2727272727E+000 -0.1084142284E-009
  0.3030303030E+000  0.3030303030E+000 -0.1185211633E-009
  0.3030303030E+000  0.3333333333E+000 -0.1274872827E-009
  0.3030303030E+000  0.3636363636E+000 -0.1352261817E-009
  0.3030303030E+000  0.3939393939E+000 -0.1416632653E-009
  0.3030303030E+000  0.4242424242E+000 -0.1467364486E-009
  0.3030303030E+000  0.4545454545E+000 -0.1503967691E-009
  0.3030303030E+000  0.4848484848E+000 -0.1526088553E-009
  0.3030303030E+000  0.5151515152E+000 -0.1533512804E-009
  0.3030303030E+000  0.5454545455E+000 -0.1526167716E-009
  0.3030303030E+000  0.5757575758E+000 -0.1504122962E-009
  0.3030303030E+000  0.6060606061E+000 -0.1467589880E-009
  0.3030303030E+000  0.6363636364E+000 -0.1416919482E-009
  0.3030303030E+000  0.6666666667E+000 -0.1352599029E-009
  0.3030303030E+000  0.6969696970E+000 -0.1275247437E-009
  0.3030303030E+000  0.7272727273E+000 -0.1185609222E-009
  0.3030303030E+000  0.7575757576E+000 -0.1084547561E-009
  0.3030303030E+000  0.7878787879E+000 -0.9730357439E-010
  0.3030303030E+000  0.8181818182E+000 -0.8521479411E-010
  0.3030303030E+000  0.8484848485E+000 -0.7230487216E-010
  0.3030303030E+000  0.8787878788E+000 -0.5869819480E-010
  0.3030303030E+000  0.9090909091E+000 -0.4452586810E-010
  0.3030303030E+000  0.9393939394E+000 -0.2992445887E-010
  0.3030303030E+000  0.9696969697E+000 -0.1503467305E-010
  0.3030303030E+000  0.1000000000E+001  0.0000000000E+000

  0.3333333333E+000  0.3030303030E-001  0.0000000000E+000
  0.3333333333E+000  0.6060606061E-001 -0.1616801006E-010
  0.3333333333E+000  0.9090909091E-001 -0.3218044789E-010
  0.3333333333E+000  0.1212121212E+000 -0.4788323358E-010
  0.3333333333E+000  0.1515151515E+000 -0.6312525771E-010
  0.3333333333E+000  0.1818181818E+000 -0.7775983153E-010
  0.3333333333E+000  0.2121212121E+000 -0.9164609555E-010
  0.3333333333E+000  0.2424242424E+000 -0.1046503726E-009
  0.3333333333E+000  0.2727272727E+000 -0.1166474527E-009
  0.3333333333E+000  0.3030303030E+000 -0.1275218023E-009
  0.3333333333E+000  0.3333333333E+000 -0.1371686651E-009
  0.3333333333E+000  0.3636363636E+000 -0.1454950814E-009
  0.3333333333E+000  0.3939393939E+000 -0.1524207921E-009
  0.3333333333E+000  0.4242424242E+000 -0.1578790157E-009
  0.3333333333E+000  0.4545454545E+000 -0.1618170656E-009
  0.3333333333E+000  0.4848484848E+000 -0.1641968990E-009
  0.3333333333E+000  0.5151515152E+000 -0.1649954713E-009
  0.3333333333E+000  0.5454545455E+000 -0.1642049546E-009
  0.3333333333E+000  0.5757575758E+000 -0.1618328663E-009
  0.3333333333E+000  0.6060606061E+000 -0.1579019524E-009
  0.3333333333E+000  0.6363636364E+000 -0.1524499809E-009
  0.3333333333E+000  0.6666666667E+000 -0.1455293981E-009
  0.3333333333E+000  0.6969696970E+000 -0.1372067883E-009
  0.3333333333E+000  0.7272727273E+000 -0.1275622649E-009
  0.3333333333E+000  0.7575757576E+000 -0.1166886985E-009
  0.3333333333E+000  0.7878787879E+000 -0.1046908164E-009
  0.3333333333E+000  0.8181818182E+000 -0.9168418400E-010
  0.3333333333E+000  0.8484848485E+000 -0.7779410283E-010
  0.3333333333E+000  0.8787878788E+000 -0.6315439744E-010
  0.3333333333E+000  0.9090909091E+000 -0.4790612485E-010
  0.3333333333E+000  0.9393939394E+000 -0.3219621377E-010
  0.3333333333E+000  0.9696969697E+000 -0.1617604683E-010
  0.3333333333E+000  0.1000000000E+001  0.0000000000E+000

  0.3636363636E+000  0.3030303030E-001  0.0000000000E+000
  0.3636363636E+000  0.6060606061E-001 -0.1715451984E-010
  0.3636363636E+000  0.9090909091E-001 -0.3414396776E-010
  0.3636363636E+000  0.1212121212E+000 -0.5080485535E-010
  0.3636363636E+000  0.1515151515E+000 -0.6697684698E-010
  0.3636363636E+000  0.1818181818E+000 -0.8250429735E-010
  0.3636363636E+000  0.2121212121E+000 -0.9723774937E-010
  0.3636363636E+000  0.2424242424E+000 -0.1110353649E-009
  0.3636363636E+000  0.2727272727E+000 -0.1237642969E-009
  0.3636363636E+000  0.3030303030E+000 -0.1353019560E-009
  0.3636363636E+000  0.3333333333E+000 -0.1455372029E-009
  0.3636363636E+000  0.3636363636E+000 -0.1543714071E-009
  0.3636363636E+000  0.3939393939E+000 -0.1617194270E-009
  0.3636363636E+000  0.4242424242E+000 -0.1675103976E-009
  0.3636363636E+000  0.4545454545E+000 -0.1716884426E-009
  0.3636363636E+000  0.4848484848E+000 -0.1742131966E-009
  0.3636363636E+000  0.5151515152E+000 -0.1750602185E-009
  0.3636363636E+000  0.5454545455E+000 -0.1742212206E-009
  0.3636363636E+000  0.5757575758E+000 -0.1717041814E-009
  0.3636363636E+000  0.6060606061E+000 -0.1675332448E-009
  0.3636363636E+000  0.6363636364E+000 -0.1617485024E-009
  0.3636363636E+000  0.6666666667E+000 -0.1544055911E-009
  0.3636363636E+000  0.6969696970E+000 -0.1455751794E-009
  0.3636363636E+000  0.7272727273E+000 -0.1353422638E-009
  0.3636363636E+000  0.7575757576E+000 -0.1238053859E-009
  0.3636363636E+000  0.7878787879E+000 -0.1110756558E-009
  0.3636363636E+000  0.8181818182E+000 -0.9727569456E-010
  0.3636363636E+000  0.8484848485E+000 -0.8253844034E-010
  0.3636363636E+000  0.8787878788E+000 -0.6700587806E-010
  0.3636363636E+000  0.9090909091E+000 -0.5082766154E-010
  0.3636363636E+000  0.9393939394E+000 -0.3415967518E-010
  0.3636363636E+000  0.9696969697E+000 -0.1716252685E-010
  0.3636363636E+000  0.1000000000E+001  0.0000000000E+000

  0.3939393939E+000  0.3030303030E-001  0.0000000000E+000
  0.3939393939E+000  0.6060606061E-001 -0.1797670871E-010
  0.3939393939E+000  0.9090909091E-001 -0.3578042553E-010
  0.3939393939E+000  0.1212121212E+000 -0.5323981934E-010
  0.3939393939E+000  0.1515151515E+000 -0.7018686165E-010
  0.3939393939E+000  0.1818181818E+000 -0.8645844272E-010
  0.3939393939E+000  0.2121212121E+000 -0.1018979347E-009
  0.3939393939E+000  0.2424242424E+000 -0.1163567045E-009
  0.3939393939E+000  0.2727272727E+000 -0.1296955268E-009
  0.3939393939E+000  0.3030303030E+000 -0.1417859513E-009
  0.3939393939E+000  0.3333333333E+000 -0.1525114990E-009
  0.3939393939E+000  0.3636363636E+000 -0.1617688348E-009
  0.3939393939E+000  0.3939393939E+000 -0.1694687172E-009
  0.3939393939E+000  0.4242424242E+000 -0.1755369326E-009
  0.3939393939E+000  0.4545454545E+000 -0.1799148959E-009
  0.3939393939E+000  0.4848484848E+000 -0.1825603471E-009
  0.3939393939E+000  0.5151515152E+000 -0.1834476694E-009
  0.3939393939E+000  0.5454545455E+000 -0.1825681782E-009
  0.3939393939E+000  0.5757575758E+000 -0.1799302565E-009
  0.3939393939E+000  0.6060606061E+000 -0.1755592311E-009
  0.3939393939E+000  0.6363636364E+000 -0.1694970949E-009
  0.3939393939E+000  0.6666666667E+000 -0.1618021992E-009
  0.3939393939E+000  0.6969696970E+000 -0.1525485659E-009
  0.3939393939E+000  0.7272727273E+000 -0.1418252946E-009
  0.3939393939E+000  0.7575757576E+000 -0.1297356336E-009
  0.3939393939E+000  0.7878787879E+000 -0.1163960333E-009
  0.3939393939E+000  0.8181818182E+000 -0.1019349747E-009
  0.3939393939E+000  0.8484848485E+000 -0.8649177185E-010
  0.3939393939E+000  0.8787878788E+000 -0.7021520120E-010
  0.3939393939E+000  0.9090909091E+000 -0.5326208258E-010
  0.3939393939E+000  0.9393939394E+000 -0.3579575915E-010
  0.3939393939E+000  0.9696969697E+000 -0.1798452522E-010
  0.3939393939E+000  0.1000000000E+001  0.0000000000E+000

  0.4242424242E+000  0.3030303030E-001  0.0000000000E+000
  0.4242424242E+000  0.6060606061E-001 -0.1862652731E-010
  0.4242424242E+000  0.9090909091E-001 -0.3707380086E-010
  0.4242424242E+000  0.1212121212E+000 -0.5516428736E-010
  0.4242424242E+000  0.1515151515E+000 -0.7272387779E-010
  0.4242424242E+000  0.1818181818E+000 -0.8958355861E-010
  0.4242424242E+000  0.2121212121E+000 -0.1055810378E-009
  0.4242424242E+000  0.2424242424E+000 -0.1205623017E-009
  0.4242424242E+000  0.2727272727E+000 -0.1343830995E-009
  0.4242424242E+000  0.3030303030E+000 -0.1469103247E-009
  0.4242424242E+000  0.3333333333E+000 -0.1580233073E-009
  0.4242424242E+000  0.3636363636E+000 -0.1676149664E-009
  0.4242424242E+000  0.3939393939E+000 -0.1755928656E-009
  0.4242424242E+000  0.4242424242E+000 -0.1818800791E-009
  0.4242424242E+000  0.4545454545E+000 -0.1864159527E-009
  0.4242424242E+000  0.4848484848E+000 -0.1891566870E-009
  0.4242424242E+000  0.5151515152E+000 -0.1900757551E-009
  0.4242424242E+000  0.5454545455E+000 -0.1891641786E-009
  0.4242424242E+000  0.5757575758E+000 -0.1864306475E-009
  0.4242424242E+000  0.6060606061E+000 -0.1819014114E-009
  0.4242424242E+000  0.6363636364E+000 -0.1756200142E-009
  0.4242424242E+000  0.6666666667E+000 -0.1676468865E-009
  0.4242424242E+000  0.6969696970E+000 -0.1580587706E-009
  0.4242424242E+000  0.7272727273E+000 -0.1469479671E-009
  0.4242424242E+000  0.7575757576E+000 -0.1344214735E-009
  0.4242424242E+000  0.7878787879E+000 -0.1205999323E-009
  0.4242424242E+000  0.8181818182E+000 -0.1056164793E-009
  0.4242424242E+000  0.8484848485E+000 -0.8961545022E-010
  0.4242424242E+000  0.8787878788E+000 -0.7275099555E-010
  0.4242424242E+000  0.9090909091E+000 -0.5518559112E-010
  0.4242424242E+000  0.9393939394E+000 -0.3708847381E-010
  0.4242424242E+000  0.9696969697E+000 -0.1863400709E-010
  0.4242424242E+000  0.1000000000E+001  0.0000000000E+000

  0.4545454545E+000  0.3030303030E-001  0.0000000000E+000
  0.4545454545E+000  0.6060606061E-001 -0.1909755702E-010
  0.4545454545E+000  0.9090909091E-001 -0.3801131785E-010
  0.4545454545E+000  0.1212121212E+000 -0.5655925169E-010
  0.4545454545E+000  0.1515151515E+000 -0.7456283751E-010
  0.4545454545E+000  0.1818181818E+000 -0.9184878082E-010
  0.4545454545E+000  0.2121212121E+000 -0.1082506805E-009
  0.4545454545E+000  0.2424242424E+000 -0.1236106278E-009
  0.4545454545E+000  0.2727272727E+000 -0.1377807177E-009
  0.4545454545E+000  0.3030303030E+000 -0.1506244824E-009
  0.4545454545E+000  0.3333333333E+000 -0.1620182005E-009
  0.4545454545E+000  0.3636363636E+000 -0.1718520953E-009
  0.4545454545E+000  0.3939393939E+000 -0.1800313877E-009
  0.4545454545E+000  0.4242424242E+000 -0.1864772349E-009
  0.4545454545E+000  0.4545454545E+000 -0.1911274376E-009
  0.4545454545E+000  0.4848484848E+000 -0.1939371333E-009
  0.4545454545E+000  0.5151515152E+000 -0.1948791125E-009
  0.4545454545E+000  0.5454545455E+000 -0.1939441576E-009
  0.4545454545E+000  0.5757575758E+000 -0.1911412159E-009
  0.4545454545E+000  0.6060606061E+000 -0.1864972371E-009
  0.4545454545E+000  0.6363636364E+000 -0.1800568442E-009
  0.4545454545E+000  0.6666666667E+000 -0.1718820268E-009
  0.4545454545E+000  0.6969696970E+000 -0.1620514555E-009
  0.4545454545E+000  0.7272727273E+000 -0.1506597819E-009
  0.4545454545E+000  0.7575757576E+000 -0.1378167045E-009
  0.4545454545E+000  0.7878787879E+000 -0.1236459186E-009
  0.4545454545E+000  0.8181818182E+000 -0.1082839194E-009
  0.4545454545E+000  0.8484848485E+000 -0.9187869123E-010
  0.4545454545E+000  0.8787878788E+000 -0.7458827122E-010
  0.4545454545E+000  0.9090909091E+000 -0.5657923283E-010
  0.4545454545E+000  0.9393939394E+000 -0.3802508004E-010
  0.4545454545E+000  0.9696969697E+000 -0.1910457258E-010
  0.4545454545E+000  0.1000000000E+001  0.0000000000E+000

  0.4848484848E+000  0.3030303030E-001  0.0000000000E+000
  0.4848484848E+000  0.6060606061E-001 -0.1938507809E-010
  0.4848484848E+000  0.9090909091E-001 -0.3858358362E-010
  0.4848484848E+000  0.1212121212E+000 -0.5741073524E-010
  0.4848484848E+000  0.1515151515E+000 -0.7568531557E-010
  0.4848484848E+000  0.1818181818E+000 -0.9323141533E-010
  0.4848484848E+000  0.2121212121E+000 -0.1098801227E-009
  0.4848484848E+000  0.2424242424E+000 -0.1254711470E-009
  0.4848484848E+000  0.2727272727E+000 -0.1398543556E-009
  0.4848484848E+000  0.3030303030E+000 -0.1528912267E-009
  0.4848484848E+000  0.3333333333E+000 -0.1644561818E-009
  0.4848484848E+000  0.3636363636E+000 -0.1744377956E-009
  0.4848484848E+000  0.3939393939E+000 -0.1827398776E-009
  0.4848484848E+000  0.4242424242E+000 -0.1892823917E-009
  0.4848484848E+000  0.4545454545E+000 -0.1940022389E-009
  0.4848484848E+000  0.4848484848E+000 -0.1968538695E-009
  0.4848484848E+000  0.5151515152E+000 -0.1978096608E-009
  0.4848484848E+000  0.5454545455E+000 -0.1968603210E-009
  0.4848484848E+000  0.5757575758E+000 -0.1940148939E-009
  0.4848484848E+000  0.6060606061E+000 -0.1893007636E-009
  0.4848484848E+000  0.6363636364E+000 -0.1827632598E-009
  0.4848484848E+000  0.6666666667E+000 -0.1744652890E-009
  0.4848484848E+000  0.6969696970E+000 -0.1644867292E-009
  0.4848484848E+000  0.7272727273E+000 -0.1529236534E-009
  0.4848484848E+000  0.7575757576E+000 -0.1398874150E-009
  0.4848484848E+000  0.7878787879E+000 -0.1255035683E-009
  0.4848484848E+000  0.8181818182E+000 -0.1099106600E-009
  0.4848484848E+000  0.8484848485E+000 -0.9325889552E-010
  0.4848484848E+000  0.8787878788E+000 -0.7570868345E-010
  0.4848484848E+000  0.9090909091E+000 -0.5742909383E-010
  0.4848484848E+000  0.9393939394E+000 -0.3859622847E-010
  0.4848484848E+000  0.9696969697E+000 -0.1939152413E-010
  0.4848484848E+000  0.1000000000E+001  0.0000000000E+000

  0.5151515152E+000  0.3030303030E-001  0.0000000000E+000
  0.5151515152E+000  0.6060606061E-001 -0.1948612168E-010
  0.5151515152E+000  0.9090909091E-001 -0.3878468885E-010
  0.5151515152E+000  0.1212121212E+000 -0.5770994591E-010
  0.5151515152E+000  0.1515151515E+000 -0.7607972674E-010
  0.5151515152E+000  0.1818181818E+000 -0.9371718973E-010
  0.5151515152E+000  0.2121212121E+000 -0.1104525463E-009
  0.5151515152E+000  0.2424242424E+000 -0.1261246593E-009
  0.5151515152E+000  0.2727272727E+000 -0.1405826228E-009
  0.5151515152E+000  0.3030303030E+000 -0.1536871771E-009
  0.5151515152E+000  0.3333333333E+000 -0.1653121115E-009
  0.5151515152E+000  0.3636363636E+000 -0.1753454106E-009
  0.5151515152E+000  0.3939393939E+000 -0.1836904057E-009
  0.5151515152E+000  0.4242424242E+000 -0.1902666356E-009
  0.5151515152E+000  0.4545454545E+000 -0.1950107094E-009
  0.5151515152E+000  0.4848484848E+000 -0.1978768086E-009
  0.5151515152E+000  0.5151515152E+000 -0.1988372821E-009
  0.5151515152E+000  0.5454545455E+000 -0.1978826068E-009
  0.5151515152E+000  0.5757575758E+000 -0.1950220829E-009
  0.5151515152E+000  0.6060606061E+000 -0.1902831474E-009
  0.5151515152E+000  0.6363636364E+000 -0.1837114212E-009
  0.5151515152E+000  0.6666666667E+000 -0.1753701222E-009
  0.5151515152E+000  0.6969696970E+000 -0.1653395693E-009
  0.5151515152E+000  0.7272727273E+000 -0.1537163255E-009
  0.5151515152E+000  0.7575757576E+000 -0.1406123413E-009
  0.5151515152E+000  0.7878787879E+000 -0.1261538055E-009
  0.5151515152E+000  0.8181818182E+000 -0.1104800001E-009
  0.5151515152E+000  0.8484848485E+000 -0.9374189606E-010
  0.5151515152E+000  0.8787878788E+000 -0.7610073657E-010
  0.5151515152E+000  0.9090909091E+000 -0.5772645239E-010
  0.5151515152E+000  0.9393939394E+000 -0.3879605824E-010
  0.5151515152E+000  0.9696969697E+000 -0.1949191760E-010
  0.5151515152E+000  0.1000000000E+001  0.0000000000E+000

  0.5454545455E+000  0.3030303030E-001  0.0000000000E+000
  0.5454545455E+000  0.6060606061E-001 -0.1939950633E-010
  0.5454545455E+000  0.9090909091E-001 -0.3861228139E-010
  0.5454545455E+000  0.1212121212E+000 -0.5745338737E-010
  0.5454545455E+000  0.1515151515E+000 -0.7574145500E-010
  0.5454545455E+000  0.1818181818E+000 -0.9330042974E-010
  0.5454545455E+000  0.2121212121E+000 -0.1099612632E-009
  0.5454545455E+000  0.2424242424E+000 -0.1255635386E-009
  0.5454545455E+000  0.2727272727E+000 -0.1399570091E-009
  0.5454545455E+000  0.3030303030E+000 -0.1530030524E-009
  0.5454545455E+000  0.3333333333E+000 -0.1645760035E-009
  0.5454545455E+000  0.3636363636E+000 -0.1745643661E-009
  0.5454545455E+000  0.3939393939E+000 -0.1828718944E-009
  0.5454545455E+000  0.4242424242E+000 -0.1894185124E-009
  0.5454545455E+000  0.4545454545E+000 -0.1941410972E-009
  0.5454545455E+000  0.4848484848E+000 -0.1969940906E-009
  0.5454545455E+000  0.5151515152E+000 -0.1979498758E-009
  0.5454545455E+000  0.5454545455E+000 -0.1969991809E-009
  0.5454545455E+000  0.5757575758E+000 -0.1941510825E-009
  0.5454545455E+000  0.6060606061E+000 -0.1894330093E-009
  0.5454545455E+000  0.6363636364E+000 -0.1828903462E-009
  0.5454545455E+000  0.6666666667E+000 -0.1745860641E-009
  0.5454545455E+000  0.6969696970E+000 -0.1646001141E-009
  0.5454545455E+000  0.7272727273E+000 -0.1530286490E-009
  0.5454545455E+000  0.7575757576E+000 -0.1399831079E-009
  0.5454545455E+000  0.7878787879E+000 -0.1255891362E-009
  0.5454545455E+000  0.8181818182E+000 -0.1099853757E-009
  0.5454545455E+000  0.8484848485E+000 -0.9332213030E-010
  0.5454545455E+000  0.8787878788E+000 -0.7575990954E-010
  0.5454545455E+000  0.9090909091E+000 -0.5746788675E-010
  0.5454545455E+000  0.9393939394E+000 -0.3862226857E-010
  0.5454545455E+000  0.9696969697E+000 -0.1940459770E-010
  0.5454545455E+000  0.1000000000E+001  0.0000000000E+000

  0.5757575758E+000  0.3030303030E-001  0.0000000000E+000
  0.5757575758E+000  0.6060606061E-001 -0.1912585863E-010
  0.5757575758E+000  0.9090909091E-001 -0.3806760975E-010
  0.5757575758E+000  0.1212121212E+000 -0.5664291568E-010
  0.5757575758E+000  0.1515151515E+000 -0.7467295744E-010
  0.5757575758E+000  0.1818181818E+000 -0.9198415564E-010
  0.5757575758E+000  0.2121212121E+000 -0.1084098412E-009
  0.5757575758E+000  0.2424242424E+000 -0.1237918581E-009
  0.5757575758E+000  0.2727272727E+000 -0.1379820774E-009
  0.5757575758E+000  0.3030303030E+000 -0.1508438339E-009
  0.5757575758E+000  0.3333333333E+000 -0.1622532368E-009
  0.5757575758E+000  0.3636363636E+000 -0.1721003701E-009
  0.5757575758E+000  0.3939393939E+000 -0.1802903457E-009
  0.5757575758E+000  0.4242424242E+000 -0.1867442433E-009
  0.5757575758E+000  0.4545454545E+000 -0.1913998163E-009
  0.5757575758E+000  0.4848484848E+000 -0.1942121855E-009
  0.5757575758E+000  0.5151515152E+000 -0.1951541531E-009
  0.5757575758E+000  0.5454545455E+000 -0.1942165404E-009
  0.5757575758E+000  0.5757575758E+000 -0.1914083592E-009
  0.5757575758E+000  0.6060606061E+000 -0.1867566465E-009
  0.5757575758E+000  0.6363636364E+000 -0.1803061335E-009
  0.5757575758E+000  0.6666666667E+000 -0.1721189366E-009
  0.5757575758E+000  0.6969696970E+000 -0.1622738691E-009
  0.5757575758E+000  0.7272727273E+000 -0.1508657394E-009
  0.5757575758E+000  0.7575757576E+000 -0.1380044143E-009
  0.5757575758E+000  0.7878787879E+000 -0.1238137677E-009
  0.5757575758E+000  0.8181818182E+000 -0.1084304811E-009
  0.5757575758E+000  0.8484848485E+000 -0.9200273199E-010
  0.5757575758E+000  0.8787878788E+000 -0.7468875592E-010
  0.5757575758E+000  0.9090909091E+000 -0.5665532877E-010
  0.5757575758E+000  0.9393939394E+000 -0.3807616016E-010
  0.5757575758E+000  0.9696969697E+000 -0.1913021763E-010
  0.5757575758E+000  0.1000000000E+001  0.0000000000E+000

  0.6060606061E+000  0.3030303030E-001  0.0000000000E+000
  0.6060606061E+000  0.6060606061E-001 -0.1866761393E-010
  0.6060606061E+000  0.9090909091E-001 -0.3715552214E-010
  0.6060606061E+000  0.1212121212E+000 -0.5528574589E-010
  0.6060606061E+000  0.1515151515E+000 -0.7288374358E-010
  0.6060606061E+000  0.1818181818E+000 -0.8978008812E-010
  0.6060606061E+000  0.2121212121E+000 -0.1058120985E-009
  0.6060606061E+000  0.2424242424E+000 -0.1208254020E-009
  0.6060606061E+000  0.2727272727E+000 -0.1346754229E-009
  0.6060606061E+000  0.3030303030E+000 -0.1472287680E-009
  0.6060606061E+000  0.3333333333E+000 -0.1583645214E-009
  0.6060606061E+000  0.3636363636E+000 -0.1679754000E-009
  0.6060606061E+000  0.3939393939E+000 -0.1759688093E-009
  0.6060606061E+000  0.4242424242E+000 -0.1822677106E-009
  0.6060606061E+000  0.4545454545E+000 -0.1868113814E-009
  0.6060606061E+000  0.4848484848E+000 -0.1895559976E-009
  0.6060606061E+000  0.5151515152E+000 -0.1904750497E-009
  0.6060606061E+000  0.5454545455E+000 -0.1895596156E-009
  0.6060606061E+000  0.5757575758E+000 -0.1868184788E-009
  0.6060606061E+000  0.6060606061E+000 -0.1822780157E-009
  0.6060606061E+000  0.6363636364E+000 -0.1759819273E-009
  0.6060606061E+000  0.6666666667E+000 -0.1679908279E-009
  0.6060606061E+000  0.6969696970E+000 -0.1583816675E-009
  0.6060606061E+000  0.7272727273E+000 -0.1472469738E-009
  0.6060606061E+000  0.7575757576E+000 -0.1346939890E-009
  0.6060606061E+000  0.7878787879E+000 -0.1208436146E-009
  0.6060606061E+000  0.8181818182E+000 -0.1058292571E-009
  0.6060606061E+000  0.8484848485E+000 -0.8979553251E-010
  0.6060606061E+000  0.8787878788E+000 -0.7289687934E-010
  0.6060606061E+000  0.9090909091E+000 -0.5529606741E-010
  0.6060606061E+000  0.9393939394E+000 -0.3716263211E-010
  0.6060606061E+000  0.9696969697E+000 -0.1867123868E-010
  0.6060606061E+000  0.1000000000E+001  0.0000000000E+000

  0.6363636364E+000  0.3030303030E-001  0.0000000000E+000
  0.6363636364E+000  0.6060606061E-001 -0.1802900042E-010
  0.6363636364E+000  0.9090909091E-001 -0.3588443376E-010
  0.6363636364E+000  0.1212121212E+000 -0.5339440199E-010
  0.6363636364E+000  0.1515151515E+000 -0.7039032609E-010
  0.6363636364E+000  0.1818181818E+000 -0.8670856999E-010
  0.6363636364E+000  0.2121212121E+000 -0.1021920109E-009
  0.6363636364E+000  0.2424242424E+000 -0.1166915585E-009
  0.6363636364E+000  0.2727272727E+000 -0.1300675743E-009
  0.6363636364E+000  0.3030303030E+000 -0.1421912428E-009
  0.6363636364E+000  0.3333333333E+000 -0.1529457724E-009
  0.6363636364E+000  0.3636363636E+000 -0.1622275703E-009
  0.6363636364E+000  0.3939393939E+000 -0.1699471939E-009
  0.6363636364E+000  0.4242424242E+000 -0.1760302859E-009
  0.6363636364E+000  0.4545454545E+000 -0.1804181742E-009
  0.6363636364E+000  0.4848484848E+000 -0.1830685675E-009
  0.6363636364E+000  0.5151515152E+000 -0.1839558708E-009
  0.6363636364E+000  0.5454545455E+000 -0.1830714713E-009
  0.6363636364E+000  0.5757575758E+000 -0.1804238709E-009
  0.6363636364E+000  0.6060606061E+000 -0.1760385577E-009
  0.6363636364E+000  0.6363636364E+000 -0.1699577245E-009
  0.6363636364E+000  0.6666666667E+000 -0.1622399566E-009
  0.6363636364E+000  0.6969696970E+000 -0.1529595397E-009
  0.6363636364E+000  0.7272727273E+000 -0.1422058628E-009
  0.6363636364E+000  0.7575757576E+000 -0.1300824855E-009
  0.6363636364E+000  0.7878787879E+000 -0.1167061876E-009
  0.6363636364E+000  0.8181818182E+000 -0.1022057950E-009
  0.6363636364E+000  0.8484848485E+000 -0.8672097827E-010
  0.6363636364E+000  0.8787878788E+000 -0.7040088052E-010
  0.6363636364E+000  0.9090909091E+000 -0.5340269580E-010
  0.6363636364E+000  0.9393939394E+000 -0.3589014725E-010
  0.6363636364E+000  0.9696969697E+000 -0.1803191332E-010
  0.6363636364E+000  0.1000000000E+001  0.0000000000E+000

  0.6666666667E+000  0.3030303030E-001  0.0000000000E+000
  0.6666666667E+000  0.6060606061E-001 -0.1721600605E-010
  0.6666666667E+000  0.9090909091E-001 -0.3426626387E-010
  0.6666666667E+000  0.1212121212E+000 -0.5098661851E-010
  0.6666666667E+000  0.1515151515E+000 -0.6721608707E-010
  0.6666666667E+000  0.1818181818E+000 -0.8279840538E-010
  0.6666666667E+000  0.2121212121E+000 -0.9758353438E-010
  0.6666666667E+000  0.2424242424E+000 -0.1114290985E-009
  0.6666666667E+000  0.2727272727E+000 -0.1242017647E-009
  0.6666666667E+000  0.3030303030E+000 -0.1357785142E-009
  0.6666666667E+000  0.3333333333E+000 -0.1460478403E-009
  0.6666666667E+000  0.3636363636E+000 -0.1549108093E-009
  0.6666666667E+000  0.3939393939E+000 -0.1622820433E-009
  0.6666666667E+000  0.4242424242E+000 -0.1680905081E-009
  0.6666666667E+000  0.4545454545E+000 -0.1722802253E-009
  0.6666666667E+000  0.4848484848E+000 -0.1748107924E-009
  0.6666666667E+000  0.5151515152E+000 -0.1756577939E-009
  0.6666666667E+000  0.5454545455E+000 -0.1748130266E-009
  0.6666666667E+000  0.5757575758E+000 -0.1722846086E-009
  0.6666666667E+000  0.6060606061E+000 -0.1680968735E-009
  0.6666666667E+000  0.6363636364E+000 -0.1622901479E-009
  0.6666666667E+000  0.6666666667E+000 -0.1549203435E-009
  0.6666666667E+000  0.6969696970E+000 -0.1460584392E-009
  0.6666666667E+000  0.7272727273E+000 -0.1357897715E-009
  0.6666666667E+000  0.7575757576E+000 -0.1242132482E-009
  0.6666666667E+000  0.7878787879E+000 -0.1114403667E-009
  0.6666666667E+000  0.8181818182E+000 -0.9759415340E-010
  0.6666666667E+000  0.8484848485E+000 -0.8280796590E-010
  0.6666666667E+000  0.8787878788E+000 -0.6722422021E-010
  0.6666666667E+000  0.9090909091E+000 -0.5099301029E-010
  0.6666666667E+000  0.9393939394E+000 -0.3427066740E-010
  0.6666666667E+000  0.9696969697E+000 -0.1721825119E-010
  0.6666666667E+000  0.1000000000E+001  0.0000000000E+000

  0.6969696970E+000  0.3030303030E-001  0.0000000000E+000
  0.6969696970E+000  0.6060606061E-001 -0.1623632689E-010
  0.6969696970E+000  0.9090909091E-001 -0.3231633017E-010
  0.6969696970E+000  0.1212121212E+000 -0.4808518936E-010
  0.6969696970E+000  0.1515151515E+000 -0.6339107592E-010
  0.6969696970E+000  0.1818181818E+000 -0.7808661351E-010
  0.6969696970E+000  0.2121212121E+000 -0.9203029606E-010
  0.6969696970E+000  0.2424242424E+000 -0.1050878493E-009
  0.6969696970E+000  0.2727272727E+000 -0.1171335232E-009
  0.6969696970E+000  0.3030303030E+000 -0.1280513074E-009
  0.6969696970E+000  0.3333333333E+000 -0.1377360369E-009
  0.6969696970E+000  0.3636363636E+000 -0.1460944156E-009
  0.6969696970E+000  0.3939393939E+000 -0.1530459213E-009
  0.6969696970E+000  0.4242424242E+000 -0.1585235851E-009
  0.6969696970E+000  0.4545454545E+000 -0.1624746064E-009
  0.6969696970E+000  0.4848484848E+000 -0.1648609012E-009
  0.6969696970E+000  0.5151515152E+000 -0.1656594534E-009
  0.6969696970E+000  0.5454545455E+000 -0.1648625289E-009
  0.6969696970E+000  0.5757575758E+000 -0.1624777999E-009
  0.6969696970E+000  0.6060606061E+000 -0.1585282233E-009
  0.6969696970E+000  0.6363636364E+000 -0.1530518279E-009
  0.6969696970E+000  0.6666666667E+000 -0.1461013655E-009
  0.6969696970E+000  0.6969696970E+000 -0.1377437648E-009
  0.6969696970E+000  0.7272727273E+000 -0.1280595174E-009
  0.6969696970E+000  0.7575757576E+000 -0.1171419004E-009
  0.6969696970E+000  0.7878787879E+000 -0.1050960715E-009
  0.6969696970E+000  0.8181818182E+000 -0.9203804638E-010
  0.6969696970E+000  0.8484848485E+000 -0.7809359277E-010
  0.6969696970E+000  0.8787878788E+000 -0.6339701427E-010
  0.6969696970E+000  0.9090909091E+000 -0.4808985696E-010
  0.6969696970E+000  0.9393939394E+000 -0.3231954619E-010
  0.6969696970E+000  0.9696969697E+000 -0.1623796669E-010
  0.6969696970E+000  0.1000000000E+001  0.0000000000E+000

  0.7272727273E+000  0.3030303030E-001  0.0000000000E+000
  0.7272727273E+000  0.6060606061E-001 -0.1509929823E-010
  0.7272727273E+000  0.9090909091E-001 -0.3005321385E-010
  0.7272727273E+000  0.1212121212E+000 -0.4471776225E-010
  0.7272727273E+000  0.1515151515E+000 -0.5895174253E-010
  0.7272727273E+000  0.1818181818E+000 -0.7261809378E-010
  0.7272727273E+000  0.2121212121E+000 -0.8558521768E-010
  0.7272727273E+000  0.2424242424E+000 -0.9772823904E-010
  0.7272727273E+000  0.2727272727E+000 -0.1089302177E-009
  0.7272727273E+000  0.3030303030E+000 -0.1190832619E-009
  0.7272727273E+000  0.3333333333E+000 -0.1280895805E-009
  0.7272727273E+000  0.3636363636E+000 -0.1358624111E-009
  0.7272727273E+000  0.3939393939E+000 -0.1423268799E-009
  0.7272727273E+000  0.4242424242E+000 -0.1474207024E-009
  0.7272727273E+000  0.4545454545E+000 -0.1510947955E-009
  0.7272727273E+000  0.4848484848E+000 -0.1533137438E-009
  0.7272727273E+000  0.5151515152E+000 -0.1540561505E-009
  0.7272727273E+000  0.5454545455E+000 -0.1533148422E-009
  0.7272727273E+000  0.5757575758E+000 -0.1510969509E-009
  0.7272727273E+000  0.6060606061E+000 -0.1474238336E-009
  0.7272727273E+000  0.6363636364E+000 -0.1423308685E-009
  0.7272727273E+000  0.6666666667E+000 -0.1358671059E-009
  0.7272727273E+000  0.6969696970E+000 -0.1280948029E-009
  0.7272727273E+000  0.7272727273E+000 -0.1190888123E-009
  0.7272727273E+000  0.7575757576E+000 -0.1089358835E-009
  0.7272727273E+000  0.7878787879E+000 -0.9773380229E-010
  0.7272727273E+000  0.8181818182E+000 -0.8559046367E-010
  0.7272727273E+000  0.8484848485E+000 -0.7262281949E-010
  0.7272727273E+000  0.8787878788E+000 -0.5895576461E-010
  0.7272727273E+000  0.9090909091E+000 -0.4472092440E-010
  0.7272727273E+000  0.9393939394E+000 -0.3005539299E-010
  0.7272727273E+000  0.9696969697E+000 -0.1510040945E-010
  0.7272727273E+000  0.1000000000E+001  0.0000000000E+000

  0.7575757576E+000  0.3030303030E-001  0.0000000000E+000
  0.7575757576E+000  0.6060606061E-001 -0.1381580895E-010
  0.7575757576E+000  0.9090909091E-001 -0.2749858771E-010
  0.7575757576E+000  0.1212121212E+000 -0.4091658647E-010
  0.7575757576E+000  0.1515151515E+000 -0.5394060096E-010
  0.7575757576E+000  0.1818181818E+000 -0.6644521925E-010
  0.7575757576E+000  0.2121212121E+000 -0.7831002320E-010
  0.7575757576E+000  0.2424242424E+000 -0.8942075576E-010
  0.7575757576E+000  0.2727272727E+000 -0.9967040885E-010
  0.7575757576E+000  0.3030303030E+000 -0.1089602747E-009
  0.7575757576E+000  0.3333333333E+000 -0.1172008641E-009
  0.7575757576E+000  0.3636363636E+000 -0.1243128027E-009
  0.7575757576E+000  0.3939393939E+000 -0.1302275752E-009
  0.7575757576E+000  0.4242424242E+000 -0.1348882103E-009
  0.7575757576E+000  0.4545454545E+000 -0.1382497913E-009
  0.7575757576E+000  0.4848484848E+000 -0.1402799259E-009
  0.7575757576E+000  0.5151515152E+000 -0.1409590463E-009
  0.7575757576E+000  0.5454545455E+000 -0.1402805824E-009
  0.7575757576E+000  0.5757575758E+000 -0.1382510799E-009
  0.7575757576E+000  0.6060606061E+000 -0.1348900830E-009
  0.7575757576E+000  0.6363636364E+000 -0.1302299619E-009
  0.7575757576E+000  0.6666666667E+000 -0.1243156138E-009
  0.7575757576E+000  0.6969696970E+000 -0.1172039934E-009
  0.7575757576E+000  0.7272727273E+000 -0.1089636033E-009
  0.7575757576E+000  0.7575757576E+000 -0.9967380932E-010
  0.7575757576E+000  0.7878787879E+000 -0.8942409725E-010
  0.7575757576E+000  0.8181818182E+000 -0.7831317640E-010
  0.7575757576E+000  0.8484848485E+000 -0.6644806156E-010
  0.7575757576E+000  0.8787878788E+000 -0.5394302142E-010
  0.7575757576E+000  0.9090909091E+000 -0.4091849027E-010
  0.7575757576E+000  0.9393939394E+000 -0.2749990010E-010
  0.7575757576E+000  0.9696969697E+000 -0.1381647832E-010
  0.7575757576E+000  0.1000000000E+001  0.0000000000E+000

  0.7878787879E+000  0.3030303030E-001  0.0000000000E+000
  0.7878787879E+000  0.6060606061E-001 -0.1239819858E-010
  0.7878787879E+000  0.9090909091E-001 -0.2467701275E-010
  0.7878787879E+000  0.1212121212E+000 -0.3671820648E-010
  0.7878787879E+000  0.1515151515E+000 -0.4840583041E-010
  0.7878787879E+000  0.1818181818E+000 -0.5962733579E-010
  0.7878787879E+000  0.2121212121E+000 -0.7027466121E-010
  0.7878787879E+000  0.2424242424E+000 -0.8024526743E-010
  0.7878787879E+000  0.2727272727E+000 -0.8944313322E-010
  0.7878787879E+000  0.3030303030E+000 -0.9777966871E-010
  0.7878787879E+000  0.3333333333E+000 -0.1051745797E-009
  0.7878787879E+000  0.3636363636E+000 -0.1115566309E-009
  0.7878787879E+000  0.3939393939E+000 -0.1168643492E-009
  0.7878787879E+000  0.4242424242E+000 -0.1210466008E-009
  0.7878787879E+000  0.4545454545E+000 -0.1240630941E-009
  0.7878787879E+000  0.4848484848E+000 -0.1258847618E-009
  0.7878787879E+000  0.5151515152E+000 -0.1264940454E-009
  0.7878787879E+000  0.5454545455E+000 -0.1258850690E-009
  0.7878787879E+000  0.5757575758E+000 -0.1240636975E-009
  0.7878787879E+000  0.6060606061E+000 -0.1210474786E-009
  0.7878787879E+000  0.6363636364E+000 -0.1168654696E-009
  0.7878787879E+000  0.6666666667E+000 -0.1115579528E-009
  0.7878787879E+000  0.6969696970E+000 -0.1051760540E-009
  0.7878787879E+000  0.7272727273E+000 -0.9778124001E-010
  0.7878787879E+000  0.7575757576E+000 -0.8944474172E-010
  0.7878787879E+000  0.7878787879E+000 -0.8024685115E-010
  0.7878787879E+000  0.8181818182E+000 -0.7027615845E-010
  0.7878787879E+000  0.8484848485E+000 -0.5962868764E-010
  0.7878787879E+000  0.8787878788E+000 -0.4840698324E-010
  0.7878787879E+000  0.9090909091E+000 -0.3671911427E-010
  0.7878787879E+000  0.9393939394E+000 -0.2467763905E-010
  0.7878787879E+000  0.9696969697E+000 -0.1239851818E-010
  0.7878787879E+000  0.1000000000E+001  0.0000000000E+000

  0.8181818182E+000  0.3030303030E-001  0.0000000000E+000
  0.8181818182E+000  0.6060606061E-001 -0.1086013943E-010
  0.8181818182E+000  0.9090909091E-001 -0.2161570129E-010
  0.8181818182E+000  0.1212121212E+000 -0.3216311441E-010
  0.8181818182E+000  0.1515151515E+000 -0.4240081000E-010
  0.8181818182E+000  0.1818181818E+000 -0.5223019997E-010
  0.8181818182E+000  0.2121212121E+000 -0.6155662544E-010
  0.8181818182E+000  0.2424242424E+000 -0.7029026929E-010
  0.8181818182E+000  0.2727272727E+000 -0.7834701755E-010
  0.8181818182E+000  0.3030303030E+000 -0.8564927653E-010
  0.8181818182E+000  0.3333333333E+000 -0.9212670894E-010
  0.8181818182E+000  0.3636363636E+000 -0.9771692257E-010
  0.8181818182E+000  0.3939393939E+000 -0.1023660688E-009
  0.8181818182E+000  0.4242424242E+000 -0.1060293664E-009
  0.8181818182E+000  0.4545454545E+000 -0.1086715199E-009
  0.8181818182E+000  0.4848484848E+000 -0.1102670771E-009
  0.8181818182E+000  0.5151515152E+000 -0.1108006625E-009
  0.8181818182E+000  0.5454545455E+000 -0.1102671283E-009
  0.8181818182E+000  0.5757575758E+000 -0.1086716210E-009
  0.8181818182E+000  0.6060606061E+000 -0.1060295149E-009
  0.8181818182E+000  0.6363636364E+000 -0.1023662606E-009
  0.8181818182E+000  0.6666666667E+000 -0.9771715224E-010
  0.8181818182E+000  0.6969696970E+000 -0.9212696920E-010
  0.8181818182E+000  0.7272727273E+000 -0.8564955853E-010
  0.8181818182E+000  0.7575757576E+000 -0.7834731098E-010
  0.8181818182E+000  0.7878787879E+000 -0.7029056274E-010
  0.8181818182E+000  0.8181818182E+000 -0.6155690687E-010
  0.8181818182E+000  0.8484848485E+000 -0.5223045731E-010
  0.8181818182E+000  0.8787878788E+000 -0.4240103180E-010
  0.8181818182E+000  0.9090909091E+000 -0.3216329055E-010
  0.8181818182E+000  0.9393939394E+000 -0.2161582356E-010
  0.8181818182E+000  0.9696969697E+000 -0.1086020206E-010
  0.8181818182E+000  0.1000000000E+001  0.0000000000E+000

  0.8484848485E+000  0.3030303030E-001  0.0000000000E+000
  0.8484848485E+000  0.6060606061E-001 -0.9216504080E-011
  0.8484848485E+000  0.9090909091E-001 -0.1834425564E-010
  0.8484848485E+000  0.1212121212E+000 -0.2729535599E-010
  0.8484848485E+000  0.1515151515E+000 -0.3598360624E-010
  0.8484848485E+000  0.1818181818E+000 -0.4432533710E-010
  0.8484848485E+000  0.2121212121E+000 -0.5224021583E-010
  0.8484848485E+000  0.2424242424E+000 -0.5965201611E-010
  0.8484848485E+000  0.2727272727E+000 -0.6648935684E-010
  0.8484848485E+000  0.3030303030E+000 -0.7268638412E-010
  0.8484848485E+000  0.3333333333E+000 -0.7818341090E-010
  0.8484848485E+000  0.3636363636E+000 -0.8292748709E-010
  0.8484848485E+000  0.3939393939E+000 -0.8687291809E-010
  0.8484848485E+000  0.4242424242E+000 -0.8998169829E-010
  0.8484848485E+000  0.4545454545E+000 -0.9222388114E-010
  0.8484848485E+000  0.4848484848E+000 -0.9357786702E-010
  0.8484848485E+000  0.5151515152E+000 -0.9403061111E-010
  0.8484848485E+000  0.5454545455E+000 -0.9357775163E-010
  0.8484848485E+000  0.5757575758E+000 -0.9222365543E-010
  0.8484848485E+000  0.6060606061E+000 -0.8998137211E-010
  0.8484848485E+000  0.6363636364E+000 -0.8687250546E-010
  0.8484848485E+000  0.6666666667E+000 -0.8292700545E-010
  0.8484848485E+000  0.6969696970E+000 -0.7818288018E-010
  0.8484848485E+000  0.7272727273E+000 -0.7268582572E-010
  0.8484848485E+000  0.7575757576E+000 -0.6648879270E-010
  0.8484848485E+000  0.7878787879E+000 -0.5965146780E-010
  0.8484848485E+000  0.8181818182E+000 -0.5223970375E-010
  0.8484848485E+000  0.8484848485E+000 -0.4432487983E-010
  0.8484848485E+000  0.8787878788E+000 -0.3598321998E-010
  0.8484848485E+000  0.9090909091E+000 -0.2729505417E-010
  0.8484848485E+000  0.9393939394E+000 -0.1834404858E-010
  0.8484848485E+000  0.9696969697E+000 -0.9216398783E-011
  0.8484848485E+000  0.1000000000E+001  0.0000000000E+000

  0.8787878788E+000  0.3030303030E-001  0.0000000000E+000
  0.8787878788E+000  0.6060606061E-001 -0.7483220078E-011
  0.8787878788E+000  0.9090909091E-001 -0.1489437711E-010
  0.8787878788E+000  0.1212121212E+000 -0.2216210115E-010
  0.8787878788E+000  0.1515151515E+000 -0.2921640338E-010
  0.8787878788E+000  0.1818181818E+000 -0.3598934696E-010
  0.8787878788E+000  0.2121212121E+000 -0.4241570679E-010
  0.8787878788E+000  0.2424242424E+000 -0.4843359198E-010
  0.8787878788E+000  0.2727272727E+000 -0.5398504392E-010
  0.8787878788E+000  0.3030303030E+000 -0.5901659598E-010
  0.8787878788E+000  0.3333333333E+000 -0.6347978437E-010
  0.8787878788E+000  0.3636363636E+000 -0.6733161978E-010
  0.8787878788E+000  0.3939393939E+000 -0.7053500089E-010
  0.8787878788E+000  0.4242424242E+000 -0.7305907266E-010
  0.8787878788E+000  0.4545454545E+000 -0.7487952163E-010
  0.8787878788E+000  0.4848484848E+000 -0.7597881204E-010
  0.8787878788E+000  0.5151515152E+000 -0.7634635763E-010
  0.8787878788E+000  0.5454545455E+000 -0.7597861158E-010
  0.8787878788E+000  0.5757575758E+000 -0.7487912894E-010
  0.8787878788E+000  0.6060606061E+000 -0.7305850380E-010
  0.8787878788E+000  0.6363636364E+000 -0.7053427897E-010
  0.8787878788E+000  0.6666666667E+000 -0.6733077384E-010
  0.8787878788E+000  0.6969696970E+000 -0.6347884811E-010
  0.8787878788E+000  0.7272727273E+000 -0.5901560621E-010
  0.8787878788E+000  0.7575757576E+000 -0.5398403909E-010
  0.8787878788E+000  0.7878787879E+000 -0.4843261063E-010
  0.8787878788E+000  0.8181818182E+000 -0.4241478606E-010
  0.8787878788E+000  0.8484848485E+000 -0.3598852132E-010
  0.8787878788E+000  0.8787878788E+000 -0.2921570342E-010
  0.8787878788E+000  0.9090909091E+000 -0.2216155259E-010
  0.8787878788E+000  0.9393939394E+000 -0.1489399996E-010
  0.8787878788E+000  0.9696969697E+000 -0.7483028026E-011
  0.8787878788E+000  0.1000000000E+001  0.0000000000E+000

  0.9090909091E+000  0.3030303030E-001  0.0000000000E+000
  0.9090909091E+000  0.6060606061E-001 -0.5677112410E-011
  0.9090909091E+000  0.9090909091E-001 -0.1129955352E-010
  0.9090909091E+000  0.1212121212E+000 -0.1681317804E-010
  0.9090909091E+000  0.1515151515E+000 -0.2216488782E-010
  0.9090909091E+000  0.1818181818E+000 -0.2730314331E-010
  0.9090909091E+000  0.2121212121E+000 -0.3217846006E-010
  0.9090909091E+000  0.2424242424E+000 -0.3674388483E-010
  0.9090909091E+000  0.2727272727E+000 -0.4095544821E-010
  0.9090909091E+000  0.3030303030E+000 -0.4477258667E-010
  0.9090909091E+000  0.3333333333E+000 -0.4815853526E-010
  0.9090909091E+000  0.3636363636E+000 -0.5108068015E-010
  0.9090909091E+000  0.3939393939E+000 -0.5351087595E-010
  0.9090909091E+000  0.4242424242E+000 -0.5542571473E-010
  0.9090909091E+000  0.4545454545E+000 -0.5680675312E-010
  0.9090909091E+000  0.4848484848E+000 -0.5764068937E-010
  0.9090909091E+000  0.5151515152E+000 -0.5791949059E-010
  0.9090909091E+000  0.5454545455E+000 -0.5764047371E-010
  0.9090909091E+000  0.5757575758E+000 -0.5680633048E-010
  0.9090909091E+000  0.6060606061E+000 -0.5542510210E-010
  0.9090909091E+000  0.6363636364E+000 -0.5351009784E-010
  0.9090909091E+000  0.6666666667E+000 -0.5107976746E-010
  0.9090909091E+000  0.6969696970E+000 -0.4815752398E-010
  0.9090909091E+000  0.7272727273E+000 -0.4477151631E-010
  0.9090909091E+000  0.7575757576E+000 -0.4095436021E-010
  0.9090909091E+000  0.7878787879E+000 -0.3674282095E-010
  0.9090909091E+000  0.8181818182E+000 -0.3217746076E-010
  0.9090909091E+000  0.8484848485E+000 -0.2730224627E-010
  0.9090909091E+000  0.8787878788E+000 -0.2216412665E-010
  0.9090909091E+000  0.9090909091E+000 -0.1681258107E-010
  0.9090909091E+000  0.9393939394E+000 -0.1129914287E-010
  0.9090909091E+000  0.9696969697E+000 -0.5676903230E-011
  0.9090909091E+000  0.1000000000E+001  0.0000000000E+000

  0.9393939394E+000  0.3030303030E-001  0.0000000000E+000
  0.9393939394E+000  0.6060606061E-001 -0.3815736973E-011
  0.9393939394E+000  0.9090909091E-001 -0.7594727331E-011
  0.9393939394E+000  0.1212121212E+000 -0.1130057847E-010
  0.9393939394E+000  0.1515151515E+000 -0.1489760113E-010
  0.9393939394E+000  0.1818181818E+000 -0.1835115367E-010
  0.9393939394E+000  0.2121212121E+000 -0.2162797626E-010
  0.9393939394E+000  0.2424242424E+000 -0.2469651034E-010
  0.9393939394E+000  0.2727272727E+000 -0.2752720228E-010
  0.9393939394E+000  0.3030303030E+000 -0.3009278929E-010
  0.9393939394E+000  0.3333333333E+000 -0.3236855997E-010
  0.9393939394E+000  0.3636363636E+000 -0.3433259456E-010
  0.9393939394E+000  0.3939393939E+000 -0.3596597569E-010
  0.9393939394E+000  0.4242424242E+000 -0.3725297157E-010
  0.9393939394E+000  0.4545454545E+000 -0.3818118544E-010
  0.9393939394E+000  0.4848484848E+000 -0.3874167854E-010
  0.9393939394E+000  0.5151515152E+000 -0.3892905251E-010
  0.9393939394E+000  0.5454545455E+000 -0.3874150285E-010
  0.9393939394E+000  0.5757575758E+000 -0.3818084108E-010
  0.9393939394E+000  0.6060606061E+000 -0.3725247229E-010
  0.9393939394E+000  0.6363636364E+000 -0.3596534131E-010
  0.9393939394E+000  0.6666666667E+000 -0.3433185015E-010
  0.9393939394E+000  0.6969696970E+000 -0.3236773475E-010
  0.9393939394E+000  0.7272727273E+000 -0.3009191542E-010
  0.9393939394E+000  0.7575757576E+000 -0.2752631356E-010
  0.9393939394E+000  0.7878787879E+000 -0.2469564088E-010
  0.9393939394E+000  0.8181818182E+000 -0.2162715918E-010
  0.9393939394E+000  0.8484848485E+000 -0.1835041989E-010
  0.9393939394E+000  0.8787878788E+000 -0.1489697826E-010
  0.9393939394E+000  0.9090909091E+000 -0.1130008982E-010
  0.9393939394E+000  0.9393939394E+000 -0.7594391112E-011
  0.9393939394E+000  0.9696969697E+000 -0.3815565686E-011
  0.9393939394E+000  0.1000000000E+001  0.0000000000E+000

  0.9696969697E+000  0.3030303030E-001  0.0000000000E+000
  0.9696969697E+000  0.6060606061E-001 -0.1917204640E-011
  0.9696969697E+000  0.9090909091E-001 -0.3815946008E-011
  0.9696969697E+000  0.1212121212E+000 -0.5677938398E-011
  0.9696969697E+000  0.1515151515E+000 -0.7485249927E-011
  0.9696969697E+000  0.1818181818E+000 -0.9220474882E-011
  0.9696969697E+000  0.2121212121E+000 -0.1086690192E-010
  0.9696969697E+000  0.2424242424E+000 -0.1240867433E-010
  0.9696969697E+000  0.2727272727E+000 -0.1383094320E-010
  0.9696969697E+000  0.3030303030E+000 -0.1512001011E-010
  0.9696969697E+000  0.3333333333E+000 -0.1626345931E-010
  0.9696969697E+000  0.3636363636E+000 -0.1725027721E-010
  0.9696969697E+000  0.3939393939E+000 -0.1807095914E-010
  0.9696969697E+000  0.4242424242E+000 -0.1871760052E-010
  0.9696969697E+000  0.4545454545E+000 -0.1918397316E-010
  0.9696969697E+000  0.4848484848E+000 -0.1946558558E-010
  0.9696969697E+000  0.5151515152E+000 -0.1955972586E-010
  0.9696969697E+000  0.5454545455E+000 -0.1946548800E-010
  0.9696969697E+000  0.5757575758E+000 -0.1918378188E-010
  0.9696969697E+000  0.6060606061E+000 -0.1871732316E-010
  0.9696969697E+000  0.6363636364E+000 -0.1807060667E-010
  0.9696969697E+000  0.6666666667E+000 -0.1724986353E-010
  0.9696969697E+000  0.6969696970E+000 -0.1626300062E-010
  0.9696969697E+000  0.7272727273E+000 -0.1511952427E-010
  0.9696969697E+000  0.7575757576E+000 -0.1383044898E-010
  0.9696969697E+000  0.7878787879E+000 -0.1240819072E-010
  0.9696969697E+000  0.8181818182E+000 -0.1086644734E-010
  0.9696969697E+000  0.8484848485E+000 -0.9220066568E-011
  0.9696969697E+000  0.8787878788E+000 -0.7484903269E-011
  0.9696969697E+000  0.9090909091E+000 -0.5677666401E-011
  0.9696969697E+000  0.9393939394E+000 -0.3815758841E-011
  0.9696969697E+000  0.9696969697E+000 -0.1917109281E-011
  0.9696969697E+000  0.1000000000E+001  0.0000000000E+000

  0.1000000000E+001  0.3030303030E-001  0.0000000000E+000
  0.1000000000E+001  0.6060606061E-001  0.0000000000E+000
  0.1000000000E+001  0.9090909091E-001  0.0000000000E+000
  0.1000000000E+001  0.1212121212E+000  0.0000000000E+000
  0.1000000000E+001  0.1515151515E+000  0.0000000000E+000
  0.1000000000E+001  0.1818181818E+000  0.0000000000E+000
  0.1000000000E+001  0.2121212121E+000  0.0000000000E+000
  0.1000000000E+001  0.2424242424E+000  0.0000000000E+000
  0.1000000000E+001  0.2727272727E+000  0.0000000000E+000
  0.1000000000E+001  0.3030303030E+000  0.0000000000E+000
  0.1000000000E+001  0.3333333333E+000  0.0000000000E+000
  0.1000000000E+001  0.3636363636E+000  0.0000000000E+000
  0.1000000000E+001  0.3939393939E+000  0.0000000000E+000
  0.1000000000E+001  0.4242424242E+000  0.0000000000E+000
  0.1000000000E+001  0.4545454545E+000  0.0000000000E+000
  0.1000000000E+001  0.4848484848E+000  0.0000000000E+000
  0.1000000000E+001  0.5151515152E+000  0.0000000000E+000
  0.1000000000E+001  0.5454545455E+000  0.0000000000E+000
  0.1000000000E+001  0.5757575758E+000  0.0000000000E+000
  0.1000000000E+001  0.6060606061E+000  0.0000000000E+000
  0.1000000000E+001  0.6363636364E+000  0.0000000000E+000
  0.1000000000E+001  0.6666666667E+000  0.0000000000E+000
  0.1000000000E+001  0.6969696970E+000  0.0000000000E+000
  0.1000000000E+001  0.7272727273E+000  0.0000000000E+000
  0.1000000000E+001  0.7575757576E+000  0.0000000000E+000
  0.1000000000E+001  0.7878787879E+000  0.0000000000E+000
  0.1000000000E+001  0.8181818182E+000  0.0000000000E+000
  0.1000000000E+001  0.8484848485E+000  0.0000000000E+000
  0.1000000000E+001  0.8787878788E+000  0.0000000000E+000
  0.1000000000E+001  0.9090909091E+000  0.0000000000E+000
  0.1000000000E+001  0.9393939394E+000  0.0000000000E+000
  0.1000000000E+001  0.9696969697E+000  0.0000000000E+000
  0.1000000000E+001  0.1000000000E+001  0.0000000000E+000

