  0.3030303030E-001  0.3030303030E-001  0.0000000000E+000
  0.3030303030E-001  0.6060606061E-001  0.0000000000E+000
  0.3030303030E-001  0.9090909091E-001  0.0000000000E+000
  0.3030303030E-001  0.1212121212E+000  0.0000000000E+000
  0.3030303030E-001  0.1515151515E+000  0.0000000000E+000
  0.3030303030E-001  0.1818181818E+000  0.0000000000E+000
  0.3030303030E-001  0.2121212121E+000  0.0000000000E+000
  0.3030303030E-001  0.2424242424E+000  0.0000000000E+000
  0.3030303030E-001  0.2727272727E+000  0.0000000000E+000
  0.3030303030E-001  0.3030303030E+000  0.0000000000E+000
  0.3030303030E-001  0.3333333333E+000  0.0000000000E+000
  0.3030303030E-001  0.3636363636E+000  0.0000000000E+000
  0.3030303030E-001  0.3939393939E+000  0.0000000000E+000
  0.3030303030E-001  0.4242424242E+000  0.0000000000E+000
  0.3030303030E-001  0.4545454545E+000  0.0000000000E+000
  0.3030303030E-001  0.4848484848E+000  0.0000000000E+000
  0.3030303030E-001  0.5151515152E+000  0.0000000000E+000
  0.3030303030E-001  0.5454545455E+000  0.0000000000E+000
  0.3030303030E-001  0.5757575758E+000  0.0000000000E+000
  0.3030303030E-001  0.6060606061E+000  0.0000000000E+000
  0.3030303030E-001  0.6363636364E+000  0.0000000000E+000
  0.3030303030E-001  0.6666666667E+000  0.0000000000E+000
  0.3030303030E-001  0.6969696970E+000  0.0000000000E+000
  0.3030303030E-001  0.7272727273E+000  0.0000000000E+000
  0.3030303030E-001  0.7575757576E+000  0.0000000000E+000
  0.3030303030E-001  0.7878787879E+000  0.0000000000E+000
  0.3030303030E-001  0.8181818182E+000  0.0000000000E+000
  0.3030303030E-001  0.8484848485E+000  0.0000000000E+000
  0.3030303030E-001  0.8787878788E+000  0.0000000000E+000
  0.3030303030E-001  0.9090909091E+000  0.0000000000E+000
  0.3030303030E-001  0.9393939394E+000  0.0000000000E+000
  0.3030303030E-001  0.9696969697E+000  0.0000000000E+000
  0.3030303030E-001  0.1000000000E+001  0.0000000000E+000

  0.6060606061E-001  0.3030303030E-001  0.0000000000E+000
  0.6060606061E-001  0.6060606061E-001 -0.2660617484E-002
  0.6060606061E-001  0.9090909091E-001 -0.3305561198E-002
  0.6060606061E-001  0.1212121212E+000 -0.1910331376E-002
  0.6060606061E-001  0.1515151515E+000 -0.1647711165E-002
  0.6060606061E-001  0.1818181818E+000  0.1022356430E-002
  0.6060606061E-001  0.2121212121E+000  0.2298751844E-002
  0.6060606061E-001  0.2424242424E+000  0.1551165649E-002
  0.6060606061E-001  0.2727272727E+000 -0.1418814752E-002
  0.6060606061E-001  0.3030303030E+000 -0.2067414238E-002
  0.6060606061E-001  0.3333333333E+000 -0.2175634847E-002
  0.6060606061E-001  0.3636363636E+000 -0.1026126963E-002
  0.6060606061E-001  0.3939393939E+000 -0.1708325144E-002
  0.6060606061E-001  0.4242424242E+000 -0.1412825114E-002
  0.6060606061E-001  0.4545454545E+000 -0.1345639532E-002
  0.6060606061E-001  0.4848484848E+000 -0.2809052240E-002
  0.6060606061E-001  0.5151515152E+000 -0.2818937782E-002
  0.6060606061E-001  0.5454545455E+000 -0.2773318012E-002
  0.6060606061E-001  0.5757575758E+000 -0.4265846487E-003
  0.6060606061E-001  0.6060606061E+000 -0.1419850203E-002
  0.6060606061E-001  0.6363636364E+000 -0.4977501930E-003
  0.6060606061E-001  0.6666666667E+000  0.2296633030E-003
  0.6060606061E-001  0.6969696970E+000 -0.1626218898E-002
  0.6060606061E-001  0.7272727273E+000 -0.9215224205E-003
  0.6060606061E-001  0.7575757576E+000 -0.2341033300E-002
  0.6060606061E-001  0.7878787879E+000 -0.2145120040E-002
  0.6060606061E-001  0.8181818182E+000 -0.1925840950E-002
  0.6060606061E-001  0.8484848485E+000 -0.1710980009E-002
  0.6060606061E-001  0.8787878788E+000 -0.7614048705E-003
  0.6060606061E-001  0.9090909091E+000 -0.6688135767E-004
  0.6060606061E-001  0.9393939394E+000  0.4464200415E-003
  0.6060606061E-001  0.9696969697E+000  0.8672715193E-003
  0.6060606061E-001  0.1000000000E+001  0.0000000000E+000

  0.9090909091E-001  0.3030303030E-001  0.0000000000E+000
  0.9090909091E-001  0.6060606061E-001 -0.3348581915E-002
  0.9090909091E-001  0.9090909091E-001 -0.3777408510E-002
  0.9090909091E-001  0.1212121212E+000 -0.3997072693E-002
  0.9090909091E-001  0.1515151515E+000 -0.2967718351E-002
  0.9090909091E-001  0.1818181818E+000  0.4519041105E-003
  0.9090909091E-001  0.2121212121E+000  0.2410138583E-002
  0.9090909091E-001  0.2424242424E+000  0.8770527779E-003
  0.9090909091E-001  0.2727272727E+000 -0.7509576575E-003
  0.9090909091E-001  0.3030303030E+000 -0.1675928806E-002
  0.9090909091E-001  0.3333333333E+000 -0.1552237360E-002
  0.9090909091E-001  0.3636363636E+000 -0.5711926769E-003
  0.9090909091E-001  0.3939393939E+000 -0.2098328862E-002
  0.9090909091E-001  0.4242424242E+000 -0.1675582508E-002
  0.9090909091E-001  0.4545454545E+000 -0.2871513857E-002
  0.9090909091E-001  0.4848484848E+000 -0.4182805679E-002
  0.9090909091E-001  0.5151515152E+000 -0.4283990258E-002
  0.9090909091E-001  0.5454545455E+000 -0.4002218645E-002
  0.9090909091E-001  0.5757575758E+000 -0.1342933993E-002
  0.9090909091E-001  0.6060606061E+000 -0.2338834152E-002
  0.9090909091E-001  0.6363636364E+000 -0.2206048346E-003
  0.9090909091E-001  0.6666666667E+000 -0.7886564524E-003
  0.9090909091E-001  0.6969696970E+000 -0.1189491641E-002
  0.9090909091E-001  0.7272727273E+000 -0.7417726056E-003
  0.9090909091E-001  0.7575757576E+000 -0.2267062469E-002
  0.9090909091E-001  0.7878787879E+000 -0.9282503541E-003
  0.9090909091E-001  0.8181818182E+000 -0.1237415211E-002
  0.9090909091E-001  0.8484848485E+000 -0.1870044176E-002
  0.9090909091E-001  0.8787878788E+000 -0.1221871549E-002
  0.9090909091E-001  0.9090909091E+000  0.1425027366E-003
  0.9090909091E-001  0.9393939394E+000 -0.1716517469E-002
  0.9090909091E-001  0.9696969697E+000 -0.8678750292E-003
  0.9090909091E-001  0.1000000000E+001  0.0000000000E+000

  0.1212121212E+000  0.3030303030E-001  0.0000000000E+000
  0.1212121212E+000  0.6060606061E-001 -0.2552225613E-002
  0.1212121212E+000  0.9090909091E-001 -0.4363117278E-002
  0.1212121212E+000  0.1212121212E+000 -0.4609812754E-002
  0.1212121212E+000  0.1515151515E+000 -0.3004703542E-002
  0.1212121212E+000  0.1818181818E+000  0.4811742542E-003
  0.1212121212E+000  0.2121212121E+000  0.1273824288E-002
  0.1212121212E+000  0.2424242424E+000  0.1352381259E-002
  0.1212121212E+000  0.2727272727E+000 -0.3483821400E-003
  0.1212121212E+000  0.3030303030E+000 -0.1562234376E-002
  0.1212121212E+000  0.3333333333E+000 -0.1489095232E-002
  0.1212121212E+000  0.3636363636E+000 -0.4976987734E-003
  0.1212121212E+000  0.3939393939E+000 -0.1427137981E-002
  0.1212121212E+000  0.4242424242E+000 -0.1937141901E-002
  0.1212121212E+000  0.4545454545E+000 -0.1823698777E-002
  0.1212121212E+000  0.4848484848E+000 -0.2491731494E-002
  0.1212121212E+000  0.5151515152E+000 -0.3011802503E-002
  0.1212121212E+000  0.5454545455E+000 -0.3434320027E-002
  0.1212121212E+000  0.5757575758E+000 -0.3311323064E-002
  0.1212121212E+000  0.6060606061E+000 -0.2408812762E-002
  0.1212121212E+000  0.6363636364E+000 -0.6279391785E-003
  0.1212121212E+000  0.6666666667E+000 -0.1068234006E-002
  0.1212121212E+000  0.6969696970E+000 -0.1967064825E-002
  0.1212121212E+000  0.7272727273E+000 -0.1090656431E-002
  0.1212121212E+000  0.7575757576E+000 -0.9384264285E-003
  0.1212121212E+000  0.7878787879E+000 -0.2697229822E-003
  0.1212121212E+000  0.8181818182E+000 -0.4694031663E-003
  0.1212121212E+000  0.8484848485E+000 -0.1463361404E-002
  0.1212121212E+000  0.8787878788E+000 -0.6397129540E-003
  0.1212121212E+000  0.9090909091E+000 -0.1042431622E-002
  0.1212121212E+000  0.9393939394E+000 -0.2484174856E-002
  0.1212121212E+000  0.9696969697E+000 -0.2004843126E-002
  0.1212121212E+000  0.1000000000E+001  0.0000000000E+000

  0.1515151515E+000  0.3030303030E-001  0.0000000000E+000
  0.1515151515E+000  0.6060606061E-001 -0.7160336066E-003
  0.1515151515E+000  0.9090909091E-001 -0.2171033510E-002
  0.1515151515E+000  0.1212121212E+000 -0.2221500717E-002
  0.1515151515E+000  0.1515151515E+000 -0.5769616684E-003
  0.1515151515E+000  0.1818181818E+000 -0.2364840860E-003
  0.1515151515E+000  0.2121212121E+000 -0.7025194893E-003
  0.1515151515E+000  0.2424242424E+000  0.1045125574E-002
  0.1515151515E+000  0.2727272727E+000 -0.9358063212E-003
  0.1515151515E+000  0.3030303030E+000 -0.1032249292E-002
  0.1515151515E+000  0.3333333333E+000  0.5477208168E-003
  0.1515151515E+000  0.3636363636E+000 -0.3402446150E-003
  0.1515151515E+000  0.3939393939E+000  0.3124909874E-003
  0.1515151515E+000  0.4242424242E+000  0.1213530215E-003
  0.1515151515E+000  0.4545454545E+000 -0.1485720982E-002
  0.1515151515E+000  0.4848484848E+000 -0.3593748446E-002
  0.1515151515E+000  0.5151515152E+000 -0.4830506945E-002
  0.1515151515E+000  0.5454545455E+000 -0.5620571315E-002
  0.1515151515E+000  0.5757575758E+000 -0.6352682098E-002
  0.1515151515E+000  0.6060606061E+000 -0.5230893211E-002
  0.1515151515E+000  0.6363636364E+000 -0.3692697687E-002
  0.1515151515E+000  0.6666666667E+000 -0.3923419001E-002
  0.1515151515E+000  0.6969696970E+000 -0.2956888668E-002
  0.1515151515E+000  0.7272727273E+000 -0.2300763093E-002
  0.1515151515E+000  0.7575757576E+000 -0.2500434598E-002
  0.1515151515E+000  0.7878787879E+000 -0.2070212606E-002
  0.1515151515E+000  0.8181818182E+000 -0.2969313663E-002
  0.1515151515E+000  0.8484848485E+000 -0.2898721139E-002
  0.1515151515E+000  0.8787878788E+000 -0.1876260536E-002
  0.1515151515E+000  0.9090909091E+000 -0.1591999286E-002
  0.1515151515E+000  0.9393939394E+000 -0.1789026038E-002
  0.1515151515E+000  0.9696969697E+000 -0.5796451771E-003
  0.1515151515E+000  0.1000000000E+001  0.0000000000E+000

  0.1818181818E+000  0.3030303030E-001  0.0000000000E+000
  0.1818181818E+000  0.6060606061E-001 -0.7715816843E-003
  0.1818181818E+000  0.9090909091E-001 -0.2039023407E-002
  0.1818181818E+000  0.1212121212E+000 -0.1855415951E-002
  0.1818181818E+000  0.1515151515E+000 -0.2864887576E-003
  0.1818181818E+000  0.1818181818E+000 -0.1343559661E-002
  0.1818181818E+000  0.2121212121E+000 -0.3490033020E-003
  0.1818181818E+000  0.2424242424E+000  0.5833903429E-005
  0.1818181818E+000  0.2727272727E+000 -0.7021263756E-003
  0.1818181818E+000  0.3030303030E+000  0.1510232704E-004
  0.1818181818E+000  0.3333333333E+000  0.2383337222E-003
  0.1818181818E+000  0.3636363636E+000  0.1387837463E-002
  0.1818181818E+000  0.3939393939E+000  0.6332685572E-003
  0.1818181818E+000  0.4242424242E+000  0.5102738885E-003
  0.1818181818E+000  0.4545454545E+000  0.9654524170E-003
  0.1818181818E+000  0.4848484848E+000 -0.1668074806E-002
  0.1818181818E+000  0.5151515152E+000 -0.2367908708E-002
  0.1818181818E+000  0.5454545455E+000 -0.3398551355E-002
  0.1818181818E+000  0.5757575758E+000 -0.6650705932E-002
  0.1818181818E+000  0.6060606061E+000 -0.6704968005E-002
  0.1818181818E+000  0.6363636364E+000 -0.3733899890E-002
  0.1818181818E+000  0.6666666667E+000 -0.3959541400E-002
  0.1818181818E+000  0.6969696970E+000 -0.2447662005E-002
  0.1818181818E+000  0.7272727273E+000 -0.1832924161E-002
  0.1818181818E+000  0.7575757576E+000 -0.2170945170E-002
  0.1818181818E+000  0.7878787879E+000 -0.1212262094E-002
  0.1818181818E+000  0.8181818182E+000 -0.2217792716E-002
  0.1818181818E+000  0.8484848485E+000 -0.1421693048E-002
  0.1818181818E+000  0.8787878788E+000 -0.1151001335E-002
  0.1818181818E+000  0.9090909091E+000 -0.2379919543E-002
  0.1818181818E+000  0.9393939394E+000 -0.2865265851E-002
  0.1818181818E+000  0.9696969697E+000 -0.1040202692E-002
  0.1818181818E+000  0.1000000000E+001  0.0000000000E+000

  0.2121212121E+000  0.3030303030E-001  0.0000000000E+000
  0.2121212121E+000  0.6060606061E-001  0.3171014346E-003
  0.2121212121E+000  0.9090909091E-001 -0.5352102166E-003
  0.2121212121E+000  0.1212121212E+000 -0.8431645164E-003
  0.2121212121E+000  0.1515151515E+000 -0.1351638748E-002
  0.2121212121E+000  0.1818181818E+000  0.1627128313E-003
  0.2121212121E+000  0.2121212121E+000  0.1747930125E-003
  0.2121212121E+000  0.2424242424E+000 -0.2344312334E-003
  0.2121212121E+000  0.2727272727E+000  0.1118195998E-003
  0.2121212121E+000  0.3030303030E+000 -0.7937990191E-003
  0.2121212121E+000  0.3333333333E+000  0.9356370575E-003
  0.2121212121E+000  0.3636363636E+000  0.1813050788E-002
  0.2121212121E+000  0.3939393939E+000  0.2411541786E-002
  0.2121212121E+000  0.4242424242E+000  0.1631631629E-002
  0.2121212121E+000  0.4545454545E+000  0.1632128628E-002
  0.2121212121E+000  0.4848484848E+000  0.7659392160E-003
  0.2121212121E+000  0.5151515152E+000 -0.9700439534E-003
  0.2121212121E+000  0.5454545455E+000 -0.2860408151E-002
  0.2121212121E+000  0.5757575758E+000 -0.6106647972E-002
  0.2121212121E+000  0.6060606061E+000 -0.6407735260E-002
  0.2121212121E+000  0.6363636364E+000 -0.4691805098E-002
  0.2121212121E+000  0.6666666667E+000 -0.4782412909E-002
  0.2121212121E+000  0.6969696970E+000 -0.3998393862E-002
  0.2121212121E+000  0.7272727273E+000 -0.1801337919E-002
  0.2121212121E+000  0.7575757576E+000 -0.1752094000E-002
  0.2121212121E+000  0.7878787879E+000 -0.2740554335E-002
  0.2121212121E+000  0.8181818182E+000 -0.3687400230E-002
  0.2121212121E+000  0.8484848485E+000 -0.2808143103E-002
  0.2121212121E+000  0.8787878788E+000 -0.1652203651E-002
  0.2121212121E+000  0.9090909091E+000 -0.1401455267E-002
  0.2121212121E+000  0.9393939394E+000 -0.2435185875E-002
  0.2121212121E+000  0.9696969697E+000 -0.2203722073E-002
  0.2121212121E+000  0.1000000000E+001  0.0000000000E+000

  0.2424242424E+000  0.3030303030E-001  0.0000000000E+000
  0.2424242424E+000  0.6060606061E-001 -0.8749159559E-004
  0.2424242424E+000  0.9090909091E-001 -0.3862956724E-003
  0.2424242424E+000  0.1212121212E+000 -0.7422790699E-003
  0.2424242424E+000  0.1515151515E+000 -0.3047966261E-003
  0.2424242424E+000  0.1818181818E+000 -0.1369815331E-002
  0.2424242424E+000  0.2121212121E+000 -0.1611493864E-002
  0.2424242424E+000  0.2424242424E+000  0.3917893207E-003
  0.2424242424E+000  0.2727272727E+000 -0.7516825453E-003
  0.2424242424E+000  0.3030303030E+000  0.7226363759E-004
  0.2424242424E+000  0.3333333333E+000  0.1426612999E-002
  0.2424242424E+000  0.3636363636E+000  0.2524054353E-002
  0.2424242424E+000  0.3939393939E+000  0.2422292306E-002
  0.2424242424E+000  0.4242424242E+000  0.2417944595E-002
  0.2424242424E+000  0.4545454545E+000  0.2244651379E-002
  0.2424242424E+000  0.4848484848E+000 -0.2021518843E-004
  0.2424242424E+000  0.5151515152E+000 -0.3742150849E-003
  0.2424242424E+000  0.5454545455E+000 -0.1802893995E-002
  0.2424242424E+000  0.5757575758E+000 -0.3660418047E-002
  0.2424242424E+000  0.6060606061E+000 -0.5331911272E-002
  0.2424242424E+000  0.6363636364E+000 -0.5109529470E-002
  0.2424242424E+000  0.6666666667E+000 -0.3381009056E-002
  0.2424242424E+000  0.6969696970E+000 -0.3518915946E-002
  0.2424242424E+000  0.7272727273E+000 -0.2810629285E-002
  0.2424242424E+000  0.7575757576E+000 -0.4122832454E-002
  0.2424242424E+000  0.7878787879E+000 -0.4953436100E-002
  0.2424242424E+000  0.8181818182E+000 -0.3886658791E-002
  0.2424242424E+000  0.8484848485E+000 -0.3057778385E-002
  0.2424242424E+000  0.8787878788E+000 -0.2191572982E-002
  0.2424242424E+000  0.9090909091E+000 -0.1716900168E-002
  0.2424242424E+000  0.9393939394E+000 -0.1404276283E-002
  0.2424242424E+000  0.9696969697E+000 -0.1793020819E-002
  0.2424242424E+000  0.1000000000E+001  0.0000000000E+000

  0.2727272727E+000  0.3030303030E-001  0.0000000000E+000
  0.2727272727E+000  0.6060606061E-001  0.1312591225E-002
  0.2727272727E+000  0.9090909091E-001 -0.8307245752E-004
  0.2727272727E+000  0.1212121212E+000 -0.5672657036E-003
  0.2727272727E+000  0.1515151515E+000 -0.7241369715E-003
  0.2727272727E+000  0.1818181818E+000 -0.1101327509E-002
  0.2727272727E+000  0.2121212121E+000 -0.1291673497E-002
  0.2727272727E+000  0.2424242424E+000 -0.3625256372E-003
  0.2727272727E+000  0.2727272727E+000 -0.1492034364E-002
  0.2727272727E+000  0.3030303030E+000  0.1209720567E-003
  0.2727272727E+000  0.3333333333E+000  0.2357486843E-003
  0.2727272727E+000  0.3636363636E+000  0.9940599672E-003
  0.2727272727E+000  0.3939393939E+000  0.6878598530E-003
  0.2727272727E+000  0.4242424242E+000  0.1850481940E-003
  0.2727272727E+000  0.4545454545E+000  0.4452406203E-003
  0.2727272727E+000  0.4848484848E+000 -0.4808236488E-003
  0.2727272727E+000  0.5151515152E+000 -0.2171681494E-002
  0.2727272727E+000  0.5454545455E+000 -0.4332268284E-002
  0.2727272727E+000  0.5757575758E+000 -0.4840127122E-002
  0.2727272727E+000  0.6060606061E+000 -0.3820391801E-002
  0.2727272727E+000  0.6363636364E+000 -0.4287079214E-002
  0.2727272727E+000  0.6666666667E+000 -0.2430584481E-002
  0.2727272727E+000  0.6969696970E+000 -0.3720754934E-002
  0.2727272727E+000  0.7272727273E+000 -0.3612657396E-002
  0.2727272727E+000  0.7575757576E+000 -0.4742009448E-002
  0.2727272727E+000  0.7878787879E+000 -0.4927485047E-002
  0.2727272727E+000  0.8181818182E+000 -0.2903729756E-002
  0.2727272727E+000  0.8484848485E+000 -0.2865208170E-002
  0.2727272727E+000  0.8787878788E+000 -0.1846061305E-002
  0.2727272727E+000  0.9090909091E+000 -0.2288288610E-002
  0.2727272727E+000  0.9393939394E+000  0.3239254476E-003
  0.2727272727E+000  0.9696969697E+000  0.2645731159E-003
  0.2727272727E+000  0.1000000000E+001  0.0000000000E+000

  0.3030303030E+000  0.3030303030E-001  0.0000000000E+000
  0.3030303030E+000  0.6060606061E-001  0.6288142378E-003
  0.3030303030E+000  0.9090909091E-001  0.1901584613E-003
  0.3030303030E+000  0.1212121212E+000 -0.1059184730E-002
  0.3030303030E+000  0.1515151515E+000 -0.2322901266E-002
  0.3030303030E+000  0.1818181818E+000 -0.2179637899E-002
  0.3030303030E+000  0.2121212121E+000 -0.1230326690E-002
  0.3030303030E+000  0.2424242424E+000 -0.8185662647E-003
  0.3030303030E+000  0.2727272727E+000 -0.1837913239E-002
  0.3030303030E+000  0.3030303030E+000 -0.4286407837E-003
  0.3030303030E+000  0.3333333333E+000  0.3088942417E-003
  0.3030303030E+000  0.3636363636E+000 -0.3836761025E-003
  0.3030303030E+000  0.3939393939E+000  0.4688526256E-003
  0.3030303030E+000  0.4242424242E+000 -0.1027747414E-002
  0.3030303030E+000  0.4545454545E+000 -0.3072879695E-002
  0.3030303030E+000  0.4848484848E+000 -0.2882886240E-002
  0.3030303030E+000  0.5151515152E+000 -0.5978185508E-002
  0.3030303030E+000  0.5454545455E+000 -0.6294838134E-002
  0.3030303030E+000  0.5757575758E+000 -0.4260339803E-002
  0.3030303030E+000  0.6060606061E+000 -0.3418369989E-002
  0.3030303030E+000  0.6363636364E+000 -0.2727719389E-002
  0.3030303030E+000  0.6666666667E+000 -0.1526373301E-002
  0.3030303030E+000  0.6969696970E+000 -0.2699904691E-002
  0.3030303030E+000  0.7272727273E+000 -0.3458622846E-002
  0.3030303030E+000  0.7575757576E+000 -0.5188830361E-002
  0.3030303030E+000  0.7878787879E+000 -0.5425732147E-002
  0.3030303030E+000  0.8181818182E+000 -0.3191277600E-002
  0.3030303030E+000  0.8484848485E+000 -0.1278046155E-002
  0.3030303030E+000  0.8787878788E+000 -0.6616386379E-003
  0.3030303030E+000  0.9090909091E+000 -0.1798655599E-002
  0.3030303030E+000  0.9393939394E+000 -0.4891165401E-004
  0.3030303030E+000  0.9696969697E+000  0.8727545730E-003
  0.3030303030E+000  0.1000000000E+001  0.0000000000E+000

  0.3333333333E+000  0.3030303030E-001  0.0000000000E+000
  0.3333333333E+000  0.6060606061E-001  0.1019087115E-002
  0.3333333333E+000  0.9090909091E-001  0.1120976143E-002
  0.3333333333E+000  0.1212121212E+000 -0.7847302713E-003
  0.3333333333E+000  0.1515151515E+000 -0.5697419012E-003
  0.3333333333E+000  0.1818181818E+000 -0.1196760857E-002
  0.3333333333E+000  0.2121212121E+000 -0.4044000375E-003
  0.3333333333E+000  0.2424242424E+000 -0.8718177373E-003
  0.3333333333E+000  0.2727272727E+000 -0.9226114569E-003
  0.3333333333E+000  0.3030303030E+000 -0.1642259507E-002
  0.3333333333E+000  0.3333333333E+000 -0.1160260808E-002
  0.3333333333E+000  0.3636363636E+000 -0.2357399161E-002
  0.3333333333E+000  0.3939393939E+000 -0.1625149338E-002
  0.3333333333E+000  0.4242424242E+000 -0.2737190911E-002
  0.3333333333E+000  0.4545454545E+000 -0.5844118054E-002
  0.3333333333E+000  0.4848484848E+000 -0.6276272875E-002
  0.3333333333E+000  0.5151515152E+000 -0.8427133858E-002
  0.3333333333E+000  0.5454545455E+000 -0.8810593639E-002
  0.3333333333E+000  0.5757575758E+000 -0.6449338781E-002
  0.3333333333E+000  0.6060606061E+000 -0.4122837821E-002
  0.3333333333E+000  0.6363636364E+000 -0.4054231587E-002
  0.3333333333E+000  0.6666666667E+000 -0.2651042370E-002
  0.3333333333E+000  0.6969696970E+000 -0.3178396195E-002
  0.3333333333E+000  0.7272727273E+000 -0.4157534728E-002
  0.3333333333E+000  0.7575757576E+000 -0.6501843625E-002
  0.3333333333E+000  0.7878787879E+000 -0.5386623383E-002
  0.3333333333E+000  0.8181818182E+000 -0.5436573396E-002
  0.3333333333E+000  0.8484848485E+000 -0.3003389785E-002
  0.3333333333E+000  0.8787878788E+000 -0.1168946363E-002
  0.3333333333E+000  0.9090909091E+000 -0.1446217910E-003
  0.3333333333E+000  0.9393939394E+000 -0.4664900441E-003
  0.3333333333E+000  0.9696969697E+000  0.4481289523E-003
  0.3333333333E+000  0.1000000000E+001  0.0000000000E+000

  0.3636363636E+000  0.3030303030E-001  0.0000000000E+000
  0.3636363636E+000  0.6060606061E-001  0.1157664855E-002
  0.3636363636E+000  0.9090909091E-001  0.2681028629E-003
  0.3636363636E+000  0.1212121212E+000 -0.4866892694E-003
  0.3636363636E+000  0.1515151515E+000 -0.1170241979E-002
  0.3636363636E+000  0.1818181818E+000  0.8823375202E-003
  0.3636363636E+000  0.2121212121E+000  0.1008772403E-002
  0.3636363636E+000  0.2424242424E+000  0.1262688588E-002
  0.3636363636E+000  0.2727272727E+000  0.1767701091E-002
  0.3636363636E+000  0.3030303030E+000  0.6465489979E-003
  0.3636363636E+000  0.3333333333E+000 -0.8845197553E-003
  0.3636363636E+000  0.3636363636E+000 -0.3623107666E-002
  0.3636363636E+000  0.3939393939E+000 -0.3478957477E-002
  0.3636363636E+000  0.4242424242E+000 -0.5889852311E-002
  0.3636363636E+000  0.4545454545E+000 -0.8743843595E-002
  0.3636363636E+000  0.4848484848E+000 -0.8528907345E-002
  0.3636363636E+000  0.5151515152E+000 -0.9847458165E-002
  0.3636363636E+000  0.5454545455E+000 -0.9959244685E-002
  0.3636363636E+000  0.5757575758E+000 -0.7835332097E-002
  0.3636363636E+000  0.6060606061E+000 -0.4998127127E-002
  0.3636363636E+000  0.6363636364E+000 -0.4694425220E-002
  0.3636363636E+000  0.6666666667E+000 -0.5348683969E-002
  0.3636363636E+000  0.6969696970E+000 -0.5974718610E-002
  0.3636363636E+000  0.7272727273E+000 -0.5770747593E-002
  0.3636363636E+000  0.7575757576E+000 -0.7243323274E-002
  0.3636363636E+000  0.7878787879E+000 -0.6377640851E-002
  0.3636363636E+000  0.8181818182E+000 -0.5530559844E-002
  0.3636363636E+000  0.8484848485E+000 -0.3546741959E-002
  0.3636363636E+000  0.8787878788E+000 -0.2368067575E-002
  0.3636363636E+000  0.9090909091E+000 -0.6503203753E-004
  0.3636363636E+000  0.9393939394E+000 -0.5011142298E-003
  0.3636363636E+000  0.9696969697E+000 -0.6355622659E-003
  0.3636363636E+000  0.1000000000E+001  0.0000000000E+000

  0.3939393939E+000  0.3030303030E-001  0.0000000000E+000
  0.3939393939E+000  0.6060606061E-001  0.2088582759E-002
  0.3939393939E+000  0.9090909091E-001  0.1401123231E-002
  0.3939393939E+000  0.1212121212E+000 -0.1059467819E-002
  0.3939393939E+000  0.1515151515E+000 -0.6819167496E-003
  0.3939393939E+000  0.1818181818E+000  0.3206664144E-003
  0.3939393939E+000  0.2121212121E+000  0.5709425590E-003
  0.3939393939E+000  0.2424242424E+000  0.6912667544E-003
  0.3939393939E+000  0.2727272727E+000  0.1783350416E-002
  0.3939393939E+000  0.3030303030E+000  0.6138137962E-003
  0.3939393939E+000  0.3333333333E+000 -0.2291323765E-002
  0.3939393939E+000  0.3636363636E+000 -0.3374832200E-002
  0.3939393939E+000  0.3939393939E+000 -0.6018982635E-002
  0.3939393939E+000  0.4242424242E+000 -0.7256659135E-002
  0.3939393939E+000  0.4545454545E+000 -0.9929685214E-002
  0.3939393939E+000  0.4848484848E+000 -0.1193813640E-001
  0.3939393939E+000  0.5151515152E+000 -0.1158851925E-001
  0.3939393939E+000  0.5454545455E+000 -0.1146109358E-001
  0.3939393939E+000  0.5757575758E+000 -0.1026849533E-001
  0.3939393939E+000  0.6060606061E+000 -0.8020549592E-002
  0.3939393939E+000  0.6363636364E+000 -0.7433884656E-002
  0.3939393939E+000  0.6666666667E+000 -0.6301600263E-002
  0.3939393939E+000  0.6969696970E+000 -0.7477885956E-002
  0.3939393939E+000  0.7272727273E+000 -0.7754206686E-002
  0.3939393939E+000  0.7575757576E+000 -0.8075855793E-002
  0.3939393939E+000  0.7878787879E+000 -0.7636965466E-002
  0.3939393939E+000  0.8181818182E+000 -0.6371460937E-002
  0.3939393939E+000  0.8484848485E+000 -0.5118810392E-002
  0.3939393939E+000  0.8787878788E+000 -0.4129553808E-002
  0.3939393939E+000  0.9090909091E+000 -0.6434429827E-003
  0.3939393939E+000  0.9393939394E+000  0.8699964641E-003
  0.3939393939E+000  0.9696969697E+000  0.9949425086E-003
  0.3939393939E+000  0.1000000000E+001  0.0000000000E+000

  0.4242424242E+000  0.3030303030E-001  0.0000000000E+000
  0.4242424242E+000  0.6060606061E-001  0.1530009777E-002
  0.4242424242E+000  0.9090909091E-001  0.8823922964E-003
  0.4242424242E+000  0.1212121212E+000 -0.2807752264E-002
  0.4242424242E+000  0.1515151515E+000 -0.3331821531E-002
  0.4242424242E+000  0.1818181818E+000 -0.2588982353E-002
  0.4242424242E+000  0.2121212121E+000 -0.1655027947E-002
  0.4242424242E+000  0.2424242424E+000 -0.2641589415E-003
  0.4242424242E+000  0.2727272727E+000  0.4733889133E-003
  0.4242424242E+000  0.3030303030E+000  0.5955740766E-003
  0.4242424242E+000  0.3333333333E+000 -0.7496317122E-003
  0.4242424242E+000  0.3636363636E+000 -0.2838962614E-002
  0.4242424242E+000  0.3939393939E+000 -0.7025169943E-002
  0.4242424242E+000  0.4242424242E+000 -0.1020708102E-001
  0.4242424242E+000  0.4545454545E+000 -0.1262051027E-001
  0.4242424242E+000  0.4848484848E+000 -0.1401536360E-001
  0.4242424242E+000  0.5151515152E+000 -0.1340060267E-001
  0.4242424242E+000  0.5454545455E+000 -0.1138018119E-001
  0.4242424242E+000  0.5757575758E+000 -0.1182256345E-001
  0.4242424242E+000  0.6060606061E+000 -0.9637914621E-002
  0.4242424242E+000  0.6363636364E+000 -0.9770888284E-002
  0.4242424242E+000  0.6666666667E+000 -0.9342531281E-002
  0.4242424242E+000  0.6969696970E+000 -0.9105222790E-002
  0.4242424242E+000  0.7272727273E+000 -0.9564639808E-002
  0.4242424242E+000  0.7575757576E+000 -0.9571186907E-002
  0.4242424242E+000  0.7878787879E+000 -0.8167048831E-002
  0.4242424242E+000  0.8181818182E+000 -0.5419195273E-002
  0.4242424242E+000  0.8484848485E+000 -0.5085239732E-002
  0.4242424242E+000  0.8787878788E+000 -0.4888129825E-002
  0.4242424242E+000  0.9090909091E+000 -0.6973870907E-003
  0.4242424242E+000  0.9393939394E+000  0.1795240005E-002
  0.4242424242E+000  0.9696969697E+000  0.1113977747E-002
  0.4242424242E+000  0.1000000000E+001  0.0000000000E+000

  0.4545454545E+000  0.3030303030E-001  0.0000000000E+000
  0.4545454545E+000  0.6060606061E-001 -0.9768115030E-003
  0.4545454545E+000  0.9090909091E-001 -0.1428234341E-002
  0.4545454545E+000  0.1212121212E+000 -0.3563404502E-002
  0.4545454545E+000  0.1515151515E+000 -0.3127213941E-002
  0.4545454545E+000  0.1818181818E+000 -0.2801705610E-002
  0.4545454545E+000  0.2121212121E+000 -0.2108699237E-002
  0.4545454545E+000  0.2424242424E+000 -0.2193282662E-002
  0.4545454545E+000  0.2727272727E+000 -0.8630382988E-003
  0.4545454545E+000  0.3030303030E+000 -0.1556807547E-003
  0.4545454545E+000  0.3333333333E+000 -0.1170444269E-002
  0.4545454545E+000  0.3636363636E+000 -0.3701305815E-002
  0.4545454545E+000  0.3939393939E+000 -0.8721376488E-002
  0.4545454545E+000  0.4242424242E+000 -0.1181468564E-001
  0.4545454545E+000  0.4545454545E+000 -0.1261928963E-001
  0.4545454545E+000  0.4848484848E+000 -0.1332110034E-001
  0.4545454545E+000  0.5151515152E+000 -0.1205887625E-001
  0.4545454545E+000  0.5454545455E+000 -0.1152321309E-001
  0.4545454545E+000  0.5757575758E+000 -0.1167767287E-001
  0.4545454545E+000  0.6060606061E+000 -0.9818641974E-002
  0.4545454545E+000  0.6363636364E+000 -0.9124298895E-002
  0.4545454545E+000  0.6666666667E+000 -0.7623153466E-002
  0.4545454545E+000  0.6969696970E+000 -0.9443548104E-002
  0.4545454545E+000  0.7272727273E+000 -0.9862961341E-002
  0.4545454545E+000  0.7575757576E+000 -0.8857623824E-002
  0.4545454545E+000  0.7878787879E+000 -0.8924118301E-002
  0.4545454545E+000  0.8181818182E+000 -0.6015787942E-002
  0.4545454545E+000  0.8484848485E+000 -0.6334220728E-002
  0.4545454545E+000  0.8787878788E+000 -0.5685506496E-002
  0.4545454545E+000  0.9090909091E+000 -0.2852299748E-002
  0.4545454545E+000  0.9393939394E+000  0.1671282768E-002
  0.4545454545E+000  0.9696969697E+000  0.1601364040E-002
  0.4545454545E+000  0.1000000000E+001  0.0000000000E+000

  0.4848484848E+000  0.3030303030E-001  0.0000000000E+000
  0.4848484848E+000  0.6060606061E-001 -0.2713908035E-002
  0.4848484848E+000  0.9090909091E-001 -0.4251002741E-002
  0.4848484848E+000  0.1212121212E+000 -0.3787774453E-002
  0.4848484848E+000  0.1515151515E+000 -0.2448264511E-002
  0.4848484848E+000  0.1818181818E+000 -0.2302626765E-002
  0.4848484848E+000  0.2121212121E+000 -0.2656788420E-002
  0.4848484848E+000  0.2424242424E+000 -0.3190645079E-002
  0.4848484848E+000  0.2727272727E+000 -0.2592526097E-002
  0.4848484848E+000  0.3030303030E+000 -0.3562162968E-002
  0.4848484848E+000  0.3333333333E+000 -0.3880962011E-002
  0.4848484848E+000  0.3636363636E+000 -0.5617676034E-002
  0.4848484848E+000  0.3939393939E+000 -0.8475254958E-002
  0.4848484848E+000  0.4242424242E+000 -0.1175125012E-001
  0.4848484848E+000  0.4545454545E+000 -0.1178391866E-001
  0.4848484848E+000  0.4848484848E+000 -0.1286616660E-001
  0.4848484848E+000  0.5151515152E+000 -0.1301066401E-001
  0.4848484848E+000  0.5454545455E+000 -0.1121167493E-001
  0.4848484848E+000  0.5757575758E+000 -0.1037313941E-001
  0.4848484848E+000  0.6060606061E+000 -0.9020940094E-002
  0.4848484848E+000  0.6363636364E+000 -0.7986434425E-002
  0.4848484848E+000  0.6666666667E+000 -0.7456293091E-002
  0.4848484848E+000  0.6969696970E+000 -0.8326645104E-002
  0.4848484848E+000  0.7272727273E+000 -0.1032014325E-001
  0.4848484848E+000  0.7575757576E+000 -0.1022680926E-001
  0.4848484848E+000  0.7878787879E+000 -0.9838171977E-002
  0.4848484848E+000  0.8181818182E+000 -0.7553117696E-002
  0.4848484848E+000  0.8484848485E+000 -0.5374333641E-002
  0.4848484848E+000  0.8787878788E+000 -0.4355405389E-002
  0.4848484848E+000  0.9090909091E+000 -0.2028965746E-002
  0.4848484848E+000  0.9393939394E+000  0.1438915321E-002
  0.4848484848E+000  0.9696969697E+000  0.1285881050E-002
  0.4848484848E+000  0.1000000000E+001  0.0000000000E+000

  0.5151515152E+000  0.3030303030E-001  0.0000000000E+000
  0.5151515152E+000  0.6060606061E-001 -0.3769021830E-002
  0.5151515152E+000  0.9090909091E-001 -0.4907773054E-002
  0.5151515152E+000  0.1212121212E+000 -0.4938508509E-002
  0.5151515152E+000  0.1515151515E+000 -0.3254655705E-002
  0.5151515152E+000  0.1818181818E+000 -0.4301809150E-002
  0.5151515152E+000  0.2121212121E+000 -0.3643923035E-002
  0.5151515152E+000  0.2424242424E+000 -0.6157081168E-002
  0.5151515152E+000  0.2727272727E+000 -0.6748360718E-002
  0.5151515152E+000  0.3030303030E+000 -0.7168203801E-002
  0.5151515152E+000  0.3333333333E+000 -0.7134122885E-002
  0.5151515152E+000  0.3636363636E+000 -0.8576568000E-002
  0.5151515152E+000  0.3939393939E+000 -0.9396937763E-002
  0.5151515152E+000  0.4242424242E+000 -0.1219134508E-001
  0.5151515152E+000  0.4545454545E+000 -0.1380968411E-001
  0.5151515152E+000  0.4848484848E+000 -0.1368808644E-001
  0.5151515152E+000  0.5151515152E+000 -0.1482745758E-001
  0.5151515152E+000  0.5454545455E+000 -0.1383349957E-001
  0.5151515152E+000  0.5757575758E+000 -0.1351133535E-001
  0.5151515152E+000  0.6060606061E+000 -0.1108647136E-001
  0.5151515152E+000  0.6363636364E+000 -0.8244217997E-002
  0.5151515152E+000  0.6666666667E+000 -0.8435378306E-002
  0.5151515152E+000  0.6969696970E+000 -0.9138744448E-002
  0.5151515152E+000  0.7272727273E+000 -0.1044166555E-001
  0.5151515152E+000  0.7575757576E+000 -0.9568950836E-002
  0.5151515152E+000  0.7878787879E+000 -0.7919823218E-002
  0.5151515152E+000  0.8181818182E+000 -0.4338825477E-002
  0.5151515152E+000  0.8484848485E+000 -0.2971163613E-002
  0.5151515152E+000  0.8787878788E+000 -0.3322450571E-002
  0.5151515152E+000  0.9090909091E+000 -0.2340695824E-002
  0.5151515152E+000  0.9393939394E+000  0.8198013468E-003
  0.5151515152E+000  0.9696969697E+000  0.1104335924E-002
  0.5151515152E+000  0.1000000000E+001  0.0000000000E+000

  0.5454545455E+000  0.3030303030E-001  0.0000000000E+000
  0.5454545455E+000  0.6060606061E-001 -0.3315901893E-002
  0.5454545455E+000  0.9090909091E-001 -0.5529750789E-002
  0.5454545455E+000  0.1212121212E+000 -0.5720040568E-002
  0.5454545455E+000  0.1515151515E+000 -0.6106589885E-002
  0.5454545455E+000  0.1818181818E+000 -0.5054504709E-002
  0.5454545455E+000  0.2121212121E+000 -0.6178155882E-002
  0.5454545455E+000  0.2424242424E+000 -0.7963743255E-002
  0.5454545455E+000  0.2727272727E+000 -0.9278680064E-002
  0.5454545455E+000  0.3030303030E+000 -0.1085842717E-001
  0.5454545455E+000  0.3333333333E+000 -0.1125049305E-001
  0.5454545455E+000  0.3636363636E+000 -0.1090941750E-001
  0.5454545455E+000  0.3939393939E+000 -0.1168494050E-001
  0.5454545455E+000  0.4242424242E+000 -0.1308801968E-001
  0.5454545455E+000  0.4545454545E+000 -0.1389078389E-001
  0.5454545455E+000  0.4848484848E+000 -0.1491934038E-001
  0.5454545455E+000  0.5151515152E+000 -0.1538487836E-001
  0.5454545455E+000  0.5454545455E+000 -0.1527952479E-001
  0.5454545455E+000  0.5757575758E+000 -0.1455521381E-001
  0.5454545455E+000  0.6060606061E+000 -0.1094103779E-001
  0.5454545455E+000  0.6363636364E+000 -0.9472311082E-002
  0.5454545455E+000  0.6666666667E+000 -0.8918067810E-002
  0.5454545455E+000  0.6969696970E+000 -0.9492503662E-002
  0.5454545455E+000  0.7272727273E+000 -0.8775098688E-002
  0.5454545455E+000  0.7575757576E+000 -0.9186107472E-002
  0.5454545455E+000  0.7878787879E+000 -0.8179415615E-002
  0.5454545455E+000  0.8181818182E+000 -0.3661998880E-002
  0.5454545455E+000  0.8484848485E+000 -0.2578584539E-002
  0.5454545455E+000  0.8787878788E+000 -0.2887692934E-002
  0.5454545455E+000  0.9090909091E+000 -0.2479507580E-002
  0.5454545455E+000  0.9393939394E+000 -0.7011055356E-003
  0.5454545455E+000  0.9696969697E+000 -0.7455492657E-003
  0.5454545455E+000  0.1000000000E+001  0.0000000000E+000

  0.5757575758E+000  0.3030303030E-001  0.0000000000E+000
  0.5757575758E+000  0.6060606061E-001 -0.1234481854E-002
  0.5757575758E+000  0.9090909091E-001 -0.4682597636E-002
  0.5757575758E+000  0.1212121212E+000 -0.5221659607E-002
  0.5757575758E+000  0.1515151515E+000 -0.5761039191E-002
  0.5757575758E+000  0.1818181818E+000 -0.5655725039E-002
  0.5757575758E+000  0.2121212121E+000 -0.6704463731E-002
  0.5757575758E+000  0.2424242424E+000 -0.9892491572E-002
  0.5757575758E+000  0.2727272727E+000 -0.1084264477E-001
  0.5757575758E+000  0.3030303030E+000 -0.1164483602E-001
  0.5757575758E+000  0.3333333333E+000 -0.1157708675E-001
  0.5757575758E+000  0.3636363636E+000 -0.1040773567E-001
  0.5757575758E+000  0.3939393939E+000 -0.1256463062E-001
  0.5757575758E+000  0.4242424242E+000 -0.1294393323E-001
  0.5757575758E+000  0.4545454545E+000 -0.1327241321E-001
  0.5757575758E+000  0.4848484848E+000 -0.1506851881E-001
  0.5757575758E+000  0.5151515152E+000 -0.1653459566E-001
  0.5757575758E+000  0.5454545455E+000 -0.1588380310E-001
  0.5757575758E+000  0.5757575758E+000 -0.1420723132E-001
  0.5757575758E+000  0.6060606061E+000 -0.1016178948E-001
  0.5757575758E+000  0.6363636364E+000 -0.9344920348E-002
  0.5757575758E+000  0.6666666667E+000 -0.9366008300E-002
  0.5757575758E+000  0.6969696970E+000 -0.7596340178E-002
  0.5757575758E+000  0.7272727273E+000 -0.6470041539E-002
  0.5757575758E+000  0.7575757576E+000 -0.7376975045E-002
  0.5757575758E+000  0.7878787879E+000 -0.7617544292E-002
  0.5757575758E+000  0.8181818182E+000 -0.4025239084E-002
  0.5757575758E+000  0.8484848485E+000 -0.3484212061E-002
  0.5757575758E+000  0.8787878788E+000 -0.3047075340E-002
  0.5757575758E+000  0.9090909091E+000 -0.4475229283E-003
  0.5757575758E+000  0.9393939394E+000 -0.7734921245E-003
  0.5757575758E+000  0.9696969697E+000 -0.8431607103E-003
  0.5757575758E+000  0.1000000000E+001  0.0000000000E+000

  0.6060606061E+000  0.3030303030E-001  0.0000000000E+000
  0.6060606061E+000  0.6060606061E-001 -0.1259038103E-002
  0.6060606061E+000  0.9090909091E-001 -0.2849573149E-002
  0.6060606061E+000  0.1212121212E+000 -0.3247650228E-002
  0.6060606061E+000  0.1515151515E+000 -0.5174086246E-002
  0.6060606061E+000  0.1818181818E+000 -0.6313453601E-002
  0.6060606061E+000  0.2121212121E+000 -0.6528404782E-002
  0.6060606061E+000  0.2424242424E+000 -0.9348844961E-002
  0.6060606061E+000  0.2727272727E+000 -0.1139111923E-001
  0.6060606061E+000  0.3030303030E+000 -0.1057041679E-001
  0.6060606061E+000  0.3333333333E+000 -0.1161418418E-001
  0.6060606061E+000  0.3636363636E+000 -0.1108242214E-001
  0.6060606061E+000  0.3939393939E+000 -0.1432101435E-001
  0.6060606061E+000  0.4242424242E+000 -0.1534746151E-001
  0.6060606061E+000  0.4545454545E+000 -0.1568873419E-001
  0.6060606061E+000  0.4848484848E+000 -0.1545363252E-001
  0.6060606061E+000  0.5151515152E+000 -0.1683474655E-001
  0.6060606061E+000  0.5454545455E+000 -0.1655023284E-001
  0.6060606061E+000  0.5757575758E+000 -0.1359574707E-001
  0.6060606061E+000  0.6060606061E+000 -0.1047755909E-001
  0.6060606061E+000  0.6363636364E+000 -0.1017847348E-001
  0.6060606061E+000  0.6666666667E+000 -0.8171090908E-002
  0.6060606061E+000  0.6969696970E+000 -0.7255240161E-002
  0.6060606061E+000  0.7272727273E+000 -0.6265680187E-002
  0.6060606061E+000  0.7575757576E+000 -0.8427839067E-002
  0.6060606061E+000  0.7878787879E+000 -0.8222960741E-002
  0.6060606061E+000  0.8181818182E+000 -0.5357743704E-002
  0.6060606061E+000  0.8484848485E+000 -0.3792164853E-002
  0.6060606061E+000  0.8787878788E+000 -0.1837668779E-002
  0.6060606061E+000  0.9090909091E+000  0.2055663953E-004
  0.6060606061E+000  0.9393939394E+000 -0.1242227321E-002
  0.6060606061E+000  0.9696969697E+000  0.3255015209E-003
  0.6060606061E+000  0.1000000000E+001  0.0000000000E+000

  0.6363636364E+000  0.3030303030E-001  0.0000000000E+000
  0.6363636364E+000  0.6060606061E-001 -0.8087385013E-003
  0.6363636364E+000  0.9090909091E-001 -0.3921617970E-002
  0.6363636364E+000  0.1212121212E+000 -0.4232633454E-002
  0.6363636364E+000  0.1515151515E+000 -0.6053869437E-002
  0.6363636364E+000  0.1818181818E+000 -0.5972426923E-002
  0.6363636364E+000  0.2121212121E+000 -0.6823468703E-002
  0.6363636364E+000  0.2424242424E+000 -0.1012488477E-001
  0.6363636364E+000  0.2727272727E+000 -0.1095143534E-001
  0.6363636364E+000  0.3030303030E+000 -0.1191996878E-001
  0.6363636364E+000  0.3333333333E+000 -0.1222382575E-001
  0.6363636364E+000  0.3636363636E+000 -0.1240678567E-001
  0.6363636364E+000  0.3939393939E+000 -0.1557041791E-001
  0.6363636364E+000  0.4242424242E+000 -0.1738655189E-001
  0.6363636364E+000  0.4545454545E+000 -0.1909192677E-001
  0.6363636364E+000  0.4848484848E+000 -0.1839487489E-001
  0.6363636364E+000  0.5151515152E+000 -0.1734484575E-001
  0.6363636364E+000  0.5454545455E+000 -0.1606275380E-001
  0.6363636364E+000  0.5757575758E+000 -0.1473936683E-001
  0.6363636364E+000  0.6060606061E+000 -0.1282305397E-001
  0.6363636364E+000  0.6363636364E+000 -0.9080610900E-002
  0.6363636364E+000  0.6666666667E+000 -0.6834730771E-002
  0.6363636364E+000  0.6969696970E+000 -0.6206573211E-002
  0.6363636364E+000  0.7272727273E+000 -0.5811369699E-002
  0.6363636364E+000  0.7575757576E+000 -0.7905731440E-002
  0.6363636364E+000  0.7878787879E+000 -0.8560271616E-002
  0.6363636364E+000  0.8181818182E+000 -0.6750075768E-002
  0.6363636364E+000  0.8484848485E+000 -0.3127656188E-002
  0.6363636364E+000  0.8787878788E+000 -0.1151724383E-002
  0.6363636364E+000  0.9090909091E+000  0.1564371528E-003
  0.6363636364E+000  0.9393939394E+000 -0.2155980471E-003
  0.6363636364E+000  0.9696969697E+000 -0.1158737827E-002
  0.6363636364E+000  0.1000000000E+001  0.0000000000E+000

  0.6666666667E+000  0.3030303030E-001  0.0000000000E+000
  0.6666666667E+000  0.6060606061E-001 -0.2529595895E-002
  0.6666666667E+000  0.9090909091E-001 -0.3750837808E-002
  0.6666666667E+000  0.1212121212E+000 -0.4759539241E-002
  0.6666666667E+000  0.1515151515E+000 -0.7860639088E-002
  0.6666666667E+000  0.1818181818E+000 -0.7803029182E-002
  0.6666666667E+000  0.2121212121E+000 -0.7579516213E-002
  0.6666666667E+000  0.2424242424E+000 -0.9908864380E-002
  0.6666666667E+000  0.2727272727E+000 -0.1179949105E-001
  0.6666666667E+000  0.3030303030E+000 -0.1024346294E-001
  0.6666666667E+000  0.3333333333E+000 -0.1077397729E-001
  0.6666666667E+000  0.3636363636E+000 -0.1187411529E-001
  0.6666666667E+000  0.3939393939E+000 -0.1525376623E-001
  0.6666666667E+000  0.4242424242E+000 -0.1826526495E-001
  0.6666666667E+000  0.4545454545E+000 -0.2022827283E-001
  0.6666666667E+000  0.4848484848E+000 -0.1992097673E-001
  0.6666666667E+000  0.5151515152E+000 -0.1724511148E-001
  0.6666666667E+000  0.5454545455E+000 -0.1533621987E-001
  0.6666666667E+000  0.5757575758E+000 -0.1392767957E-001
  0.6666666667E+000  0.6060606061E+000 -0.1249715939E-001
  0.6666666667E+000  0.6363636364E+000 -0.8501331482E-002
  0.6666666667E+000  0.6666666667E+000 -0.5919153091E-002
  0.6666666667E+000  0.6969696970E+000 -0.5341846104E-002
  0.6666666667E+000  0.7272727273E+000 -0.6560573484E-002
  0.6666666667E+000  0.7575757576E+000 -0.7978514258E-002
  0.6666666667E+000  0.7878787879E+000 -0.8167015640E-002
  0.6666666667E+000  0.8181818182E+000 -0.5717651792E-002
  0.6666666667E+000  0.8484848485E+000 -0.4661624501E-002
  0.6666666667E+000  0.8787878788E+000 -0.2761608195E-002
  0.6666666667E+000  0.9090909091E+000 -0.1647861225E-002
  0.6666666667E+000  0.9393939394E+000 -0.2521213993E-002
  0.6666666667E+000  0.9696969697E+000 -0.7317386880E-003
  0.6666666667E+000  0.1000000000E+001  0.0000000000E+000

  0.6969696970E+000  0.3030303030E-001  0.0000000000E+000
  0.6969696970E+000  0.6060606061E-001 -0.2543373306E-002
  0.6969696970E+000  0.9090909091E-001 -0.5080053149E-002
  0.6969696970E+000  0.1212121212E+000 -0.6439983741E-002
  0.6969696970E+000  0.1515151515E+000 -0.8770752275E-002
  0.6969696970E+000  0.1818181818E+000 -0.9939819218E-002
  0.6969696970E+000  0.2121212121E+000 -0.9028103654E-002
  0.6969696970E+000  0.2424242424E+000 -0.9920200369E-002
  0.6969696970E+000  0.2727272727E+000 -0.1147399268E-001
  0.6969696970E+000  0.3030303030E+000 -0.1053904691E-001
  0.6969696970E+000  0.3333333333E+000 -0.1211449879E-001
  0.6969696970E+000  0.3636363636E+000 -0.1390742671E-001
  0.6969696970E+000  0.3939393939E+000 -0.1570599180E-001
  0.6969696970E+000  0.4242424242E+000 -0.1943897171E-001
  0.6969696970E+000  0.4545454545E+000 -0.2068434624E-001
  0.6969696970E+000  0.4848484848E+000 -0.1997528138E-001
  0.6969696970E+000  0.5151515152E+000 -0.1653261572E-001
  0.6969696970E+000  0.5454545455E+000 -0.1573569855E-001
  0.6969696970E+000  0.5757575758E+000 -0.1484769820E-001
  0.6969696970E+000  0.6060606061E+000 -0.1195270697E-001
  0.6969696970E+000  0.6363636364E+000 -0.8054911786E-002
  0.6969696970E+000  0.6666666667E+000 -0.5565079018E-002
  0.6969696970E+000  0.6969696970E+000 -0.6756560654E-002
  0.6969696970E+000  0.7272727273E+000 -0.6180302448E-002
  0.6969696970E+000  0.7575757576E+000 -0.6118104749E-002
  0.6969696970E+000  0.7878787879E+000 -0.5751347878E-002
  0.6969696970E+000  0.8181818182E+000 -0.4779202394E-002
  0.6969696970E+000  0.8484848485E+000 -0.4066906012E-002
  0.6969696970E+000  0.8787878788E+000 -0.4865003857E-002
  0.6969696970E+000  0.9090909091E+000 -0.4096045685E-002
  0.6969696970E+000  0.9393939394E+000 -0.3995945435E-002
  0.6969696970E+000  0.9696969697E+000 -0.2014826484E-002
  0.6969696970E+000  0.1000000000E+001  0.0000000000E+000

  0.7272727273E+000  0.3030303030E-001  0.0000000000E+000
  0.7272727273E+000  0.6060606061E-001 -0.3226120560E-002
  0.7272727273E+000  0.9090909091E-001 -0.5818147168E-002
  0.7272727273E+000  0.1212121212E+000 -0.6255807895E-002
  0.7272727273E+000  0.1515151515E+000 -0.9086547117E-002
  0.7272727273E+000  0.1818181818E+000 -0.1048324845E-001
  0.7272727273E+000  0.2121212121E+000 -0.1002107269E-001
  0.7272727273E+000  0.2424242424E+000 -0.9933323891E-002
  0.7272727273E+000  0.2727272727E+000 -0.1186114706E-001
  0.7272727273E+000  0.3030303030E+000 -0.1197614720E-001
  0.7272727273E+000  0.3333333333E+000 -0.1150985481E-001
  0.7272727273E+000  0.3636363636E+000 -0.1446593144E-001
  0.7272727273E+000  0.3939393939E+000 -0.1661995314E-001
  0.7272727273E+000  0.4242424242E+000 -0.1916690554E-001
  0.7272727273E+000  0.4545454545E+000 -0.1976159851E-001
  0.7272727273E+000  0.4848484848E+000 -0.1971970173E-001
  0.7272727273E+000  0.5151515152E+000 -0.1751209348E-001
  0.7272727273E+000  0.5454545455E+000 -0.1642798602E-001
  0.7272727273E+000  0.5757575758E+000 -0.1440304175E-001
  0.7272727273E+000  0.6060606061E+000 -0.1163424131E-001
  0.7272727273E+000  0.6363636364E+000 -0.9409509528E-002
  0.7272727273E+000  0.6666666667E+000 -0.6005335156E-002
  0.7272727273E+000  0.6969696970E+000 -0.5708689591E-002
  0.7272727273E+000  0.7272727273E+000 -0.5792289465E-002
  0.7272727273E+000  0.7575757576E+000 -0.4490203129E-002
  0.7272727273E+000  0.7878787879E+000 -0.4983840625E-002
  0.7272727273E+000  0.8181818182E+000 -0.6294525860E-002
  0.7272727273E+000  0.8484848485E+000 -0.5058667100E-002
  0.7272727273E+000  0.8787878788E+000 -0.6596381642E-002
  0.7272727273E+000  0.9090909091E+000 -0.5624619810E-002
  0.7272727273E+000  0.9393939394E+000 -0.3391461697E-002
  0.7272727273E+000  0.9696969697E+000 -0.2057915979E-002
  0.7272727273E+000  0.1000000000E+001  0.0000000000E+000

  0.7575757576E+000  0.3030303030E-001  0.0000000000E+000
  0.7575757576E+000  0.6060606061E-001 -0.3415596100E-002
  0.7575757576E+000  0.9090909091E-001 -0.6179798818E-002
  0.7575757576E+000  0.1212121212E+000 -0.6281581008E-002
  0.7575757576E+000  0.1515151515E+000 -0.8065803373E-002
  0.7575757576E+000  0.1818181818E+000 -0.9618184479E-002
  0.7575757576E+000  0.2121212121E+000 -0.1044589686E-001
  0.7575757576E+000  0.2424242424E+000 -0.9729803350E-002
  0.7575757576E+000  0.2727272727E+000 -0.9345336900E-002
  0.7575757576E+000  0.3030303030E+000 -0.1041213149E-001
  0.7575757576E+000  0.3333333333E+000 -0.1058679684E-001
  0.7575757576E+000  0.3636363636E+000 -0.1306126843E-001
  0.7575757576E+000  0.3939393939E+000 -0.1472338541E-001
  0.7575757576E+000  0.4242424242E+000 -0.1647942807E-001
  0.7575757576E+000  0.4545454545E+000 -0.1716107148E-001
  0.7575757576E+000  0.4848484848E+000 -0.1726013980E-001
  0.7575757576E+000  0.5151515152E+000 -0.1587289070E-001
  0.7575757576E+000  0.5454545455E+000 -0.1522276032E-001
  0.7575757576E+000  0.5757575758E+000 -0.1422855551E-001
  0.7575757576E+000  0.6060606061E+000 -0.1109645259E-001
  0.7575757576E+000  0.6363636364E+000 -0.7565127557E-002
  0.7575757576E+000  0.6666666667E+000 -0.5976775279E-002
  0.7575757576E+000  0.6969696970E+000 -0.5628556713E-002
  0.7575757576E+000  0.7272727273E+000 -0.7528980272E-002
  0.7575757576E+000  0.7575757576E+000 -0.5489474400E-002
  0.7575757576E+000  0.7878787879E+000 -0.5623712478E-002
  0.7575757576E+000  0.8181818182E+000 -0.5865057163E-002
  0.7575757576E+000  0.8484848485E+000 -0.6774477509E-002
  0.7575757576E+000  0.8787878788E+000 -0.6729040420E-002
  0.7575757576E+000  0.9090909091E+000 -0.4147918033E-002
  0.7575757576E+000  0.9393939394E+000 -0.3936110884E-002
  0.7575757576E+000  0.9696969697E+000 -0.1783974909E-002
  0.7575757576E+000  0.1000000000E+001  0.0000000000E+000

  0.7878787879E+000  0.3030303030E-001  0.0000000000E+000
  0.7878787879E+000  0.6060606061E-001 -0.1569042150E-002
  0.7878787879E+000  0.9090909091E-001 -0.5706943109E-002
  0.7878787879E+000  0.1212121212E+000 -0.5426214588E-002
  0.7878787879E+000  0.1515151515E+000 -0.5390125181E-002
  0.7878787879E+000  0.1818181818E+000 -0.6542982129E-002
  0.7878787879E+000  0.2121212121E+000 -0.7702253749E-002
  0.7878787879E+000  0.2424242424E+000 -0.9683461298E-002
  0.7878787879E+000  0.2727272727E+000 -0.9767433284E-002
  0.7878787879E+000  0.3030303030E+000 -0.1057708351E-001
  0.7878787879E+000  0.3333333333E+000 -0.1079266707E-001
  0.7878787879E+000  0.3636363636E+000 -0.1135791528E-001
  0.7878787879E+000  0.3939393939E+000 -0.1391263263E-001
  0.7878787879E+000  0.4242424242E+000 -0.1357291976E-001
  0.7878787879E+000  0.4545454545E+000 -0.1572031282E-001
  0.7878787879E+000  0.4848484848E+000 -0.1590829366E-001
  0.7878787879E+000  0.5151515152E+000 -0.1574160936E-001
  0.7878787879E+000  0.5454545455E+000 -0.1532682251E-001
  0.7878787879E+000  0.5757575758E+000 -0.1372313477E-001
  0.7878787879E+000  0.6060606061E+000 -0.1071139449E-001
  0.7878787879E+000  0.6363636364E+000 -0.7705158060E-002
  0.7878787879E+000  0.6666666667E+000 -0.7623795733E-002
  0.7878787879E+000  0.6969696970E+000 -0.7978631864E-002
  0.7878787879E+000  0.7272727273E+000 -0.8549369154E-002
  0.7878787879E+000  0.7575757576E+000 -0.9067269868E-002
  0.7878787879E+000  0.7878787879E+000 -0.7501139828E-002
  0.7878787879E+000  0.8181818182E+000 -0.6461930436E-002
  0.7878787879E+000  0.8484848485E+000 -0.6429893171E-002
  0.7878787879E+000  0.8787878788E+000 -0.5422860467E-002
  0.7878787879E+000  0.9090909091E+000 -0.3383174822E-002
  0.7878787879E+000  0.9393939394E+000 -0.1662508079E-002
  0.7878787879E+000  0.9696969697E+000 -0.5631580381E-004
  0.7878787879E+000  0.1000000000E+001  0.0000000000E+000

  0.8181818182E+000  0.3030303030E-001  0.0000000000E+000
  0.8181818182E+000  0.6060606061E-001 -0.1171602130E-002
  0.8181818182E+000  0.9090909091E-001 -0.4957550369E-002
  0.8181818182E+000  0.1212121212E+000 -0.4467237970E-002
  0.8181818182E+000  0.1515151515E+000 -0.4364280917E-002
  0.8181818182E+000  0.1818181818E+000 -0.6502658972E-002
  0.8181818182E+000  0.2121212121E+000 -0.8670606945E-002
  0.8181818182E+000  0.2424242424E+000 -0.8622007687E-002
  0.8181818182E+000  0.2727272727E+000 -0.9504461060E-002
  0.8181818182E+000  0.3030303030E+000 -0.9449133678E-002
  0.8181818182E+000  0.3333333333E+000 -0.1037993873E-001
  0.8181818182E+000  0.3636363636E+000 -0.1018057419E-001
  0.8181818182E+000  0.3939393939E+000 -0.1152655338E-001
  0.8181818182E+000  0.4242424242E+000 -0.1221795075E-001
  0.8181818182E+000  0.4545454545E+000 -0.1198831001E-001
  0.8181818182E+000  0.4848484848E+000 -0.1253711462E-001
  0.8181818182E+000  0.5151515152E+000 -0.1169564273E-001
  0.8181818182E+000  0.5454545455E+000 -0.1302144459E-001
  0.8181818182E+000  0.5757575758E+000 -0.1225937431E-001
  0.8181818182E+000  0.6060606061E+000 -0.9948140525E-002
  0.8181818182E+000  0.6363636364E+000 -0.9400069723E-002
  0.8181818182E+000  0.6666666667E+000 -0.9094042211E-002
  0.8181818182E+000  0.6969696970E+000 -0.9046839784E-002
  0.8181818182E+000  0.7272727273E+000 -0.1005536674E-001
  0.8181818182E+000  0.7575757576E+000 -0.1036908742E-001
  0.8181818182E+000  0.7878787879E+000 -0.1024826651E-001
  0.8181818182E+000  0.8181818182E+000 -0.9760402404E-002
  0.8181818182E+000  0.8484848485E+000 -0.8653744190E-002
  0.8181818182E+000  0.8787878788E+000 -0.4998004909E-002
  0.8181818182E+000  0.9090909091E+000 -0.3777202900E-002
  0.8181818182E+000  0.9393939394E+000 -0.1660791246E-002
  0.8181818182E+000  0.9696969697E+000  0.1340745108E-003
  0.8181818182E+000  0.1000000000E+001  0.0000000000E+000

  0.8484848485E+000  0.3030303030E-001  0.0000000000E+000
  0.8484848485E+000  0.6060606061E-001 -0.1450171836E-002
  0.8484848485E+000  0.9090909091E-001 -0.3864748942E-002
  0.8484848485E+000  0.1212121212E+000 -0.5471450780E-002
  0.8484848485E+000  0.1515151515E+000 -0.5793423701E-002
  0.8484848485E+000  0.1818181818E+000 -0.6134625199E-002
  0.8484848485E+000  0.2121212121E+000 -0.8576261315E-002
  0.8484848485E+000  0.2424242424E+000 -0.8045067545E-002
  0.8484848485E+000  0.2727272727E+000 -0.9029141024E-002
  0.8484848485E+000  0.3030303030E+000 -0.8818543660E-002
  0.8484848485E+000  0.3333333333E+000 -0.7364305124E-002
  0.8484848485E+000  0.3636363636E+000 -0.7306848693E-002
  0.8484848485E+000  0.3939393939E+000 -0.8028458483E-002
  0.8484848485E+000  0.4242424242E+000 -0.7644182928E-002
  0.8484848485E+000  0.4545454545E+000 -0.1015059507E-001
  0.8484848485E+000  0.4848484848E+000 -0.1007916975E-001
  0.8484848485E+000  0.5151515152E+000 -0.9310724206E-002
  0.8484848485E+000  0.5454545455E+000 -0.9601788384E-002
  0.8484848485E+000  0.5757575758E+000 -0.9445931255E-002
  0.8484848485E+000  0.6060606061E+000 -0.1023297609E-001
  0.8484848485E+000  0.6363636364E+000 -0.9352608298E-002
  0.8484848485E+000  0.6666666667E+000 -0.8627144817E-002
  0.8484848485E+000  0.6969696970E+000 -0.9309206363E-002
  0.8484848485E+000  0.7272727273E+000 -0.1060169691E-001
  0.8484848485E+000  0.7575757576E+000 -0.9656323672E-002
  0.8484848485E+000  0.7878787879E+000 -0.9981357447E-002
  0.8484848485E+000  0.8181818182E+000 -0.9513948699E-002
  0.8484848485E+000  0.8484848485E+000 -0.8554725948E-002
  0.8484848485E+000  0.8787878788E+000 -0.6261265478E-002
  0.8484848485E+000  0.9090909091E+000 -0.3724942351E-002
  0.8484848485E+000  0.9393939394E+000 -0.3728934623E-002
  0.8484848485E+000  0.9696969697E+000 -0.1730978512E-002
  0.8484848485E+000  0.1000000000E+001  0.0000000000E+000

  0.8787878788E+000  0.3030303030E-001  0.0000000000E+000
  0.8787878788E+000  0.6060606061E-001 -0.1129880811E-002
  0.8787878788E+000  0.9090909091E-001 -0.2531578078E-002
  0.8787878788E+000  0.1212121212E+000 -0.3545299431E-002
  0.8787878788E+000  0.1515151515E+000 -0.5739272996E-002
  0.8787878788E+000  0.1818181818E+000 -0.6405947047E-002
  0.8787878788E+000  0.2121212121E+000 -0.6799114867E-002
  0.8787878788E+000  0.2424242424E+000 -0.6037020061E-002
  0.8787878788E+000  0.2727272727E+000 -0.6704809042E-002
  0.8787878788E+000  0.3030303030E+000 -0.7321091003E-002
  0.8787878788E+000  0.3333333333E+000 -0.6032244243E-002
  0.8787878788E+000  0.3636363636E+000 -0.5601263585E-002
  0.8787878788E+000  0.3939393939E+000 -0.4276746194E-002
  0.8787878788E+000  0.4242424242E+000 -0.4973449678E-002
  0.8787878788E+000  0.4545454545E+000 -0.6470499846E-002
  0.8787878788E+000  0.4848484848E+000 -0.6766150989E-002
  0.8787878788E+000  0.5151515152E+000 -0.6425200716E-002
  0.8787878788E+000  0.5454545455E+000 -0.7336862454E-002
  0.8787878788E+000  0.5757575758E+000 -0.6225318829E-002
  0.8787878788E+000  0.6060606061E+000 -0.7722196534E-002
  0.8787878788E+000  0.6363636364E+000 -0.5736637879E-002
  0.8787878788E+000  0.6666666667E+000 -0.6050500498E-002
  0.8787878788E+000  0.6969696970E+000 -0.7981217206E-002
  0.8787878788E+000  0.7272727273E+000 -0.8869354075E-002
  0.8787878788E+000  0.7575757576E+000 -0.8311174038E-002
  0.8787878788E+000  0.7878787879E+000 -0.8287709323E-002
  0.8787878788E+000  0.8181818182E+000 -0.6406761985E-002
  0.8787878788E+000  0.8484848485E+000 -0.6818356333E-002
  0.8787878788E+000  0.8787878788E+000 -0.5347648611E-002
  0.8787878788E+000  0.9090909091E+000 -0.5489519058E-002
  0.8787878788E+000  0.9393939394E+000 -0.3956776857E-002
  0.8787878788E+000  0.9696969697E+000 -0.1329856215E-002
  0.8787878788E+000  0.1000000000E+001  0.0000000000E+000

  0.9090909091E+000  0.3030303030E-001  0.0000000000E+000
  0.9090909091E+000  0.6060606061E-001  0.1524107516E-003
  0.9090909091E+000  0.9090909091E-001 -0.1848270868E-002
  0.9090909091E+000  0.1212121212E+000 -0.4371371972E-002
  0.9090909091E+000  0.1515151515E+000 -0.6095490382E-002
  0.9090909091E+000  0.1818181818E+000 -0.6040442585E-002
  0.9090909091E+000  0.2121212121E+000 -0.4402438500E-002
  0.9090909091E+000  0.2424242424E+000 -0.5184306219E-002
  0.9090909091E+000  0.2727272727E+000 -0.5288816967E-002
  0.9090909091E+000  0.3030303030E+000 -0.5591302975E-002
  0.9090909091E+000  0.3333333333E+000 -0.4002025918E-002
  0.9090909091E+000  0.3636363636E+000 -0.2856066198E-002
  0.9090909091E+000  0.3939393939E+000 -0.3057851855E-002
  0.9090909091E+000  0.4242424242E+000 -0.4665954988E-002
  0.9090909091E+000  0.4545454545E+000 -0.4737584630E-002
  0.9090909091E+000  0.4848484848E+000 -0.3506209846E-002
  0.9090909091E+000  0.5151515152E+000 -0.3802316510E-002
  0.9090909091E+000  0.5454545455E+000 -0.4624539015E-002
  0.9090909091E+000  0.5757575758E+000 -0.3234727183E-002
  0.9090909091E+000  0.6060606061E+000 -0.4173424910E-002
  0.9090909091E+000  0.6363636364E+000 -0.4429332821E-002
  0.9090909091E+000  0.6666666667E+000 -0.3511295281E-002
  0.9090909091E+000  0.6969696970E+000 -0.4214267815E-002
  0.9090909091E+000  0.7272727273E+000 -0.6548834688E-002
  0.9090909091E+000  0.7575757576E+000 -0.4779590691E-002
  0.9090909091E+000  0.7878787879E+000 -0.4557327534E-002
  0.9090909091E+000  0.8181818182E+000 -0.4115482259E-002
  0.9090909091E+000  0.8484848485E+000 -0.3321181769E-002
  0.9090909091E+000  0.8787878788E+000 -0.4238643042E-002
  0.9090909091E+000  0.9090909091E+000 -0.4836212448E-002
  0.9090909091E+000  0.9393939394E+000 -0.2777307757E-002
  0.9090909091E+000  0.9696969697E+000 -0.2231907863E-003
  0.9090909091E+000  0.1000000000E+001  0.0000000000E+000

  0.9393939394E+000  0.3030303030E-001  0.0000000000E+000
  0.9393939394E+000  0.6060606061E-001 -0.2301019584E-003
  0.9393939394E+000  0.9090909091E-001 -0.1631679788E-002
  0.9393939394E+000  0.1212121212E+000 -0.3795433050E-002
  0.9393939394E+000  0.1515151515E+000 -0.4606545133E-002
  0.9393939394E+000  0.1818181818E+000 -0.4872806773E-002
  0.9393939394E+000  0.2121212121E+000 -0.3995104060E-002
  0.9393939394E+000  0.2424242424E+000 -0.2483495484E-002
  0.9393939394E+000  0.2727272727E+000 -0.2967463862E-002
  0.9393939394E+000  0.3030303030E+000 -0.2546106355E-002
  0.9393939394E+000  0.3333333333E+000 -0.3188363881E-002
  0.9393939394E+000  0.3636363636E+000 -0.7304129940E-003
  0.9393939394E+000  0.3939393939E+000  0.2053372649E-004
  0.9393939394E+000  0.4242424242E+000 -0.2156147553E-002
  0.9393939394E+000  0.4545454545E+000 -0.3130851201E-002
  0.9393939394E+000  0.4848484848E+000 -0.1851448564E-002
  0.9393939394E+000  0.5151515152E+000 -0.1155027187E-002
  0.9393939394E+000  0.5454545455E+000 -0.9467915851E-003
  0.9393939394E+000  0.5757575758E+000 -0.2439139233E-002
  0.9393939394E+000  0.6060606061E+000 -0.2185246784E-002
  0.9393939394E+000  0.6363636364E+000 -0.3710094932E-002
  0.9393939394E+000  0.6666666667E+000 -0.4099689857E-002
  0.9393939394E+000  0.6969696970E+000 -0.2796533284E-002
  0.9393939394E+000  0.7272727273E+000 -0.4737930033E-002
  0.9393939394E+000  0.7575757576E+000 -0.2661131158E-002
  0.9393939394E+000  0.7878787879E+000 -0.2103395916E-002
  0.9393939394E+000  0.8181818182E+000 -0.7609559316E-003
  0.9393939394E+000  0.8484848485E+000 -0.1133370353E-002
  0.9393939394E+000  0.8787878788E+000 -0.1278024530E-002
  0.9393939394E+000  0.9090909091E+000 -0.2915864822E-002
  0.9393939394E+000  0.9393939394E+000 -0.1428320922E-002
  0.9393939394E+000  0.9696969697E+000 -0.5826415946E-005
  0.9393939394E+000  0.1000000000E+001  0.0000000000E+000

  0.9696969697E+000  0.3030303030E-001  0.0000000000E+000
  0.9696969697E+000  0.6060606061E-001 -0.7227844982E-003
  0.9696969697E+000  0.9090909091E-001 -0.1365166040E-002
  0.9696969697E+000  0.1212121212E+000 -0.2511426229E-002
  0.9696969697E+000  0.1515151515E+000 -0.3374604543E-002
  0.9696969697E+000  0.1818181818E+000 -0.2816839477E-002
  0.9696969697E+000  0.2121212121E+000 -0.1447739915E-002
  0.9696969697E+000  0.2424242424E+000 -0.1922746361E-002
  0.9696969697E+000  0.2727272727E+000 -0.5460201111E-003
  0.9696969697E+000  0.3030303030E+000 -0.1936025725E-002
  0.9696969697E+000  0.3333333333E+000 -0.6413158687E-003
  0.9696969697E+000  0.3636363636E+000  0.4499305664E-003
  0.9696969697E+000  0.3939393939E+000  0.1318549170E-002
  0.9696969697E+000  0.4242424242E+000  0.4364212254E-003
  0.9696969697E+000  0.4545454545E+000 -0.1510581833E-002
  0.9696969697E+000  0.4848484848E+000 -0.1487611564E-002
  0.9696969697E+000  0.5151515152E+000 -0.1455055649E-002
  0.9696969697E+000  0.5454545455E+000 -0.4375719780E-003
  0.9696969697E+000  0.5757575758E+000 -0.8045118034E-003
  0.9696969697E+000  0.6060606061E+000 -0.2537389792E-002
  0.9696969697E+000  0.6363636364E+000 -0.3113060044E-002
  0.9696969697E+000  0.6666666667E+000 -0.2606830093E-002
  0.9696969697E+000  0.6969696970E+000 -0.2695662237E-002
  0.9696969697E+000  0.7272727273E+000 -0.2113802000E-002
  0.9696969697E+000  0.7575757576E+000 -0.4101839802E-003
  0.9696969697E+000  0.7878787879E+000  0.2389797892E-004
  0.9696969697E+000  0.8181818182E+000 -0.2190995514E-003
  0.9696969697E+000  0.8484848485E+000 -0.1082647727E-002
  0.9696969697E+000  0.8787878788E+000 -0.1161012589E-002
  0.9696969697E+000  0.9090909091E+000 -0.2205425079E-003
  0.9696969697E+000  0.9393939394E+000 -0.1664382569E-002
  0.9696969697E+000  0.9696969697E+000 -0.1421280329E-002
  0.9696969697E+000  0.1000000000E+001  0.0000000000E+000

  0.1000000000E+001  0.3030303030E-001  0.0000000000E+000
  0.1000000000E+001  0.6060606061E-001  0.0000000000E+000
  0.1000000000E+001  0.9090909091E-001  0.0000000000E+000
  0.1000000000E+001  0.1212121212E+000  0.0000000000E+000
  0.1000000000E+001  0.1515151515E+000  0.0000000000E+000
  0.1000000000E+001  0.1818181818E+000  0.0000000000E+000
  0.1000000000E+001  0.2121212121E+000  0.0000000000E+000
  0.1000000000E+001  0.2424242424E+000  0.0000000000E+000
  0.1000000000E+001  0.2727272727E+000  0.0000000000E+000
  0.1000000000E+001  0.3030303030E+000  0.0000000000E+000
  0.1000000000E+001  0.3333333333E+000  0.0000000000E+000
  0.1000000000E+001  0.3636363636E+000  0.0000000000E+000
  0.1000000000E+001  0.3939393939E+000  0.0000000000E+000
  0.1000000000E+001  0.4242424242E+000  0.0000000000E+000
  0.1000000000E+001  0.4545454545E+000  0.0000000000E+000
  0.1000000000E+001  0.4848484848E+000  0.0000000000E+000
  0.1000000000E+001  0.5151515152E+000  0.0000000000E+000
  0.1000000000E+001  0.5454545455E+000  0.0000000000E+000
  0.1000000000E+001  0.5757575758E+000  0.0000000000E+000
  0.1000000000E+001  0.6060606061E+000  0.0000000000E+000
  0.1000000000E+001  0.6363636364E+000  0.0000000000E+000
  0.1000000000E+001  0.6666666667E+000  0.0000000000E+000
  0.1000000000E+001  0.6969696970E+000  0.0000000000E+000
  0.1000000000E+001  0.7272727273E+000  0.0000000000E+000
  0.1000000000E+001  0.7575757576E+000  0.0000000000E+000
  0.1000000000E+001  0.7878787879E+000  0.0000000000E+000
  0.1000000000E+001  0.8181818182E+000  0.0000000000E+000
  0.1000000000E+001  0.8484848485E+000  0.0000000000E+000
  0.1000000000E+001  0.8787878788E+000  0.0000000000E+000
  0.1000000000E+001  0.9090909091E+000  0.0000000000E+000
  0.1000000000E+001  0.9393939394E+000  0.0000000000E+000
  0.1000000000E+001  0.9696969697E+000  0.0000000000E+000
  0.1000000000E+001  0.1000000000E+001  0.0000000000E+000

