  0.3030303030E-001  0.3030303030E-001  0.0000000000E+000
  0.3030303030E-001  0.6060606061E-001  0.0000000000E+000
  0.3030303030E-001  0.9090909091E-001  0.0000000000E+000
  0.3030303030E-001  0.1212121212E+000  0.0000000000E+000
  0.3030303030E-001  0.1515151515E+000  0.0000000000E+000
  0.3030303030E-001  0.1818181818E+000  0.0000000000E+000
  0.3030303030E-001  0.2121212121E+000  0.0000000000E+000
  0.3030303030E-001  0.2424242424E+000  0.0000000000E+000
  0.3030303030E-001  0.2727272727E+000  0.0000000000E+000
  0.3030303030E-001  0.3030303030E+000  0.0000000000E+000
  0.3030303030E-001  0.3333333333E+000  0.0000000000E+000
  0.3030303030E-001  0.3636363636E+000  0.0000000000E+000
  0.3030303030E-001  0.3939393939E+000  0.0000000000E+000
  0.3030303030E-001  0.4242424242E+000  0.0000000000E+000
  0.3030303030E-001  0.4545454545E+000  0.0000000000E+000
  0.3030303030E-001  0.4848484848E+000  0.0000000000E+000
  0.3030303030E-001  0.5151515152E+000  0.0000000000E+000
  0.3030303030E-001  0.5454545455E+000  0.0000000000E+000
  0.3030303030E-001  0.5757575758E+000  0.0000000000E+000
  0.3030303030E-001  0.6060606061E+000  0.0000000000E+000
  0.3030303030E-001  0.6363636364E+000  0.0000000000E+000
  0.3030303030E-001  0.6666666667E+000  0.0000000000E+000
  0.3030303030E-001  0.6969696970E+000  0.0000000000E+000
  0.3030303030E-001  0.7272727273E+000  0.0000000000E+000
  0.3030303030E-001  0.7575757576E+000  0.0000000000E+000
  0.3030303030E-001  0.7878787879E+000  0.0000000000E+000
  0.3030303030E-001  0.8181818182E+000  0.0000000000E+000
  0.3030303030E-001  0.8484848485E+000  0.0000000000E+000
  0.3030303030E-001  0.8787878788E+000  0.0000000000E+000
  0.3030303030E-001  0.9090909091E+000  0.0000000000E+000
  0.3030303030E-001  0.9393939394E+000  0.0000000000E+000
  0.3030303030E-001  0.9696969697E+000  0.0000000000E+000
  0.3030303030E-001  0.1000000000E+001  0.0000000000E+000

  0.6060606061E-001  0.3030303030E-001  0.0000000000E+000
  0.6060606061E-001  0.6060606061E-001  0.5816135296E-005
  0.6060606061E-001  0.9090909091E-001  0.1026295797E-004
  0.6060606061E-001  0.1212121212E+000  0.1313839999E-004
  0.6060606061E-001  0.1515151515E+000  0.1513156980E-004
  0.6060606061E-001  0.1818181818E+000  0.1609386293E-004
  0.6060606061E-001  0.2121212121E+000  0.1767822074E-004
  0.6060606061E-001  0.2424242424E+000  0.2062421780E-004
  0.6060606061E-001  0.2727272727E+000  0.2453023057E-004
  0.6060606061E-001  0.3030303030E+000  0.2784680483E-004
  0.6060606061E-001  0.3333333333E+000  0.3053655378E-004
  0.6060606061E-001  0.3636363636E+000  0.3274026653E-004
  0.6060606061E-001  0.3939393939E+000  0.3537436961E-004
  0.6060606061E-001  0.4242424242E+000  0.3780785148E-004
  0.6060606061E-001  0.4545454545E+000  0.4030714879E-004
  0.6060606061E-001  0.4848484848E+000  0.4286285005E-004
  0.6060606061E-001  0.5151515152E+000  0.4445975773E-004
  0.6060606061E-001  0.5454545455E+000  0.4502331452E-004
  0.6060606061E-001  0.5757575758E+000  0.4424050498E-004
  0.6060606061E-001  0.6060606061E+000  0.4352878187E-004
  0.6060606061E-001  0.6363636364E+000  0.4189030008E-004
  0.6060606061E-001  0.6666666667E+000  0.4010374790E-004
  0.6060606061E-001  0.6969696970E+000  0.3858522167E-004
  0.6060606061E-001  0.7272727273E+000  0.3627611350E-004
  0.6060606061E-001  0.7575757576E+000  0.3401494500E-004
  0.6060606061E-001  0.7878787879E+000  0.3094235283E-004
  0.6060606061E-001  0.8181818182E+000  0.2748453932E-004
  0.6060606061E-001  0.8484848485E+000  0.2363306858E-004
  0.6060606061E-001  0.8787878788E+000  0.1916975777E-004
  0.6060606061E-001  0.9090909091E+000  0.1447387297E-004
  0.6060606061E-001  0.9393939394E+000  0.9768717981E-005
  0.6060606061E-001  0.9696969697E+000  0.4823196303E-005
  0.6060606061E-001  0.1000000000E+001  0.0000000000E+000

  0.9090909091E-001  0.3030303030E-001  0.0000000000E+000
  0.9090909091E-001  0.6060606061E-001  0.1040332583E-004
  0.9090909091E-001  0.9090909091E-001  0.1886920947E-004
  0.9090909091E-001  0.1212121212E+000  0.2529351630E-004
  0.9090909091E-001  0.1515151515E+000  0.2968492334E-004
  0.9090909091E-001  0.1818181818E+000  0.3256405873E-004
  0.9090909091E-001  0.2121212121E+000  0.3623967708E-004
  0.9090909091E-001  0.2424242424E+000  0.4180323281E-004
  0.9090909091E-001  0.2727272727E+000  0.4826433836E-004
  0.9090909091E-001  0.3030303030E+000  0.5430147911E-004
  0.9090909091E-001  0.3333333333E+000  0.5943450036E-004
  0.9090909091E-001  0.3636363636E+000  0.6404806902E-004
  0.9090909091E-001  0.3939393939E+000  0.6928107416E-004
  0.9090909091E-001  0.4242424242E+000  0.7417017869E-004
  0.9090909091E-001  0.4545454545E+000  0.7924379252E-004
  0.9090909091E-001  0.4848484848E+000  0.8394128183E-004
  0.9090909091E-001  0.5151515152E+000  0.8719999741E-004
  0.9090909091E-001  0.5454545455E+000  0.8868468045E-004
  0.9090909091E-001  0.5757575758E+000  0.8799333697E-004
  0.9090909091E-001  0.6060606061E+000  0.8659775340E-004
  0.9090909091E-001  0.6363636364E+000  0.8344258639E-004
  0.9090909091E-001  0.6666666667E+000  0.8016375479E-004
  0.9090909091E-001  0.6969696970E+000  0.7637292091E-004
  0.9090909091E-001  0.7272727273E+000  0.7160436739E-004
  0.9090909091E-001  0.7575757576E+000  0.6655514832E-004
  0.9090909091E-001  0.7878787879E+000  0.6017508706E-004
  0.9090909091E-001  0.8181818182E+000  0.5348203180E-004
  0.9090909091E-001  0.8484848485E+000  0.4620710201E-004
  0.9090909091E-001  0.8787878788E+000  0.3782853008E-004
  0.9090909091E-001  0.9090909091E+000  0.2889170464E-004
  0.9090909091E-001  0.9393939394E+000  0.2021375972E-004
  0.9090909091E-001  0.9696969697E+000  0.1037101432E-004
  0.9090909091E-001  0.1000000000E+001  0.0000000000E+000

  0.1212121212E+000  0.3030303030E-001  0.0000000000E+000
  0.1212121212E+000  0.6060606061E-001  0.1365785901E-004
  0.1212121212E+000  0.9090909091E-001  0.2582816394E-004
  0.1212121212E+000  0.1212121212E+000  0.3557814108E-004
  0.1212121212E+000  0.1515151515E+000  0.4285238314E-004
  0.1212121212E+000  0.1818181818E+000  0.4867908419E-004
  0.1212121212E+000  0.2121212121E+000  0.5526684133E-004
  0.1212121212E+000  0.2424242424E+000  0.6294119484E-004
  0.1212121212E+000  0.2727272727E+000  0.7168906750E-004
  0.1212121212E+000  0.3030303030E+000  0.8002362367E-004
  0.1212121212E+000  0.3333333333E+000  0.8733603600E-004
  0.1212121212E+000  0.3636363636E+000  0.9417862967E-004
  0.1212121212E+000  0.3939393939E+000  0.1014825316E-003
  0.1212121212E+000  0.4242424242E+000  0.1087116856E-003
  0.1212121212E+000  0.4545454545E+000  0.1157523500E-003
  0.1212121212E+000  0.4848484848E+000  0.1223737162E-003
  0.1212121212E+000  0.5151515152E+000  0.1275306554E-003
  0.1212121212E+000  0.5454545455E+000  0.1306136562E-003
  0.1212121212E+000  0.5757575758E+000  0.1311389543E-003
  0.1212121212E+000  0.6060606061E+000  0.1291422906E-003
  0.1212121212E+000  0.6363636364E+000  0.1249030984E-003
  0.1212121212E+000  0.6666666667E+000  0.1199655916E-003
  0.1212121212E+000  0.6969696970E+000  0.1139767219E-003
  0.1212121212E+000  0.7272727273E+000  0.1064888995E-003
  0.1212121212E+000  0.7575757576E+000  0.9821228154E-004
  0.1212121212E+000  0.7878787879E+000  0.8881432080E-004
  0.1212121212E+000  0.8181818182E+000  0.7885298268E-004
  0.1212121212E+000  0.8484848485E+000  0.6805856258E-004
  0.1212121212E+000  0.8787878788E+000  0.5585231473E-004
  0.1212121212E+000  0.9090909091E+000  0.4318981863E-004
  0.1212121212E+000  0.9393939394E+000  0.3014732031E-004
  0.1212121212E+000  0.9696969697E+000  0.1559956705E-004
  0.1212121212E+000  0.1000000000E+001  0.0000000000E+000

  0.1515151515E+000  0.3030303030E-001  0.0000000000E+000
  0.1515151515E+000  0.6060606061E-001  0.1590754008E-004
  0.1515151515E+000  0.9090909091E-001  0.3094658947E-004
  0.1515151515E+000  0.1212121212E+000  0.4383672894E-004
  0.1515151515E+000  0.1515151515E+000  0.5453310313E-004
  0.1515151515E+000  0.1818181818E+000  0.6450294866E-004
  0.1515151515E+000  0.2121212121E+000  0.7445137822E-004
  0.1515151515E+000  0.2424242424E+000  0.8432633963E-004
  0.1515151515E+000  0.2727272727E+000  0.9518689619E-004
  0.1515151515E+000  0.3030303030E+000  0.1052423101E-003
  0.1515151515E+000  0.3333333333E+000  0.1142531958E-003
  0.1515151515E+000  0.3636363636E+000  0.1233618577E-003
  0.1515151515E+000  0.3939393939E+000  0.1323650477E-003
  0.1515151515E+000  0.4242424242E+000  0.1415499513E-003
  0.1515151515E+000  0.4545454545E+000  0.1508992498E-003
  0.1515151515E+000  0.4848484848E+000  0.1598372302E-003
  0.1515151515E+000  0.5151515152E+000  0.1669940385E-003
  0.1515151515E+000  0.5454545455E+000  0.1717464912E-003
  0.1515151515E+000  0.5757575758E+000  0.1735728194E-003
  0.1515151515E+000  0.6060606061E+000  0.1715770087E-003
  0.1515151515E+000  0.6363636364E+000  0.1664487032E-003
  0.1515151515E+000  0.6666666667E+000  0.1597756038E-003
  0.1515151515E+000  0.6969696970E+000  0.1511585139E-003
  0.1515151515E+000  0.7272727273E+000  0.1410971558E-003
  0.1515151515E+000  0.7575757576E+000  0.1300743255E-003
  0.1515151515E+000  0.7878787879E+000  0.1177535531E-003
  0.1515151515E+000  0.8181818182E+000  0.1045986140E-003
  0.1515151515E+000  0.8484848485E+000  0.8989278584E-004
  0.1515151515E+000  0.8787878788E+000  0.7370762796E-004
  0.1515151515E+000  0.9090909091E+000  0.5684993285E-004
  0.1515151515E+000  0.9393939394E+000  0.3916018385E-004
  0.1515151515E+000  0.9696969697E+000  0.1992208111E-004
  0.1515151515E+000  0.1000000000E+001  0.0000000000E+000

  0.1818181818E+000  0.3030303030E-001  0.0000000000E+000
  0.1818181818E+000  0.6060606061E-001  0.1832646027E-004
  0.1818181818E+000  0.9090909091E-001  0.3609377005E-004
  0.1818181818E+000  0.1212121212E+000  0.5211964778E-004
  0.1818181818E+000  0.1515151515E+000  0.6637690279E-004
  0.1818181818E+000  0.1818181818E+000  0.8011728761E-004
  0.1818181818E+000  0.2121212121E+000  0.9302333865E-004
  0.1818181818E+000  0.2424242424E+000  0.1057465197E-003
  0.1818181818E+000  0.2727272727E+000  0.1185760538E-003
  0.1818181818E+000  0.3030303030E+000  0.1304974688E-003
  0.1818181818E+000  0.3333333333E+000  0.1416074848E-003
  0.1818181818E+000  0.3636363636E+000  0.1523182876E-003
  0.1818181818E+000  0.3939393939E+000  0.1633710460E-003
  0.1818181818E+000  0.4242424242E+000  0.1743423308E-003
  0.1818181818E+000  0.4545454545E+000  0.1850065768E-003
  0.1818181818E+000  0.4848484848E+000  0.1955723963E-003
  0.1818181818E+000  0.5151515152E+000  0.2041444052E-003
  0.1818181818E+000  0.5454545455E+000  0.2103166115E-003
  0.1818181818E+000  0.5757575758E+000  0.2136250461E-003
  0.1818181818E+000  0.6060606061E+000  0.2120359275E-003
  0.1818181818E+000  0.6363636364E+000  0.2059329696E-003
  0.1818181818E+000  0.6666666667E+000  0.1976981425E-003
  0.1818181818E+000  0.6969696970E+000  0.1868970186E-003
  0.1818181818E+000  0.7272727273E+000  0.1744200455E-003
  0.1818181818E+000  0.7575757576E+000  0.1607925535E-003
  0.1818181818E+000  0.7878787879E+000  0.1455052602E-003
  0.1818181818E+000  0.8181818182E+000  0.1289954309E-003
  0.1818181818E+000  0.8484848485E+000  0.1103755565E-003
  0.1818181818E+000  0.8787878788E+000  0.9040317203E-004
  0.1818181818E+000  0.9090909091E+000  0.6978741417E-004
  0.1818181818E+000  0.9393939394E+000  0.4797430366E-004
  0.1818181818E+000  0.9696969697E+000  0.2436251380E-004
  0.1818181818E+000  0.1000000000E+001  0.0000000000E+000

  0.2121212121E+000  0.3030303030E-001  0.0000000000E+000
  0.2121212121E+000  0.6060606061E-001  0.2055103468E-004
  0.2121212121E+000  0.9090909091E-001  0.4099114887E-004
  0.2121212121E+000  0.1212121212E+000  0.6035925838E-004
  0.2121212121E+000  0.1515151515E+000  0.7845779845E-004
  0.2121212121E+000  0.1818181818E+000  0.9525390782E-004
  0.2121212121E+000  0.2121212121E+000  0.1114373455E-003
  0.2121212121E+000  0.2424242424E+000  0.1270660804E-003
  0.2121212121E+000  0.2727272727E+000  0.1421876604E-003
  0.2121212121E+000  0.3030303030E+000  0.1565788118E-003
  0.2121212121E+000  0.3333333333E+000  0.1695937350E-003
  0.2121212121E+000  0.3636363636E+000  0.1822881013E-003
  0.2121212121E+000  0.3939393939E+000  0.1950769442E-003
  0.2121212121E+000  0.4242424242E+000  0.2079400808E-003
  0.2121212121E+000  0.4545454545E+000  0.2201551551E-003
  0.2121212121E+000  0.4848484848E+000  0.2316723859E-003
  0.2121212121E+000  0.5151515152E+000  0.2413821637E-003
  0.2121212121E+000  0.5454545455E+000  0.2484315974E-003
  0.2121212121E+000  0.5757575758E+000  0.2520799962E-003
  0.2121212121E+000  0.6060606061E+000  0.2504608809E-003
  0.2121212121E+000  0.6363636364E+000  0.2439027185E-003
  0.2121212121E+000  0.6666666667E+000  0.2343202677E-003
  0.2121212121E+000  0.6969696970E+000  0.2219210776E-003
  0.2121212121E+000  0.7272727273E+000  0.2071035313E-003
  0.2121212121E+000  0.7575757576E+000  0.1910505192E-003
  0.2121212121E+000  0.7878787879E+000  0.1732956955E-003
  0.2121212121E+000  0.8181818182E+000  0.1533364799E-003
  0.2121212121E+000  0.8484848485E+000  0.1308224830E-003
  0.2121212121E+000  0.8787878788E+000  0.1066180648E-003
  0.2121212121E+000  0.9090909091E+000  0.8159810534E-004
  0.2121212121E+000  0.9393939394E+000  0.5578899162E-004
  0.2121212121E+000  0.9696969697E+000  0.2853784913E-004
  0.2121212121E+000  0.1000000000E+001  0.0000000000E+000

  0.2424242424E+000  0.3030303030E-001  0.0000000000E+000
  0.2424242424E+000  0.6060606061E-001  0.2319619896E-004
  0.2424242424E+000  0.9090909091E-001  0.4643786279E-004
  0.2424242424E+000  0.1212121212E+000  0.6904503556E-004
  0.2424242424E+000  0.1515151515E+000  0.9052117447E-004
  0.2424242424E+000  0.1818181818E+000  0.1111620989E-003
  0.2424242424E+000  0.2121212121E+000  0.1305767658E-003
  0.2424242424E+000  0.2424242424E+000  0.1486638593E-003
  0.2424242424E+000  0.2727272727E+000  0.1666389676E-003
  0.2424242424E+000  0.3030303030E+000  0.1832611887E-003
  0.2424242424E+000  0.3333333333E+000  0.1988142633E-003
  0.2424242424E+000  0.3636363636E+000  0.2139339958E-003
  0.2424242424E+000  0.3939393939E+000  0.2290636330E-003
  0.2424242424E+000  0.4242424242E+000  0.2437792836E-003
  0.2424242424E+000  0.4545454545E+000  0.2575954942E-003
  0.2424242424E+000  0.4848484848E+000  0.2703278161E-003
  0.2424242424E+000  0.5151515152E+000  0.2803328722E-003
  0.2424242424E+000  0.5454545455E+000  0.2871542510E-003
  0.2424242424E+000  0.5757575758E+000  0.2898389899E-003
  0.2424242424E+000  0.6060606061E+000  0.2875673274E-003
  0.2424242424E+000  0.6363636364E+000  0.2803149634E-003
  0.2424242424E+000  0.6666666667E+000  0.2690888074E-003
  0.2424242424E+000  0.6969696970E+000  0.2554588391E-003
  0.2424242424E+000  0.7272727273E+000  0.2392633640E-003
  0.2424242424E+000  0.7575757576E+000  0.2212993546E-003
  0.2424242424E+000  0.7878787879E+000  0.2006142002E-003
  0.2424242424E+000  0.8181818182E+000  0.1766313624E-003
  0.2424242424E+000  0.8484848485E+000  0.1502175035E-003
  0.2424242424E+000  0.8787878788E+000  0.1220350226E-003
  0.2424242424E+000  0.9090909091E+000  0.9282934212E-004
  0.2424242424E+000  0.9393939394E+000  0.6266760473E-004
  0.2424242424E+000  0.9696969697E+000  0.3184781876E-004
  0.2424242424E+000  0.1000000000E+001  0.0000000000E+000

  0.2727272727E+000  0.3030303030E-001  0.0000000000E+000
  0.2727272727E+000  0.6060606061E-001  0.2571045844E-004
  0.2727272727E+000  0.9090909091E-001  0.5214182589E-004
  0.2727272727E+000  0.1212121212E+000  0.7813697444E-004
  0.2727272727E+000  0.1515151515E+000  0.1031221120E-003
  0.2727272727E+000  0.1818181818E+000  0.1269588653E-003
  0.2727272727E+000  0.2121212121E+000  0.1494700349E-003
  0.2727272727E+000  0.2424242424E+000  0.1707563010E-003
  0.2727272727E+000  0.2727272727E+000  0.1917090970E-003
  0.2727272727E+000  0.3030303030E+000  0.2110833529E-003
  0.2727272727E+000  0.3333333333E+000  0.2298613104E-003
  0.2727272727E+000  0.3636363636E+000  0.2480349455E-003
  0.2727272727E+000  0.3939393939E+000  0.2658298281E-003
  0.2727272727E+000  0.4242424242E+000  0.2828792512E-003
  0.2727272727E+000  0.4545454545E+000  0.2983117644E-003
  0.2727272727E+000  0.4848484848E+000  0.3116907193E-003
  0.2727272727E+000  0.5151515152E+000  0.3221018134E-003
  0.2727272727E+000  0.5454545455E+000  0.3282528542E-003
  0.2727272727E+000  0.5757575758E+000  0.3289797580E-003
  0.2727272727E+000  0.6060606061E+000  0.3244475750E-003
  0.2727272727E+000  0.6363636364E+000  0.3157112254E-003
  0.2727272727E+000  0.6666666667E+000  0.3029594506E-003
  0.2727272727E+000  0.6969696970E+000  0.2881256663E-003
  0.2727272727E+000  0.7272727273E+000  0.2704470507E-003
  0.2727272727E+000  0.7575757576E+000  0.2502431313E-003
  0.2727272727E+000  0.7878787879E+000  0.2263931240E-003
  0.2727272727E+000  0.8181818182E+000  0.1985617008E-003
  0.2727272727E+000  0.8484848485E+000  0.1683950594E-003
  0.2727272727E+000  0.8787878788E+000  0.1363349719E-003
  0.2727272727E+000  0.9090909091E+000  0.1033399802E-003
  0.2727272727E+000  0.9393939394E+000  0.6883290286E-004
  0.2727272727E+000  0.9696969697E+000  0.3443482582E-004
  0.2727272727E+000  0.1000000000E+001  0.0000000000E+000

  0.3030303030E+000  0.3030303030E-001  0.0000000000E+000
  0.3030303030E+000  0.6060606061E-001  0.2878563626E-004
  0.3030303030E+000  0.9090909091E-001  0.5820088712E-004
  0.3030303030E+000  0.1212121212E+000  0.8768495391E-004
  0.3030303030E+000  0.1515151515E+000  0.1161643002E-003
  0.3030303030E+000  0.1818181818E+000  0.1430057002E-003
  0.3030303030E+000  0.2121212121E+000  0.1683268572E-003
  0.3030303030E+000  0.2424242424E+000  0.1928281840E-003
  0.3030303030E+000  0.2727272727E+000  0.2169008730E-003
  0.3030303030E+000  0.3030303030E+000  0.2396199523E-003
  0.3030303030E+000  0.3333333333E+000  0.2617429696E-003
  0.3030303030E+000  0.3636363636E+000  0.2834854095E-003
  0.3030303030E+000  0.3939393939E+000  0.3040133635E-003
  0.3030303030E+000  0.4242424242E+000  0.3237768400E-003
  0.3030303030E+000  0.4545454545E+000  0.3415163934E-003
  0.3030303030E+000  0.4848484848E+000  0.3555519291E-003
  0.3030303030E+000  0.5151515152E+000  0.3660097442E-003
  0.3030303030E+000  0.5454545455E+000  0.3705448637E-003
  0.3030303030E+000  0.5757575758E+000  0.3686529234E-003
  0.3030303030E+000  0.6060606061E+000  0.3618011380E-003
  0.3030303030E+000  0.6363636364E+000  0.3509364101E-003
  0.3030303030E+000  0.6666666667E+000  0.3365384856E-003
  0.3030303030E+000  0.6969696970E+000  0.3200038383E-003
  0.3030303030E+000  0.7272727273E+000  0.3006280553E-003
  0.3030303030E+000  0.7575757576E+000  0.2782022989E-003
  0.3030303030E+000  0.7878787879E+000  0.2513414666E-003
  0.3030303030E+000  0.8181818182E+000  0.2199916243E-003
  0.3030303030E+000  0.8484848485E+000  0.1856680063E-003
  0.3030303030E+000  0.8787878788E+000  0.1497670293E-003
  0.3030303030E+000  0.9090909091E+000  0.1131280470E-003
  0.3030303030E+000  0.9393939394E+000  0.7520553439E-004
  0.3030303030E+000  0.9696969697E+000  0.3731695386E-004
  0.3030303030E+000  0.1000000000E+001  0.0000000000E+000

  0.3333333333E+000  0.3030303030E-001  0.0000000000E+000
  0.3333333333E+000  0.6060606061E-001  0.3184527727E-004
  0.3333333333E+000  0.9090909091E-001  0.6437683402E-004
  0.3333333333E+000  0.1212121212E+000  0.9720330468E-004
  0.3333333333E+000  0.1515151515E+000  0.1285759764E-003
  0.3333333333E+000  0.1818181818E+000  0.1584442562E-003
  0.3333333333E+000  0.2121212121E+000  0.1868020190E-003
  0.3333333333E+000  0.2424242424E+000  0.2145293975E-003
  0.3333333333E+000  0.2727272727E+000  0.2416514216E-003
  0.3333333333E+000  0.3030303030E+000  0.2683341109E-003
  0.3333333333E+000  0.3333333333E+000  0.2943068607E-003
  0.3333333333E+000  0.3636363636E+000  0.3197757598E-003
  0.3333333333E+000  0.3939393939E+000  0.3434192404E-003
  0.3333333333E+000  0.4242424242E+000  0.3656947644E-003
  0.3333333333E+000  0.4545454545E+000  0.3854241810E-003
  0.3333333333E+000  0.4848484848E+000  0.4001755108E-003
  0.3333333333E+000  0.5151515152E+000  0.4100022986E-003
  0.3333333333E+000  0.5454545455E+000  0.4131165999E-003
  0.3333333333E+000  0.5757575758E+000  0.4091254458E-003
  0.3333333333E+000  0.6060606061E+000  0.3998294565E-003
  0.3333333333E+000  0.6363636364E+000  0.3870310029E-003
  0.3333333333E+000  0.6666666667E+000  0.3707637233E-003
  0.3333333333E+000  0.6969696970E+000  0.3520865204E-003
  0.3333333333E+000  0.7272727273E+000  0.3304815672E-003
  0.3333333333E+000  0.7575757576E+000  0.3055293253E-003
  0.3333333333E+000  0.7878787879E+000  0.2754803306E-003
  0.3333333333E+000  0.8181818182E+000  0.2412788413E-003
  0.3333333333E+000  0.8484848485E+000  0.2032702475E-003
  0.3333333333E+000  0.8787878788E+000  0.1632909604E-003
  0.3333333333E+000  0.9090909091E+000  0.1224431494E-003
  0.3333333333E+000  0.9393939394E+000  0.8149646859E-004
  0.3333333333E+000  0.9696969697E+000  0.4047975610E-004
  0.3333333333E+000  0.1000000000E+001  0.0000000000E+000

  0.3636363636E+000  0.3030303030E-001  0.0000000000E+000
  0.3636363636E+000  0.6060606061E-001  0.3521384106E-004
  0.3636363636E+000  0.9090909091E-001  0.7135256313E-004
  0.3636363636E+000  0.1212121212E+000  0.1074091162E-003
  0.3636363636E+000  0.1515151515E+000  0.1419356670E-003
  0.3636363636E+000  0.1818181818E+000  0.1742246175E-003
  0.3636363636E+000  0.2121212121E+000  0.2055126387E-003
  0.3636363636E+000  0.2424242424E+000  0.2359845811E-003
  0.3636363636E+000  0.2727272727E+000  0.2659404127E-003
  0.3636363636E+000  0.3030303030E+000  0.2961544401E-003
  0.3636363636E+000  0.3333333333E+000  0.3262415149E-003
  0.3636363636E+000  0.3636363636E+000  0.3555893810E-003
  0.3636363636E+000  0.3939393939E+000  0.3826062004E-003
  0.3636363636E+000  0.4242424242E+000  0.4074857581E-003
  0.3636363636E+000  0.4545454545E+000  0.4286029465E-003
  0.3636363636E+000  0.4848484848E+000  0.4435944617E-003
  0.3636363636E+000  0.5151515152E+000  0.4524775027E-003
  0.3636363636E+000  0.5454545455E+000  0.4541896960E-003
  0.3636363636E+000  0.5757575758E+000  0.4486046742E-003
  0.3636363636E+000  0.6060606061E+000  0.4373340303E-003
  0.3636363636E+000  0.6363636364E+000  0.4226353715E-003
  0.3636363636E+000  0.6666666667E+000  0.4048099758E-003
  0.3636363636E+000  0.6969696970E+000  0.3839930410E-003
  0.3636363636E+000  0.7272727273E+000  0.3596222754E-003
  0.3636363636E+000  0.7575757576E+000  0.3316037629E-003
  0.3636363636E+000  0.7878787879E+000  0.2985113149E-003
  0.3636363636E+000  0.8181818182E+000  0.2610640070E-003
  0.3636363636E+000  0.8484848485E+000  0.2199101844E-003
  0.3636363636E+000  0.8787878788E+000  0.1765418697E-003
  0.3636363636E+000  0.9090909091E+000  0.1317158894E-003
  0.3636363636E+000  0.9393939394E+000  0.8740187745E-004
  0.3636363636E+000  0.9696969697E+000  0.4354322786E-004
  0.3636363636E+000  0.1000000000E+001  0.0000000000E+000

  0.3939393939E+000  0.3030303030E-001  0.0000000000E+000
  0.3939393939E+000  0.6060606061E-001  0.3878805689E-004
  0.3939393939E+000  0.9090909091E-001  0.7867228042E-004
  0.3939393939E+000  0.1212121212E+000  0.1186696590E-003
  0.3939393939E+000  0.1515151515E+000  0.1563901434E-003
  0.3939393939E+000  0.1818181818E+000  0.1918675964E-003
  0.3939393939E+000  0.2121212121E+000  0.2260244664E-003
  0.3939393939E+000  0.2424242424E+000  0.2591890586E-003
  0.3939393939E+000  0.2727272727E+000  0.2916974786E-003
  0.3939393939E+000  0.3030303030E+000  0.3247332235E-003
  0.3939393939E+000  0.3333333333E+000  0.3580515891E-003
  0.3939393939E+000  0.3636363636E+000  0.3901960691E-003
  0.3939393939E+000  0.3939393939E+000  0.4205330026E-003
  0.3939393939E+000  0.4242424242E+000  0.4472875116E-003
  0.3939393939E+000  0.4545454545E+000  0.4693684756E-003
  0.3939393939E+000  0.4848484848E+000  0.4847929247E-003
  0.3939393939E+000  0.5151515152E+000  0.4925068961E-003
  0.3939393939E+000  0.5454545455E+000  0.4928342315E-003
  0.3939393939E+000  0.5757575758E+000  0.4861178332E-003
  0.3939393939E+000  0.6060606061E+000  0.4733858317E-003
  0.3939393939E+000  0.6363636364E+000  0.4567820770E-003
  0.3939393939E+000  0.6666666667E+000  0.4366246539E-003
  0.3939393939E+000  0.6969696970E+000  0.4136187062E-003
  0.3939393939E+000  0.7272727273E+000  0.3867753544E-003
  0.3939393939E+000  0.7575757576E+000  0.3556785781E-003
  0.3939393939E+000  0.7878787879E+000  0.3196690973E-003
  0.3939393939E+000  0.8181818182E+000  0.2791547500E-003
  0.3939393939E+000  0.8484848485E+000  0.2353010302E-003
  0.3939393939E+000  0.8787878788E+000  0.1889378785E-003
  0.3939393939E+000  0.9090909091E+000  0.1404131635E-003
  0.3939393939E+000  0.9393939394E+000  0.9236255461E-004
  0.3939393939E+000  0.9696969697E+000  0.4567061307E-004
  0.3939393939E+000  0.1000000000E+001  0.0000000000E+000

  0.4242424242E+000  0.3030303030E-001  0.0000000000E+000
  0.4242424242E+000  0.6060606061E-001  0.4330573769E-004
  0.4242424242E+000  0.9090909091E-001  0.8724713891E-004
  0.4242424242E+000  0.1212121212E+000  0.1311724592E-003
  0.4242424242E+000  0.1515151515E+000  0.1724217565E-003
  0.4242424242E+000  0.1818181818E+000  0.2111443090E-003
  0.4242424242E+000  0.2121212121E+000  0.2480862222E-003
  0.4242424242E+000  0.2424242424E+000  0.2837247736E-003
  0.4242424242E+000  0.2727272727E+000  0.3186690296E-003
  0.4242424242E+000  0.3030303030E+000  0.3536288136E-003
  0.4242424242E+000  0.3333333333E+000  0.3887981666E-003
  0.4242424242E+000  0.3636363636E+000  0.4233145691E-003
  0.4242424242E+000  0.3939393939E+000  0.4561649375E-003
  0.4242424242E+000  0.4242424242E+000  0.4846762289E-003
  0.4242424242E+000  0.4545454545E+000  0.5070938989E-003
  0.4242424242E+000  0.4848484848E+000  0.5220435290E-003
  0.4242424242E+000  0.5151515152E+000  0.5286058097E-003
  0.4242424242E+000  0.5454545455E+000  0.5273300267E-003
  0.4242424242E+000  0.5757575758E+000  0.5196191208E-003
  0.4242424242E+000  0.6060606061E+000  0.5054768182E-003
  0.4242424242E+000  0.6363636364E+000  0.4872233908E-003
  0.4242424242E+000  0.6666666667E+000  0.4651339500E-003
  0.4242424242E+000  0.6969696970E+000  0.4397794148E-003
  0.4242424242E+000  0.7272727273E+000  0.4106093903E-003
  0.4242424242E+000  0.7575757576E+000  0.3767798308E-003
  0.4242424242E+000  0.7878787879E+000  0.3378737722E-003
  0.4242424242E+000  0.8181818182E+000  0.2943628365E-003
  0.4242424242E+000  0.8484848485E+000  0.2482024698E-003
  0.4242424242E+000  0.8787878788E+000  0.1994627205E-003
  0.4242424242E+000  0.9090909091E+000  0.1480079691E-003
  0.4242424242E+000  0.9393939394E+000  0.9681418542E-004
  0.4242424242E+000  0.9696969697E+000  0.4774829337E-004
  0.4242424242E+000  0.1000000000E+001  0.0000000000E+000

  0.4545454545E+000  0.3030303030E-001  0.0000000000E+000
  0.4545454545E+000  0.6060606061E-001  0.4868190513E-004
  0.4545454545E+000  0.9090909091E-001  0.9669978956E-004
  0.4545454545E+000  0.1212121212E+000  0.1436093478E-003
  0.4545454545E+000  0.1515151515E+000  0.1877263824E-003
  0.4545454545E+000  0.1818181818E+000  0.2296733753E-003
  0.4545454545E+000  0.2121212121E+000  0.2698351014E-003
  0.4545454545E+000  0.2424242424E+000  0.3086968925E-003
  0.4545454545E+000  0.2727272727E+000  0.3460873463E-003
  0.4545454545E+000  0.3030303030E+000  0.3828965433E-003
  0.4545454545E+000  0.3333333333E+000  0.4194656323E-003
  0.4545454545E+000  0.3636363636E+000  0.4553268769E-003
  0.4545454545E+000  0.3939393939E+000  0.4892754321E-003
  0.4545454545E+000  0.4242424242E+000  0.5181908756E-003
  0.4545454545E+000  0.4545454545E+000  0.5399626450E-003
  0.4545454545E+000  0.4848484848E+000  0.5539946143E-003
  0.4545454545E+000  0.5151515152E+000  0.5594562608E-003
  0.4545454545E+000  0.5454545455E+000  0.5571474962E-003
  0.4545454545E+000  0.5757575758E+000  0.5480063329E-003
  0.4545454545E+000  0.6060606061E+000  0.5322670597E-003
  0.4545454545E+000  0.6363636364E+000  0.5119588348E-003
  0.4545454545E+000  0.6666666667E+000  0.4877849720E-003
  0.4545454545E+000  0.6969696970E+000  0.4608637935E-003
  0.4545454545E+000  0.7272727273E+000  0.4297625983E-003
  0.4545454545E+000  0.7575757576E+000  0.3936107204E-003
  0.4545454545E+000  0.7878787879E+000  0.3527077798E-003
  0.4545454545E+000  0.8181818182E+000  0.3069281711E-003
  0.4545454545E+000  0.8484848485E+000  0.2587172555E-003
  0.4545454545E+000  0.8787878788E+000  0.2079290005E-003
  0.4545454545E+000  0.9090909091E+000  0.1546607735E-003
  0.4545454545E+000  0.9393939394E+000  0.1008910887E-003
  0.4545454545E+000  0.9696969697E+000  0.4959624355E-004
  0.4545454545E+000  0.1000000000E+001  0.0000000000E+000

  0.4848484848E+000  0.3030303030E-001  0.0000000000E+000
  0.4848484848E+000  0.6060606061E-001  0.5376817579E-004
  0.4848484848E+000  0.9090909091E-001  0.1058660175E-003
  0.4848484848E+000  0.1212121212E+000  0.1553588731E-003
  0.4848484848E+000  0.1515151515E+000  0.2021471213E-003
  0.4848484848E+000  0.1818181818E+000  0.2472516680E-003
  0.4848484848E+000  0.2121212121E+000  0.2908246733E-003
  0.4848484848E+000  0.2424242424E+000  0.3329984709E-003
  0.4848484848E+000  0.2727272727E+000  0.3732441436E-003
  0.4848484848E+000  0.3030303030E+000  0.4122523489E-003
  0.4848484848E+000  0.3333333333E+000  0.4496979804E-003
  0.4848484848E+000  0.3636363636E+000  0.4856373176E-003
  0.4848484848E+000  0.3939393939E+000  0.5189023357E-003
  0.4848484848E+000  0.4242424242E+000  0.5473114174E-003
  0.4848484848E+000  0.4545454545E+000  0.5682481337E-003
  0.4848484848E+000  0.4848484848E+000  0.5815071355E-003
  0.4848484848E+000  0.5151515152E+000  0.5863001816E-003
  0.4848484848E+000  0.5454545455E+000  0.5825442266E-003
  0.4848484848E+000  0.5757575758E+000  0.5715881631E-003
  0.4848484848E+000  0.6060606061E+000  0.5540377355E-003
  0.4848484848E+000  0.6363636364E+000  0.5316496994E-003
  0.4848484848E+000  0.6666666667E+000  0.5057388239E-003
  0.4848484848E+000  0.6969696970E+000  0.4769060301E-003
  0.4848484848E+000  0.7272727273E+000  0.4443346909E-003
  0.4848484848E+000  0.7575757576E+000  0.4065427060E-003
  0.4848484848E+000  0.7878787879E+000  0.3637034962E-003
  0.4848484848E+000  0.8181818182E+000  0.3160500422E-003
  0.4848484848E+000  0.8484848485E+000  0.2656236183E-003
  0.4848484848E+000  0.8787878788E+000  0.2133229814E-003
  0.4848484848E+000  0.9090909091E+000  0.1590295867E-003
  0.4848484848E+000  0.9393939394E+000  0.1041252759E-003
  0.4848484848E+000  0.9696969697E+000  0.5130942425E-004
  0.4848484848E+000  0.1000000000E+001  0.0000000000E+000

  0.5151515152E+000  0.3030303030E-001  0.0000000000E+000
  0.5151515152E+000  0.6060606061E-001  0.5787447951E-004
  0.5151515152E+000  0.9090909091E-001  0.1134858617E-003
  0.5151515152E+000  0.1212121212E+000  0.1661139751E-003
  0.5151515152E+000  0.1515151515E+000  0.2158606785E-003
  0.5151515152E+000  0.1818181818E+000  0.2641128171E-003
  0.5151515152E+000  0.2121212121E+000  0.3106189331E-003
  0.5151515152E+000  0.2424242424E+000  0.3561122541E-003
  0.5151515152E+000  0.2727272727E+000  0.3991066444E-003
  0.5151515152E+000  0.3030303030E+000  0.4396920149E-003
  0.5151515152E+000  0.3333333333E+000  0.4776466210E-003
  0.5151515152E+000  0.3636363636E+000  0.5131360708E-003
  0.5151515152E+000  0.3939393939E+000  0.5451085597E-003
  0.5151515152E+000  0.4242424242E+000  0.5724284619E-003
  0.5151515152E+000  0.4545454545E+000  0.5927036038E-003
  0.5151515152E+000  0.4848484848E+000  0.6049201100E-003
  0.5151515152E+000  0.5151515152E+000  0.6089873771E-003
  0.5151515152E+000  0.5454545455E+000  0.6041912777E-003
  0.5151515152E+000  0.5757575758E+000  0.5916343384E-003
  0.5151515152E+000  0.6060606061E+000  0.5718364659E-003
  0.5151515152E+000  0.6363636364E+000  0.5470641509E-003
  0.5151515152E+000  0.6666666667E+000  0.5193330572E-003
  0.5151515152E+000  0.6969696970E+000  0.4885553228E-003
  0.5151515152E+000  0.7272727273E+000  0.4540491351E-003
  0.5151515152E+000  0.7575757576E+000  0.4145347982E-003
  0.5151515152E+000  0.7878787879E+000  0.3699058220E-003
  0.5151515152E+000  0.8181818182E+000  0.3205687918E-003
  0.5151515152E+000  0.8484848485E+000  0.2691557930E-003
  0.5151515152E+000  0.8787878788E+000  0.2164563945E-003
  0.5151515152E+000  0.9090909091E+000  0.1620278666E-003
  0.5151515152E+000  0.9393939394E+000  0.1066761947E-003
  0.5151515152E+000  0.9696969697E+000  0.5277192055E-004
  0.5151515152E+000  0.1000000000E+001  0.0000000000E+000

  0.5454545455E+000  0.3030303030E-001  0.0000000000E+000
  0.5454545455E+000  0.6060606061E-001  0.6056319523E-004
  0.5454545455E+000  0.9090909091E-001  0.1192961843E-003
  0.5454545455E+000  0.1212121212E+000  0.1749277251E-003
  0.5454545455E+000  0.1515151515E+000  0.2278902688E-003
  0.5454545455E+000  0.1818181818E+000  0.2785190034E-003
  0.5454545455E+000  0.2121212121E+000  0.3278673362E-003
  0.5454545455E+000  0.2424242424E+000  0.3757121935E-003
  0.5454545455E+000  0.2727272727E+000  0.4207876678E-003
  0.5454545455E+000  0.3030303030E+000  0.4627622464E-003
  0.5454545455E+000  0.3333333333E+000  0.5010932313E-003
  0.5454545455E+000  0.3636363636E+000  0.5357762303E-003
  0.5454545455E+000  0.3939393939E+000  0.5667902736E-003
  0.5454545455E+000  0.4242424242E+000  0.5926846564E-003
  0.5454545455E+000  0.4545454545E+000  0.6117309460E-003
  0.5454545455E+000  0.4848484848E+000  0.6231150518E-003
  0.5454545455E+000  0.5151515152E+000  0.6260548308E-003
  0.5454545455E+000  0.5454545455E+000  0.6200898917E-003
  0.5454545455E+000  0.5757575758E+000  0.6057260485E-003
  0.5454545455E+000  0.6060606061E+000  0.5837830065E-003
  0.5454545455E+000  0.6363636364E+000  0.5573859306E-003
  0.5454545455E+000  0.6666666667E+000  0.5277362570E-003
  0.5454545455E+000  0.6969696970E+000  0.4950082506E-003
  0.5454545455E+000  0.7272727273E+000  0.4585747895E-003
  0.5454545455E+000  0.7575757576E+000  0.4182965872E-003
  0.5454545455E+000  0.7878787879E+000  0.3730819995E-003
  0.5454545455E+000  0.8181818182E+000  0.3229262359E-003
  0.5454545455E+000  0.8484848485E+000  0.2710728404E-003
  0.5454545455E+000  0.8787878788E+000  0.2180741809E-003
  0.5454545455E+000  0.9090909091E+000  0.1636634547E-003
  0.5454545455E+000  0.9393939394E+000  0.1085802551E-003
  0.5454545455E+000  0.9696969697E+000  0.5418051636E-004
  0.5454545455E+000  0.1000000000E+001  0.0000000000E+000

  0.5757575758E+000  0.3030303030E-001  0.0000000000E+000
  0.5757575758E+000  0.6060606061E-001  0.6184393201E-004
  0.5757575758E+000  0.9090909091E-001  0.1228078077E-003
  0.5757575758E+000  0.1212121212E+000  0.1808244639E-003
  0.5757575758E+000  0.1515151515E+000  0.2362902017E-003
  0.5757575758E+000  0.1818181818E+000  0.2892695272E-003
  0.5757575758E+000  0.2121212121E+000  0.3405858595E-003
  0.5757575758E+000  0.2424242424E+000  0.3903043684E-003
  0.5757575758E+000  0.2727272727E+000  0.4365083758E-003
  0.5757575758E+000  0.3030303030E+000  0.4788721019E-003
  0.5757575758E+000  0.3333333333E+000  0.5172010180E-003
  0.5757575758E+000  0.3636363636E+000  0.5514316240E-003
  0.5757575758E+000  0.3939393939E+000  0.5821805733E-003
  0.5757575758E+000  0.4242424242E+000  0.6070076438E-003
  0.5757575758E+000  0.4545454545E+000  0.6248552533E-003
  0.5757575758E+000  0.4848484848E+000  0.6351837669E-003
  0.5757575758E+000  0.5151515152E+000  0.6370027074E-003
  0.5757575758E+000  0.5454545455E+000  0.6294651131E-003
  0.5757575758E+000  0.5757575758E+000  0.6131828816E-003
  0.5757575758E+000  0.6060606061E+000  0.5894989323E-003
  0.5757575758E+000  0.6363636364E+000  0.5617100041E-003
  0.5757575758E+000  0.6666666667E+000  0.5305087392E-003
  0.5757575758E+000  0.6969696970E+000  0.4958966099E-003
  0.5757575758E+000  0.7272727273E+000  0.4583757241E-003
  0.5757575758E+000  0.7575757576E+000  0.4180239535E-003
  0.5757575758E+000  0.7878787879E+000  0.3732115973E-003
  0.5757575758E+000  0.8181818182E+000  0.3234051410E-003
  0.5757575758E+000  0.8484848485E+000  0.2716169739E-003
  0.5757575758E+000  0.8787878788E+000  0.2182840216E-003
  0.5757575758E+000  0.9090909091E+000  0.1635500838E-003
  0.5757575758E+000  0.9393939394E+000  0.1091161814E-003
  0.5757575758E+000  0.9696969697E+000  0.5464181391E-004
  0.5757575758E+000  0.1000000000E+001  0.0000000000E+000

  0.6060606061E+000  0.3030303030E-001  0.0000000000E+000
  0.6060606061E+000  0.6060606061E-001  0.6279917639E-004
  0.6060606061E+000  0.9090909091E-001  0.1246938191E-003
  0.6060606061E+000  0.1212121212E+000  0.1841728442E-003
  0.6060606061E+000  0.1515151515E+000  0.2415505243E-003
  0.6060606061E+000  0.1818181818E+000  0.2961598752E-003
  0.6060606061E+000  0.2121212121E+000  0.3483549266E-003
  0.6060606061E+000  0.2424242424E+000  0.3987504086E-003
  0.6060606061E+000  0.2727272727E+000  0.4454808841E-003
  0.6060606061E+000  0.3030303030E+000  0.4876448572E-003
  0.6060606061E+000  0.3333333333E+000  0.5261014310E-003
  0.6060606061E+000  0.3636363636E+000  0.5604048702E-003
  0.6060606061E+000  0.3939393939E+000  0.5912228776E-003
  0.6060606061E+000  0.4242424242E+000  0.6156695324E-003
  0.6060606061E+000  0.4545454545E+000  0.6325378015E-003
  0.6060606061E+000  0.4848484848E+000  0.6410467048E-003
  0.6060606061E+000  0.5151515152E+000  0.6411593581E-003
  0.6060606061E+000  0.5454545455E+000  0.6320734451E-003
  0.6060606061E+000  0.5757575758E+000  0.6141676891E-003
  0.6060606061E+000  0.6060606061E+000  0.5893962142E-003
  0.6060606061E+000  0.6363636364E+000  0.5603207517E-003
  0.6060606061E+000  0.6666666667E+000  0.5275455935E-003
  0.6060606061E+000  0.6969696970E+000  0.4922754940E-003
  0.6060606061E+000  0.7272727273E+000  0.4546891437E-003
  0.6060606061E+000  0.7575757576E+000  0.4150078929E-003
  0.6060606061E+000  0.7878787879E+000  0.3708962871E-003
  0.6060606061E+000  0.8181818182E+000  0.3219348913E-003
  0.6060606061E+000  0.8484848485E+000  0.2703033419E-003
  0.6060606061E+000  0.8787878788E+000  0.2169191696E-003
  0.6060606061E+000  0.9090909091E+000  0.1626996433E-003
  0.6060606061E+000  0.9393939394E+000  0.1089372262E-003
  0.6060606061E+000  0.9696969697E+000  0.5444715876E-004
  0.6060606061E+000  0.1000000000E+001  0.0000000000E+000

  0.6363636364E+000  0.3030303030E-001  0.0000000000E+000
  0.6363636364E+000  0.6060606061E-001  0.6342942545E-004
  0.6363636364E+000  0.9090909091E-001  0.1262126617E-003
  0.6363636364E+000  0.1212121212E+000  0.1864510435E-003
  0.6363636364E+000  0.1515151515E+000  0.2445263575E-003
  0.6363636364E+000  0.1818181818E+000  0.2992990552E-003
  0.6363636364E+000  0.2121212121E+000  0.3515481678E-003
  0.6363636364E+000  0.2424242424E+000  0.4017317943E-003
  0.6363636364E+000  0.2727272727E+000  0.4478957548E-003
  0.6363636364E+000  0.3030303030E+000  0.4898024275E-003
  0.6363636364E+000  0.3333333333E+000  0.5278130020E-003
  0.6363636364E+000  0.3636363636E+000  0.5620410629E-003
  0.6363636364E+000  0.3939393939E+000  0.5926511690E-003
  0.6363636364E+000  0.4242424242E+000  0.6169222062E-003
  0.6363636364E+000  0.4545454545E+000  0.6332586861E-003
  0.6363636364E+000  0.4848484848E+000  0.6402144565E-003
  0.6363636364E+000  0.5151515152E+000  0.6380743928E-003
  0.6363636364E+000  0.5454545455E+000  0.6273392848E-003
  0.6363636364E+000  0.5757575758E+000  0.6087411187E-003
  0.6363636364E+000  0.6060606061E+000  0.5833656426E-003
  0.6363636364E+000  0.6363636364E+000  0.5526912794E-003
  0.6363636364E+000  0.6666666667E+000  0.5190979995E-003
  0.6363636364E+000  0.6969696970E+000  0.4838854335E-003
  0.6363636364E+000  0.7272727273E+000  0.4469787387E-003
  0.6363636364E+000  0.7575757576E+000  0.4081918757E-003
  0.6363636364E+000  0.7878787879E+000  0.3654006190E-003
  0.6363636364E+000  0.8181818182E+000  0.3179026237E-003
  0.6363636364E+000  0.8484848485E+000  0.2670390622E-003
  0.6363636364E+000  0.8787878788E+000  0.2145950734E-003
  0.6363636364E+000  0.9090909091E+000  0.1614121745E-003
  0.6363636364E+000  0.9393939394E+000  0.1082728089E-003
  0.6363636364E+000  0.9696969697E+000  0.5452746735E-004
  0.6363636364E+000  0.1000000000E+001  0.0000000000E+000

  0.6666666667E+000  0.3030303030E-001  0.0000000000E+000
  0.6666666667E+000  0.6060606061E-001  0.6391608000E-004
  0.6666666667E+000  0.9090909091E-001  0.1264466628E-003
  0.6666666667E+000  0.1212121212E+000  0.1867588795E-003
  0.6666666667E+000  0.1515151515E+000  0.2448928391E-003
  0.6666666667E+000  0.1818181818E+000  0.2991293722E-003
  0.6666666667E+000  0.2121212121E+000  0.3501434289E-003
  0.6666666667E+000  0.2424242424E+000  0.3988452631E-003
  0.6666666667E+000  0.2727272727E+000  0.4438733735E-003
  0.6666666667E+000  0.3030303030E+000  0.4842155013E-003
  0.6666666667E+000  0.3333333333E+000  0.5213699755E-003
  0.6666666667E+000  0.3636363636E+000  0.5551792090E-003
  0.6666666667E+000  0.3939393939E+000  0.5852136284E-003
  0.6666666667E+000  0.4242424242E+000  0.6091303829E-003
  0.6666666667E+000  0.4545454545E+000  0.6247161403E-003
  0.6666666667E+000  0.4848484848E+000  0.6305142975E-003
  0.6666666667E+000  0.5151515152E+000  0.6266458922E-003
  0.6666666667E+000  0.5454545455E+000  0.6147818995E-003
  0.6666666667E+000  0.5757575758E+000  0.5956982812E-003
  0.6666666667E+000  0.6060606061E+000  0.5701114443E-003
  0.6666666667E+000  0.6363636364E+000  0.5391134932E-003
  0.6666666667E+000  0.6666666667E+000  0.5055951500E-003
  0.6666666667E+000  0.6969696970E+000  0.4711286361E-003
  0.6666666667E+000  0.7272727273E+000  0.4354733365E-003
  0.6666666667E+000  0.7575757576E+000  0.3976601026E-003
  0.6666666667E+000  0.7878787879E+000  0.3562520493E-003
  0.6666666667E+000  0.8181818182E+000  0.3106441390E-003
  0.6666666667E+000  0.8484848485E+000  0.2623008581E-003
  0.6666666667E+000  0.8787878788E+000  0.2118851728E-003
  0.6666666667E+000  0.9090909091E+000  0.1602339431E-003
  0.6666666667E+000  0.9393939394E+000  0.1080038350E-003
  0.6666666667E+000  0.9696969697E+000  0.5425832187E-004
  0.6666666667E+000  0.1000000000E+001  0.0000000000E+000

  0.6969696970E+000  0.3030303030E-001  0.0000000000E+000
  0.6969696970E+000  0.6060606061E-001  0.6331792543E-004
  0.6969696970E+000  0.9090909091E-001  0.1252361023E-003
  0.6969696970E+000  0.1212121212E+000  0.1845969942E-003
  0.6969696970E+000  0.1515151515E+000  0.2414803417E-003
  0.6969696970E+000  0.1818181818E+000  0.2945620503E-003
  0.6969696970E+000  0.2121212121E+000  0.3436490411E-003
  0.6969696970E+000  0.2424242424E+000  0.3899559165E-003
  0.6969696970E+000  0.2727272727E+000  0.4330140345E-003
  0.6969696970E+000  0.3030303030E+000  0.4718129524E-003
  0.6969696970E+000  0.3333333333E+000  0.5077507275E-003
  0.6969696970E+000  0.3636363636E+000  0.5404965635E-003
  0.6969696970E+000  0.3939393939E+000  0.5689974966E-003
  0.6969696970E+000  0.4242424242E+000  0.5918325822E-003
  0.6969696970E+000  0.4545454545E+000  0.6062070222E-003
  0.6969696970E+000  0.4848484848E+000  0.6110266676E-003
  0.6969696970E+000  0.5151515152E+000  0.6063720500E-003
  0.6969696970E+000  0.5454545455E+000  0.5944674073E-003
  0.6969696970E+000  0.5757575758E+000  0.5755574128E-003
  0.6969696970E+000  0.6060606061E+000  0.5500642968E-003
  0.6969696970E+000  0.6363636364E+000  0.5197540176E-003
  0.6969696970E+000  0.6666666667E+000  0.4872602563E-003
  0.6969696970E+000  0.6969696970E+000  0.4543439777E-003
  0.6969696970E+000  0.7272727273E+000  0.4197191782E-003
  0.6969696970E+000  0.7575757576E+000  0.3829316313E-003
  0.6969696970E+000  0.7878787879E+000  0.3433278371E-003
  0.6969696970E+000  0.8181818182E+000  0.3005373804E-003
  0.6969696970E+000  0.8484848485E+000  0.2550827209E-003
  0.6969696970E+000  0.8787878788E+000  0.2077139336E-003
  0.6969696970E+000  0.9090909091E+000  0.1580253574E-003
  0.6969696970E+000  0.9393939394E+000  0.1067881432E-003
  0.6969696970E+000  0.9696969697E+000  0.5378739786E-004
  0.6969696970E+000  0.1000000000E+001  0.0000000000E+000

  0.7272727273E+000  0.3030303030E-001  0.0000000000E+000
  0.7272727273E+000  0.6060606061E-001  0.6163575643E-004
  0.7272727273E+000  0.9090909091E-001  0.1216218409E-003
  0.7272727273E+000  0.1212121212E+000  0.1786236068E-003
  0.7272727273E+000  0.1515151515E+000  0.2333043050E-003
  0.7272727273E+000  0.1818181818E+000  0.2842825916E-003
  0.7272727273E+000  0.2121212121E+000  0.3311182797E-003
  0.7272727273E+000  0.2424242424E+000  0.3746276318E-003
  0.7272727273E+000  0.2727272727E+000  0.4152089253E-003
  0.7272727273E+000  0.3030303030E+000  0.4519795082E-003
  0.7272727273E+000  0.3333333333E+000  0.4854928518E-003
  0.7272727273E+000  0.3636363636E+000  0.5164773495E-003
  0.7272727273E+000  0.3939393939E+000  0.5431095252E-003
  0.7272727273E+000  0.4242424242E+000  0.5640120565E-003
  0.7272727273E+000  0.4545454545E+000  0.5770532009E-003
  0.7272727273E+000  0.4848484848E+000  0.5815061900E-003
  0.7272727273E+000  0.5151515152E+000  0.5772028820E-003
  0.7272727273E+000  0.5454545455E+000  0.5657913738E-003
  0.7272727273E+000  0.5757575758E+000  0.5475000386E-003
  0.7272727273E+000  0.6060606061E+000  0.5231617472E-003
  0.7272727273E+000  0.6363636364E+000  0.4947120667E-003
  0.7272727273E+000  0.6666666667E+000  0.4639132324E-003
  0.7272727273E+000  0.6969696970E+000  0.4326696388E-003
  0.7272727273E+000  0.7272727273E+000  0.4000923159E-003
  0.7272727273E+000  0.7575757576E+000  0.3650448276E-003
  0.7272727273E+000  0.7878787879E+000  0.3279737367E-003
  0.7272727273E+000  0.8181818182E+000  0.2884276401E-003
  0.7272727273E+000  0.8484848485E+000  0.2458071235E-003
  0.7272727273E+000  0.8787878788E+000  0.2011115054E-003
  0.7272727273E+000  0.9090909091E+000  0.1533653653E-003
  0.7272727273E+000  0.9393939394E+000  0.1034336974E-003
  0.7272727273E+000  0.9696969697E+000  0.5213552238E-004
  0.7272727273E+000  0.1000000000E+001  0.0000000000E+000

  0.7575757576E+000  0.3030303030E-001  0.0000000000E+000
  0.7575757576E+000  0.6060606061E-001  0.5845275341E-004
  0.7575757576E+000  0.9090909091E-001  0.1153101137E-003
  0.7575757576E+000  0.1212121212E+000  0.1688621120E-003
  0.7575757576E+000  0.1515151515E+000  0.2199570988E-003
  0.7575757576E+000  0.1818181818E+000  0.2679082182E-003
  0.7575757576E+000  0.2121212121E+000  0.3121276505E-003
  0.7575757576E+000  0.2424242424E+000  0.3525269735E-003
  0.7575757576E+000  0.2727272727E+000  0.3896313751E-003
  0.7575757576E+000  0.3030303030E+000  0.4237079455E-003
  0.7575757576E+000  0.3333333333E+000  0.4545237296E-003
  0.7575757576E+000  0.3636363636E+000  0.4826836644E-003
  0.7575757576E+000  0.3939393939E+000  0.5067207752E-003
  0.7575757576E+000  0.4242424242E+000  0.5253353176E-003
  0.7575757576E+000  0.4545454545E+000  0.5371890990E-003
  0.7575757576E+000  0.4848484848E+000  0.5414844650E-003
  0.7575757576E+000  0.5151515152E+000  0.5380402605E-003
  0.7575757576E+000  0.5454545455E+000  0.5279521880E-003
  0.7575757576E+000  0.5757575758E+000  0.5114241502E-003
  0.7575757576E+000  0.6060606061E+000  0.4890090953E-003
  0.7575757576E+000  0.6363636364E+000  0.4628302955E-003
  0.7575757576E+000  0.6666666667E+000  0.4351464693E-003
  0.7575757576E+000  0.6969696970E+000  0.4067541369E-003
  0.7575757576E+000  0.7272727273E+000  0.3772791909E-003
  0.7575757576E+000  0.7575757576E+000  0.3447966624E-003
  0.7575757576E+000  0.7878787879E+000  0.3102276961E-003
  0.7575757576E+000  0.8181818182E+000  0.2732453221E-003
  0.7575757576E+000  0.8484848485E+000  0.2336665527E-003
  0.7575757576E+000  0.8787878788E+000  0.1911178204E-003
  0.7575757576E+000  0.9090909091E+000  0.1453981140E-003
  0.7575757576E+000  0.9393939394E+000  0.9813378448E-004
  0.7575757576E+000  0.9696969697E+000  0.4931131226E-004
  0.7575757576E+000  0.1000000000E+001  0.0000000000E+000

  0.7878787879E+000  0.3030303030E-001  0.0000000000E+000
  0.7878787879E+000  0.6060606061E-001  0.5352960042E-004
  0.7878787879E+000  0.9090909091E-001  0.1062688004E-003
  0.7878787879E+000  0.1212121212E+000  0.1554232721E-003
  0.7878787879E+000  0.1515151515E+000  0.2018770222E-003
  0.7878787879E+000  0.1818181818E+000  0.2458727735E-003
  0.7878787879E+000  0.2121212121E+000  0.2867561243E-003
  0.7878787879E+000  0.2424242424E+000  0.3242194755E-003
  0.7878787879E+000  0.2727272727E+000  0.3579555233E-003
  0.7878787879E+000  0.3030303030E+000  0.3885290721E-003
  0.7878787879E+000  0.3333333333E+000  0.4158718706E-003
  0.7878787879E+000  0.3636363636E+000  0.4402576585E-003
  0.7878787879E+000  0.3939393939E+000  0.4613764498E-003
  0.7878787879E+000  0.4242424242E+000  0.4773261483E-003
  0.7878787879E+000  0.4545454545E+000  0.4881245726E-003
  0.7878787879E+000  0.4848484848E+000  0.4923467051E-003
  0.7878787879E+000  0.5151515152E+000  0.4900203591E-003
  0.7878787879E+000  0.5454545455E+000  0.4816869905E-003
  0.7878787879E+000  0.5757575758E+000  0.4673402254E-003
  0.7878787879E+000  0.6060606061E+000  0.4477838088E-003
  0.7878787879E+000  0.6363636364E+000  0.4250658422E-003
  0.7878787879E+000  0.6666666667E+000  0.4012515176E-003
  0.7878787879E+000  0.6969696970E+000  0.3764246830E-003
  0.7878787879E+000  0.7272727273E+000  0.3501211285E-003
  0.7878787879E+000  0.7575757576E+000  0.3212743184E-003
  0.7878787879E+000  0.7878787879E+000  0.2894031563E-003
  0.7878787879E+000  0.8181818182E+000  0.2549318500E-003
  0.7878787879E+000  0.8484848485E+000  0.2178802440E-003
  0.7878787879E+000  0.8787878788E+000  0.1777237803E-003
  0.7878787879E+000  0.9090909091E+000  0.1349247847E-003
  0.7878787879E+000  0.9393939394E+000  0.9054816036E-004
  0.7878787879E+000  0.9696969697E+000  0.4523377918E-004
  0.7878787879E+000  0.1000000000E+001  0.0000000000E+000

  0.8181818182E+000  0.3030303030E-001  0.0000000000E+000
  0.8181818182E+000  0.6060606061E-001  0.4786458223E-004
  0.8181818182E+000  0.9090909091E-001  0.9523902863E-004
  0.8181818182E+000  0.1212121212E+000  0.1393861278E-003
  0.8181818182E+000  0.1515151515E+000  0.1809911503E-003
  0.8181818182E+000  0.1818181818E+000  0.2205601300E-003
  0.8181818182E+000  0.2121212121E+000  0.2572828656E-003
  0.8181818182E+000  0.2424242424E+000  0.2901828526E-003
  0.8181818182E+000  0.2727272727E+000  0.3199036614E-003
  0.8181818182E+000  0.3030303030E+000  0.3462518444E-003
  0.8181818182E+000  0.3333333333E+000  0.3696373083E-003
  0.8181818182E+000  0.3636363636E+000  0.3900070086E-003
  0.8181818182E+000  0.3939393939E+000  0.4076146617E-003
  0.8181818182E+000  0.4242424242E+000  0.4212135102E-003
  0.8181818182E+000  0.4545454545E+000  0.4302844699E-003
  0.8181818182E+000  0.4848484848E+000  0.4342219379E-003
  0.8181818182E+000  0.5151515152E+000  0.4326348147E-003
  0.8181818182E+000  0.5454545455E+000  0.4264675451E-003
  0.8181818182E+000  0.5757575758E+000  0.4150644533E-003
  0.8181818182E+000  0.6060606061E+000  0.3992597783E-003
  0.8181818182E+000  0.6363636364E+000  0.3808731783E-003
  0.8181818182E+000  0.6666666667E+000  0.3609240286E-003
  0.8181818182E+000  0.6969696970E+000  0.3397803165E-003
  0.8181818182E+000  0.7272727273E+000  0.3171574117E-003
  0.8181818182E+000  0.7575757576E+000  0.2919215707E-003
  0.8181818182E+000  0.7878787879E+000  0.2638535112E-003
  0.8181818182E+000  0.8181818182E+000  0.2328881985E-003
  0.8181818182E+000  0.8484848485E+000  0.1989196268E-003
  0.8181818182E+000  0.8787878788E+000  0.1616765099E-003
  0.8181818182E+000  0.9090909091E+000  0.1227252074E-003
  0.8181818182E+000  0.9393939394E+000  0.8227675007E-004
  0.8181818182E+000  0.9696969697E+000  0.4102064920E-004
  0.8181818182E+000  0.1000000000E+001  0.0000000000E+000

  0.8484848485E+000  0.3030303030E-001  0.0000000000E+000
  0.8484848485E+000  0.6060606061E-001  0.4154555718E-004
  0.8484848485E+000  0.9090909091E-001  0.8259525281E-004
  0.8484848485E+000  0.1212121212E+000  0.1215285232E-003
  0.8484848485E+000  0.1515151515E+000  0.1578793317E-003
  0.8484848485E+000  0.1818181818E+000  0.1917434776E-003
  0.8484848485E+000  0.2121212121E+000  0.2231650027E-003
  0.8484848485E+000  0.2424242424E+000  0.2509054787E-003
  0.8484848485E+000  0.2727272727E+000  0.2759427983E-003
  0.8484848485E+000  0.3030303030E+000  0.2977096662E-003
  0.8484848485E+000  0.3333333333E+000  0.3162818848E-003
  0.8484848485E+000  0.3636363636E+000  0.3325764389E-003
  0.8484848485E+000  0.3939393939E+000  0.3466053508E-003
  0.8484848485E+000  0.4242424242E+000  0.3576971684E-003
  0.8484848485E+000  0.4545454545E+000  0.3658705925E-003
  0.8484848485E+000  0.4848484848E+000  0.3693784859E-003
  0.8484848485E+000  0.5151515152E+000  0.3684078037E-003
  0.8484848485E+000  0.5454545455E+000  0.3637676675E-003
  0.8484848485E+000  0.5757575758E+000  0.3552183001E-003
  0.8484848485E+000  0.6060606061E+000  0.3436026919E-003
  0.8484848485E+000  0.6363636364E+000  0.3290633654E-003
  0.8484848485E+000  0.6666666667E+000  0.3129102012E-003
  0.8484848485E+000  0.6969696970E+000  0.2957803750E-003
  0.8484848485E+000  0.7272727273E+000  0.2769869369E-003
  0.8484848485E+000  0.7575757576E+000  0.2552750824E-003
  0.8484848485E+000  0.7878787879E+000  0.2311930465E-003
  0.8484848485E+000  0.8181818182E+000  0.2043161912E-003
  0.8484848485E+000  0.8484848485E+000  0.1747826328E-003
  0.8484848485E+000  0.8787878788E+000  0.1424565620E-003
  0.8484848485E+000  0.9090909091E+000  0.1083341102E-003
  0.8484848485E+000  0.9393939394E+000  0.7319112543E-004
  0.8484848485E+000  0.9696969697E+000  0.3670299971E-004
  0.8484848485E+000  0.1000000000E+001  0.0000000000E+000

  0.8787878788E+000  0.3030303030E-001  0.0000000000E+000
  0.8787878788E+000  0.6060606061E-001  0.3430621250E-004
  0.8787878788E+000  0.9090909091E-001  0.6829373337E-004
  0.8787878788E+000  0.1212121212E+000  0.1009101634E-003
  0.8787878788E+000  0.1515151515E+000  0.1315965355E-003
  0.8787878788E+000  0.1818181818E+000  0.1593786181E-003
  0.8787878788E+000  0.2121212121E+000  0.1843529339E-003
  0.8787878788E+000  0.2424242424E+000  0.2064747838E-003
  0.8787878788E+000  0.2727272727E+000  0.2264348662E-003
  0.8787878788E+000  0.3030303030E+000  0.2437503139E-003
  0.8787878788E+000  0.3333333333E+000  0.2580124214E-003
  0.8787878788E+000  0.3636363636E+000  0.2702759442E-003
  0.8787878788E+000  0.3939393939E+000  0.2806928428E-003
  0.8787878788E+000  0.4242424242E+000  0.2896342124E-003
  0.8787878788E+000  0.4545454545E+000  0.2962095552E-003
  0.8787878788E+000  0.4848484848E+000  0.2991706577E-003
  0.8787878788E+000  0.5151515152E+000  0.2987577424E-003
  0.8787878788E+000  0.5454545455E+000  0.2956002607E-003
  0.8787878788E+000  0.5757575758E+000  0.2892138455E-003
  0.8787878788E+000  0.6060606061E+000  0.2808761959E-003
  0.8787878788E+000  0.6363636364E+000  0.2697339837E-003
  0.8787878788E+000  0.6666666667E+000  0.2574481164E-003
  0.8787878788E+000  0.6969696970E+000  0.2443530233E-003
  0.8787878788E+000  0.7272727273E+000  0.2293817020E-003
  0.8787878788E+000  0.7575757576E+000  0.2115687717E-003
  0.8787878788E+000  0.7878787879E+000  0.1915800237E-003
  0.8787878788E+000  0.8181818182E+000  0.1691099215E-003
  0.8787878788E+000  0.8484848485E+000  0.1450839438E-003
  0.8787878788E+000  0.8787878788E+000  0.1189184782E-003
  0.8787878788E+000  0.9090909091E+000  0.9132590239E-004
  0.8787878788E+000  0.9393939394E+000  0.6180910403E-004
  0.8787878788E+000  0.9696969697E+000  0.3090981680E-004
  0.8787878788E+000  0.1000000000E+001  0.0000000000E+000

  0.9090909091E+000  0.3030303030E-001  0.0000000000E+000
  0.9090909091E+000  0.6060606061E-001  0.2628216021E-004
  0.9090909091E+000  0.9090909091E-001  0.5289105663E-004
  0.9090909091E+000  0.1212121212E+000  0.7875965528E-004
  0.9090909091E+000  0.1515151515E+000  0.1026132372E-003
  0.9090909091E+000  0.1818181818E+000  0.1235657179E-003
  0.9090909091E+000  0.2121212121E+000  0.1417535771E-003
  0.9090909091E+000  0.2424242424E+000  0.1583103288E-003
  0.9090909091E+000  0.2727272727E+000  0.1730239274E-003
  0.9090909091E+000  0.3030303030E+000  0.1856947987E-003
  0.9090909091E+000  0.3333333333E+000  0.1958506863E-003
  0.9090909091E+000  0.3636363636E+000  0.2043520897E-003
  0.9090909091E+000  0.3939393939E+000  0.2120793430E-003
  0.9090909091E+000  0.4242424242E+000  0.2190803986E-003
  0.9090909091E+000  0.4545454545E+000  0.2238438987E-003
  0.9090909091E+000  0.4848484848E+000  0.2257292780E-003
  0.9090909091E+000  0.5151515152E+000  0.2255775001E-003
  0.9090909091E+000  0.5454545455E+000  0.2234968827E-003
  0.9090909091E+000  0.5757575758E+000  0.2190812056E-003
  0.9090909091E+000  0.6060606061E+000  0.2134130548E-003
  0.9090909091E+000  0.6363636364E+000  0.2059460488E-003
  0.9090909091E+000  0.6666666667E+000  0.1968865653E-003
  0.9090909091E+000  0.6969696970E+000  0.1870077539E-003
  0.9090909091E+000  0.7272727273E+000  0.1759565976E-003
  0.9090909091E+000  0.7575757576E+000  0.1619219602E-003
  0.9090909091E+000  0.7878787879E+000  0.1463548889E-003
  0.9090909091E+000  0.8181818182E+000  0.1292029306E-003
  0.9090909091E+000  0.8484848485E+000  0.1108661917E-003
  0.9090909091E+000  0.8787878788E+000  0.9158516146E-004
  0.9090909091E+000  0.9090909091E+000  0.7088105864E-004
  0.9090909091E+000  0.9393939394E+000  0.4794552885E-004
  0.9090909091E+000  0.9696969697E+000  0.2382847574E-004
  0.9090909091E+000  0.1000000000E+001  0.0000000000E+000

  0.9393939394E+000  0.3030303030E-001  0.0000000000E+000
  0.9393939394E+000  0.6060606061E-001  0.1808021220E-004
  0.9393939394E+000  0.9090909091E-001  0.3642372566E-004
  0.9393939394E+000  0.1212121212E+000  0.5435524205E-004
  0.9393939394E+000  0.1515151515E+000  0.7057841290E-004
  0.9393939394E+000  0.1818181818E+000  0.8461856602E-004
  0.9393939394E+000  0.2121212121E+000  0.9648607156E-004
  0.9393939394E+000  0.2424242424E+000  0.1069262417E-003
  0.9393939394E+000  0.2727272727E+000  0.1164908554E-003
  0.9393939394E+000  0.3030303030E+000  0.1246940250E-003
  0.9393939394E+000  0.3333333333E+000  0.1314352071E-003
  0.9393939394E+000  0.3636363636E+000  0.1364132645E-003
  0.9393939394E+000  0.3939393939E+000  0.1412058577E-003
  0.9393939394E+000  0.4242424242E+000  0.1462075496E-003
  0.9393939394E+000  0.4545454545E+000  0.1497298155E-003
  0.9393939394E+000  0.4848484848E+000  0.1509010007E-003
  0.9393939394E+000  0.5151515152E+000  0.1506128975E-003
  0.9393939394E+000  0.5454545455E+000  0.1492123908E-003
  0.9393939394E+000  0.5757575758E+000  0.1470421261E-003
  0.9393939394E+000  0.6060606061E+000  0.1436731624E-003
  0.9393939394E+000  0.6363636364E+000  0.1394250712E-003
  0.9393939394E+000  0.6666666667E+000  0.1337153472E-003
  0.9393939394E+000  0.6969696970E+000  0.1267193333E-003
  0.9393939394E+000  0.7272727273E+000  0.1191196488E-003
  0.9393939394E+000  0.7575757576E+000  0.1091400134E-003
  0.9393939394E+000  0.7878787879E+000  0.9826414613E-004
  0.9393939394E+000  0.8181818182E+000  0.8646169482E-004
  0.9393939394E+000  0.8484848485E+000  0.7434938521E-004
  0.9393939394E+000  0.8787878788E+000  0.6153561744E-004
  0.9393939394E+000  0.9090909091E+000  0.4794477339E-004
  0.9393939394E+000  0.9393939394E+000  0.3255126239E-004
  0.9393939394E+000  0.9696969697E+000  0.1624059920E-004
  0.9393939394E+000  0.1000000000E+001  0.0000000000E+000

  0.9696969697E+000  0.3030303030E-001  0.0000000000E+000
  0.9696969697E+000  0.6060606061E-001  0.9390254006E-005
  0.9696969697E+000  0.9090909091E-001  0.1877496160E-004
  0.9696969697E+000  0.1212121212E+000  0.2795269676E-004
  0.9696969697E+000  0.1515151515E+000  0.3622802081E-004
  0.9696969697E+000  0.1818181818E+000  0.4308546132E-004
  0.9696969697E+000  0.2121212121E+000  0.4874444093E-004
  0.9696969697E+000  0.2424242424E+000  0.5399242233E-004
  0.9696969697E+000  0.2727272727E+000  0.5842132678E-004
  0.9696969697E+000  0.3030303030E+000  0.6266880666E-004
  0.9696969697E+000  0.3333333333E+000  0.6566922708E-004
  0.9696969697E+000  0.3636363636E+000  0.6794660949E-004
  0.9696969697E+000  0.3939393939E+000  0.7014333383E-004
  0.9696969697E+000  0.4242424242E+000  0.7270851384E-004
  0.9696969697E+000  0.4545454545E+000  0.7490936588E-004
  0.9696969697E+000  0.4848484848E+000  0.7572395657E-004
  0.9696969697E+000  0.5151515152E+000  0.7563271561E-004
  0.9696969697E+000  0.5454545455E+000  0.7477305554E-004
  0.9696969697E+000  0.5757575758E+000  0.7381980124E-004
  0.9696969697E+000  0.6060606061E+000  0.7267836726E-004
  0.9696969697E+000  0.6363636364E+000  0.7074258799E-004
  0.9696969697E+000  0.6666666667E+000  0.6782681582E-004
  0.9696969697E+000  0.6969696970E+000  0.6430359942E-004
  0.9696969697E+000  0.7272727273E+000  0.6003576593E-004
  0.9696969697E+000  0.7575757576E+000  0.5465555987E-004
  0.9696969697E+000  0.7878787879E+000  0.4904588982E-004
  0.9696969697E+000  0.8181818182E+000  0.4328719473E-004
  0.9696969697E+000  0.8484848485E+000  0.3742722989E-004
  0.9696969697E+000  0.8787878788E+000  0.3101506989E-004
  0.9696969697E+000  0.9090909091E+000  0.2396363086E-004
  0.9696969697E+000  0.9393939394E+000  0.1667930892E-004
  0.9696969697E+000  0.9696969697E+000  0.8576968807E-005
  0.9696969697E+000  0.1000000000E+001  0.0000000000E+000

  0.1000000000E+001  0.3030303030E-001  0.0000000000E+000
  0.1000000000E+001  0.6060606061E-001  0.0000000000E+000
  0.1000000000E+001  0.9090909091E-001  0.0000000000E+000
  0.1000000000E+001  0.1212121212E+000  0.0000000000E+000
  0.1000000000E+001  0.1515151515E+000  0.0000000000E+000
  0.1000000000E+001  0.1818181818E+000  0.0000000000E+000
  0.1000000000E+001  0.2121212121E+000  0.0000000000E+000
  0.1000000000E+001  0.2424242424E+000  0.0000000000E+000
  0.1000000000E+001  0.2727272727E+000  0.0000000000E+000
  0.1000000000E+001  0.3030303030E+000  0.0000000000E+000
  0.1000000000E+001  0.3333333333E+000  0.0000000000E+000
  0.1000000000E+001  0.3636363636E+000  0.0000000000E+000
  0.1000000000E+001  0.3939393939E+000  0.0000000000E+000
  0.1000000000E+001  0.4242424242E+000  0.0000000000E+000
  0.1000000000E+001  0.4545454545E+000  0.0000000000E+000
  0.1000000000E+001  0.4848484848E+000  0.0000000000E+000
  0.1000000000E+001  0.5151515152E+000  0.0000000000E+000
  0.1000000000E+001  0.5454545455E+000  0.0000000000E+000
  0.1000000000E+001  0.5757575758E+000  0.0000000000E+000
  0.1000000000E+001  0.6060606061E+000  0.0000000000E+000
  0.1000000000E+001  0.6363636364E+000  0.0000000000E+000
  0.1000000000E+001  0.6666666667E+000  0.0000000000E+000
  0.1000000000E+001  0.6969696970E+000  0.0000000000E+000
  0.1000000000E+001  0.7272727273E+000  0.0000000000E+000
  0.1000000000E+001  0.7575757576E+000  0.0000000000E+000
  0.1000000000E+001  0.7878787879E+000  0.0000000000E+000
  0.1000000000E+001  0.8181818182E+000  0.0000000000E+000
  0.1000000000E+001  0.8484848485E+000  0.0000000000E+000
  0.1000000000E+001  0.8787878788E+000  0.0000000000E+000
  0.1000000000E+001  0.9090909091E+000  0.0000000000E+000
  0.1000000000E+001  0.9393939394E+000  0.0000000000E+000
  0.1000000000E+001  0.9696969697E+000  0.0000000000E+000
  0.1000000000E+001  0.1000000000E+001  0.0000000000E+000

