  0.3030303030E-001  0.3030303030E-001  0.0000000000E+000
  0.3030303030E-001  0.6060606061E-001  0.0000000000E+000
  0.3030303030E-001  0.9090909091E-001  0.0000000000E+000
  0.3030303030E-001  0.1212121212E+000  0.0000000000E+000
  0.3030303030E-001  0.1515151515E+000  0.0000000000E+000
  0.3030303030E-001  0.1818181818E+000  0.0000000000E+000
  0.3030303030E-001  0.2121212121E+000  0.0000000000E+000
  0.3030303030E-001  0.2424242424E+000  0.0000000000E+000
  0.3030303030E-001  0.2727272727E+000  0.0000000000E+000
  0.3030303030E-001  0.3030303030E+000  0.0000000000E+000
  0.3030303030E-001  0.3333333333E+000  0.0000000000E+000
  0.3030303030E-001  0.3636363636E+000  0.0000000000E+000
  0.3030303030E-001  0.3939393939E+000  0.0000000000E+000
  0.3030303030E-001  0.4242424242E+000  0.0000000000E+000
  0.3030303030E-001  0.4545454545E+000  0.0000000000E+000
  0.3030303030E-001  0.4848484848E+000  0.0000000000E+000
  0.3030303030E-001  0.5151515152E+000  0.0000000000E+000
  0.3030303030E-001  0.5454545455E+000  0.0000000000E+000
  0.3030303030E-001  0.5757575758E+000  0.0000000000E+000
  0.3030303030E-001  0.6060606061E+000  0.0000000000E+000
  0.3030303030E-001  0.6363636364E+000  0.0000000000E+000
  0.3030303030E-001  0.6666666667E+000  0.0000000000E+000
  0.3030303030E-001  0.6969696970E+000  0.0000000000E+000
  0.3030303030E-001  0.7272727273E+000  0.0000000000E+000
  0.3030303030E-001  0.7575757576E+000  0.0000000000E+000
  0.3030303030E-001  0.7878787879E+000  0.0000000000E+000
  0.3030303030E-001  0.8181818182E+000  0.0000000000E+000
  0.3030303030E-001  0.8484848485E+000  0.0000000000E+000
  0.3030303030E-001  0.8787878788E+000  0.0000000000E+000
  0.3030303030E-001  0.9090909091E+000  0.0000000000E+000
  0.3030303030E-001  0.9393939394E+000  0.0000000000E+000
  0.3030303030E-001  0.9696969697E+000  0.0000000000E+000
  0.3030303030E-001  0.1000000000E+001  0.0000000000E+000

  0.6060606061E-001  0.3030303030E-001  0.0000000000E+000
  0.6060606061E-001  0.6060606061E-001 -0.2887544606E-005
  0.6060606061E-001  0.9090909091E-001 -0.5747223387E-005
  0.6060606061E-001  0.1212121212E+000 -0.8551445035E-005
  0.6060606061E-001  0.1515151515E+000 -0.1127316446E-004
  0.6060606061E-001  0.1818181818E+000 -0.1388614701E-004
  0.6060606061E-001  0.2121212121E+000 -0.1636522460E-004
  0.6060606061E-001  0.2424242424E+000 -0.1868653760E-004
  0.6060606061E-001  0.2727272727E+000 -0.2082776394E-004
  0.6060606061E-001  0.3030303030E+000 -0.2276833069E-004
  0.6060606061E-001  0.3333333333E+000 -0.2448960794E-004
  0.6060606061E-001  0.3636363636E+000 -0.2597508285E-004
  0.6060606061E-001  0.3939393939E+000 -0.2721051363E-004
  0.6060606061E-001  0.4242424242E+000 -0.2818406030E-004
  0.6060606061E-001  0.4545454545E+000 -0.2888639343E-004
  0.6060606061E-001  0.4848484848E+000 -0.2931077997E-004
  0.6060606061E-001  0.5151515152E+000 -0.2945314416E-004
  0.6060606061E-001  0.5454545455E+000 -0.2931210539E-004
  0.6060606061E-001  0.5757575758E+000 -0.2888899334E-004
  0.6060606061E-001  0.6060606061E+000 -0.2818783481E-004
  0.6060606061E-001  0.6363636364E+000 -0.2721531769E-004
  0.6060606061E-001  0.6666666667E+000 -0.2598073177E-004
  0.6060606061E-001  0.6969696970E+000 -0.2449588448E-004
  0.6060606061E-001  0.7272727273E+000 -0.2277499335E-004
  0.6060606061E-001  0.7575757576E+000 -0.2083455637E-004
  0.6060606061E-001  0.7878787879E+000 -0.1869319846E-004
  0.6060606061E-001  0.8181818182E+000 -0.1637149773E-004
  0.6060606061E-001  0.8484848485E+000 -0.1389179137E-004
  0.6060606061E-001  0.8787878788E+000 -0.1127796342E-004
  0.6060606061E-001  0.9090909091E+000 -0.8555214691E-005
  0.6060606061E-001  0.9393939394E+000 -0.5749819481E-005
  0.6060606061E-001  0.9696969697E+000 -0.2888867919E-005
  0.6060606061E-001  0.1000000000E+001  0.0000000000E+000

  0.9090909091E-001  0.3030303030E-001  0.0000000000E+000
  0.9090909091E-001  0.6060606061E-001 -0.5747146210E-005
  0.9090909091E-001  0.9090909091E-001 -0.1143883048E-004
  0.9090909091E-001  0.1212121212E+000 -0.1702013814E-004
  0.9090909091E-001  0.1515151515E+000 -0.2243724027E-004
  0.9090909091E-001  0.1818181818E+000 -0.2763792166E-004
  0.9090909091E-001  0.2121212121E+000 -0.3257208951E-004
  0.9090909091E-001  0.2424242424E+000 -0.3719225581E-004
  0.9090909091E-001  0.2727272727E+000 -0.4145399161E-004
  0.9090909091E-001  0.3030303030E+000 -0.4531635083E-004
  0.9090909091E-001  0.3333333333E+000 -0.4874225268E-004
  0.9090909091E-001  0.3636363636E+000 -0.5169883143E-004
  0.9090909091E-001  0.3939393939E+000 -0.5415774060E-004
  0.9090909091E-001  0.4242424242E+000 -0.5609541560E-004
  0.9090909091E-001  0.4545454545E+000 -0.5749328668E-004
  0.9090909091E-001  0.4848484848E+000 -0.5833795403E-004
  0.9090909091E-001  0.5151515152E+000 -0.5862130470E-004
  0.9090909091E-001  0.5454545455E+000 -0.5834058941E-004
  0.9090909091E-001  0.5757575758E+000 -0.5749845624E-004
  0.9090909091E-001  0.6060606061E+000 -0.5610292082E-004
  0.9090909091E-001  0.6363636364E+000 -0.5416729317E-004
  0.9090909091E-001  0.6666666667E+000 -0.5171006426E-004
  0.9090909091E-001  0.6969696970E+000 -0.4875473394E-004
  0.9090909091E-001  0.7272727273E+000 -0.4532960051E-004
  0.9090909091E-001  0.7575757576E+000 -0.4146749997E-004
  0.9090909091E-001  0.7878787879E+000 -0.3720550317E-004
  0.9090909091E-001  0.8181818182E+000 -0.3258456637E-004
  0.9090909091E-001  0.8484848485E+000 -0.2764914848E-004
  0.9090909091E-001  0.8787878788E+000 -0.2244678599E-004
  0.9090909091E-001  0.9090909091E+000 -0.1702763673E-004
  0.9090909091E-001  0.9393939394E+000 -0.1144399478E-004
  0.9090909091E-001  0.9696969697E+000 -0.5749778666E-005
  0.9090909091E-001  0.1000000000E+001  0.0000000000E+000

  0.1212121212E+000  0.3030303030E-001  0.0000000000E+000
  0.1212121212E+000  0.6060606061E-001 -0.8551139767E-005
  0.1212121212E+000  0.9090909091E-001 -0.1701975912E-004
  0.1212121212E+000  0.1212121212E+000 -0.2532415077E-004
  0.1212121212E+000  0.1515151515E+000 -0.3338422388E-004
  0.1212121212E+000  0.1818181818E+000 -0.4112228838E-004
  0.1212121212E+000  0.2121212121E+000 -0.4846381093E-004
  0.1212121212E+000  0.2424242424E+000 -0.5533813386E-004
  0.1212121212E+000  0.2727272727E+000 -0.6167915248E-004
  0.1212121212E+000  0.3030303030E+000 -0.6742594061E-004
  0.1212121212E+000  0.3333333333E+000 -0.7252332737E-004
  0.1212121212E+000  0.3636363636E+000 -0.7692241015E-004
  0.1212121212E+000  0.3939393939E+000 -0.8058101302E-004
  0.1212121212E+000  0.4242424242E+000 -0.8346407207E-004
  0.1212121212E+000  0.4545454545E+000 -0.8554395949E-004
  0.1212121212E+000  0.4848484848E+000 -0.8680073514E-004
  0.1212121212E+000  0.5151515152E+000 -0.8722232743E-004
  0.1212121212E+000  0.5454545455E+000 -0.8680464979E-004
  0.1212121212E+000  0.5757575758E+000 -0.8555163859E-004
  0.1212121212E+000  0.6060606061E+000 -0.8347522094E-004
  0.1212121212E+000  0.6363636364E+000 -0.8059520371E-004
  0.1212121212E+000  0.6666666667E+000 -0.7693909775E-004
  0.1212121212E+000  0.6969696970E+000 -0.7254187074E-004
  0.1212121212E+000  0.7272727273E+000 -0.6744562697E-004
  0.1212121212E+000  0.7575757576E+000 -0.6169922475E-004
  0.1212121212E+000  0.7878787879E+000 -0.5535781991E-004
  0.1212121212E+000  0.8181818182E+000 -0.4848235352E-004
  0.1212121212E+000  0.8484848485E+000 -0.4113897454E-004
  0.1212121212E+000  0.8787878788E+000 -0.3339841250E-004
  0.1212121212E+000  0.9090909091E+000 -0.2533529725E-004
  0.1212121212E+000  0.9393939394E+000 -0.1702743610E-004
  0.1212121212E+000  0.9696969697E+000 -0.8555053157E-005
  0.1212121212E+000  0.1000000000E+001  0.0000000000E+000

  0.1515151515E+000  0.3030303030E-001  0.0000000000E+000
  0.1515151515E+000  0.6060606061E-001 -0.1127241330E-004
  0.1515151515E+000  0.9090909091E-001 -0.2243604661E-004
  0.1515151515E+000  0.1212121212E+000 -0.3338319133E-004
  0.1515151515E+000  0.1515151515E+000 -0.4400827078E-004
  0.1515151515E+000  0.1818181818E+000 -0.5420886917E-004
  0.1515151515E+000  0.2121212121E+000 -0.6388673619E-004
  0.1515151515E+000  0.2424242424E+000 -0.7294872721E-004
  0.1515151515E+000  0.2727272727E+000 -0.8130769831E-004
  0.1515151515E+000  0.3030303030E+000 -0.8888333632E-004
  0.1515151515E+000  0.3333333333E+000 -0.9560290884E-004
  0.1515151515E+000  0.3636363636E+000 -0.1014019512E-003
  0.1515151515E+000  0.3939393939E+000 -0.1062248635E-003
  0.1515151515E+000  0.4242424242E+000 -0.1100254241E-003
  0.1515151515E+000  0.4545454545E+000 -0.1127672111E-003
  0.1515151515E+000  0.4848484848E+000 -0.1144239373E-003
  0.1515151515E+000  0.5151515152E+000 -0.1149796954E-003
  0.1515151515E+000  0.5454545455E+000 -0.1144290857E-003
  0.1515151515E+000  0.5757575758E+000 -0.1127773106E-003
  0.1515151515E+000  0.6060606061E+000 -0.1100400876E-003
  0.1515151515E+000  0.6363636364E+000 -0.1062435286E-003
  0.1515151515E+000  0.6666666667E+000 -0.1014239020E-003
  0.1515151515E+000  0.6969696970E+000 -0.9562730275E-004
  0.1515151515E+000  0.7272727273E+000 -0.8890923633E-004
  0.1515151515E+000  0.7575757576E+000 -0.8133410883E-004
  0.1515151515E+000  0.7878787879E+000 -0.7297463246E-004
  0.1515151515E+000  0.8181818182E+000 -0.6391113949E-004
  0.1515151515E+000  0.8484848485E+000 -0.5423083166E-004
  0.1515151515E+000  0.8787878788E+000 -0.4402694782E-004
  0.1515151515E+000  0.9090909091E+000 -0.3339786511E-004
  0.1515151515E+000  0.9393939394E+000 -0.2244615360E-004
  0.1515151515E+000  0.9696969697E+000 -0.1127756562E-004
  0.1515151515E+000  0.1000000000E+001  0.0000000000E+000

  0.1818181818E+000  0.3030303030E-001  0.0000000000E+000
  0.1818181818E+000  0.6060606061E-001 -0.1388467544E-004
  0.1818181818E+000  0.9090909091E-001 -0.2763536413E-004
  0.1818181818E+000  0.1212121212E+000 -0.4111939908E-004
  0.1818181818E+000  0.1515151515E+000 -0.5420673723E-004
  0.1818181818E+000  0.1818181818E+000 -0.6677123214E-004
  0.1818181818E+000  0.2121212121E+000 -0.7869186312E-004
  0.1818181818E+000  0.2424242424E+000 -0.8985389823E-004
  0.1818181818E+000  0.2727272727E+000 -0.1001500004E-003
  0.1818181818E+000  0.3030303030E+000 -0.1094812387E-003
  0.1818181818E+000  0.3333333333E+000 -0.1177580283E-003
  0.1818181818E+000  0.3636363636E+000 -0.1249009606E-003
  0.1818181818E+000  0.3939393939E+000 -0.1308415523E-003
  0.1818181818E+000  0.4242424242E+000 -0.1355228666E-003
  0.1818181818E+000  0.4545454545E+000 -0.1389000413E-003
  0.1818181818E+000  0.4848484848E+000 -0.1409406977E-003
  0.1818181818E+000  0.5151515152E+000 -0.1416252363E-003
  0.1818181818E+000  0.5454545455E+000 -0.1409470201E-003
  0.1818181818E+000  0.5757575758E+000 -0.1389124440E-003
  0.1818181818E+000  0.6060606061E+000 -0.1355408750E-003
  0.1818181818E+000  0.6363636364E+000 -0.1308644769E-003
  0.1818181818E+000  0.6666666667E+000 -0.1249279231E-003
  0.1818181818E+000  0.6969696970E+000 -0.1177879949E-003
  0.1818181818E+000  0.7272727273E+000 -0.1095130592E-003
  0.1818181818E+000  0.7575757576E+000 -0.1001824525E-003
  0.1818181818E+000  0.7878787879E+000 -0.8988573388E-004
  0.1818181818E+000  0.8181818182E+000 -0.7872185720E-004
  0.1818181818E+000  0.8484848485E+000 -0.6679822986E-004
  0.1818181818E+000  0.8787878788E+000 -0.5422969906E-004
  0.1818181818E+000  0.9090909091E+000 -0.4113744111E-004
  0.1818181818E+000  0.9393939394E+000 -0.2764779207E-004
  0.1818181818E+000  0.9696969697E+000 -0.1389101124E-004
  0.1818181818E+000  0.1000000000E+001  0.0000000000E+000

  0.2121212121E+000  0.3030303030E-001  0.0000000000E+000
  0.2121212121E+000  0.6060606061E-001 -0.1636271444E-004
  0.2121212121E+000  0.9090909091E-001 -0.3256753140E-004
  0.2121212121E+000  0.1212121212E+000 -0.4845810901E-004
  0.2121212121E+000  0.1515151515E+000 -0.6388119651E-004
  0.2121212121E+000  0.1818181818E+000 -0.7868813488E-004
  0.2121212121E+000  0.2121212121E+000 -0.9273630195E-004
  0.2121212121E+000  0.2424242424E+000 -0.1058904914E-003
  0.2121212121E+000  0.2727272727E+000 -0.1180242025E-003
  0.2121212121E+000  0.3030303030E+000 -0.1290208529E-003
  0.2121212121E+000  0.3333333333E+000 -0.1387748599E-003
  0.2121212121E+000  0.3636363636E+000 -0.1471926439E-003
  0.2121212121E+000  0.3939393939E+000 -0.1541934932E-003
  0.2121212121E+000  0.4242424242E+000 -0.1597103158E-003
  0.2121212121E+000  0.4545454545E+000 -0.1636902337E-003
  0.2121212121E+000  0.4848484848E+000 -0.1660950938E-003
  0.2121212121E+000  0.5151515152E+000 -0.1669017973E-003
  0.2121212121E+000  0.5454545455E+000 -0.1661025168E-003
  0.2121212121E+000  0.5757575758E+000 -0.1637047961E-003
  0.2121212121E+000  0.6060606061E+000 -0.1597314613E-003
  0.2121212121E+000  0.6363636364E+000 -0.1542204135E-003
  0.2121212121E+000  0.6666666667E+000 -0.1472243091E-003
  0.2121212121E+000  0.6969696970E+000 -0.1388100577E-003
  0.2121212121E+000  0.7272727273E+000 -0.1290582339E-003
  0.2121212121E+000  0.7575757576E+000 -0.1180623314E-003
  0.2121212121E+000  0.7878787879E+000 -0.1059279023E-003
  0.2121212121E+000  0.8181818182E+000 -0.9277155465E-004
  0.2121212121E+000  0.8484848485E+000 -0.7871987092E-004
  0.2121212121E+000  0.8787878788E+000 -0.6390819221E-004
  0.2121212121E+000  0.9090909091E+000 -0.4847932316E-004
  0.2121212121E+000  0.9393939394E+000 -0.3258214573E-004
  0.2121212121E+000  0.9696969697E+000 -0.1637016528E-004
  0.2121212121E+000  0.1000000000E+001  0.0000000000E+000

  0.2424242424E+000  0.3030303030E-001  0.0000000000E+000
  0.2424242424E+000  0.6060606061E-001 -0.1868264267E-004
  0.2424242424E+000  0.9090909091E-001 -0.3718500409E-004
  0.2424242424E+000  0.1212121212E+000 -0.5532857816E-004
  0.2424242424E+000  0.1515151515E+000 -0.7293838889E-004
  0.2424242424E+000  0.1818181818E+000 -0.8984469951E-004
  0.2424242424E+000  0.2121212121E+000 -0.1058846684E-003
  0.2424242424E+000  0.2424242424E+000 -0.1209039134E-003
  0.2424242424E+000  0.2727272727E+000 -0.1347580037E-003
  0.2424242424E+000  0.3030303030E+000 -0.1473138151E-003
  0.2424242424E+000  0.3333333333E+000 -0.1584508014E-003
  0.2424242424E+000  0.3636363636E+000 -0.1680621057E-003
  0.2424242424E+000  0.3939393939E+000 -0.1760555779E-003
  0.2424242424E+000  0.4242424242E+000 -0.1823546014E-003
  0.2424242424E+000  0.4545454545E+000 -0.1868988106E-003
  0.2424242424E+000  0.4848484848E+000 -0.1896446337E-003
  0.2424242424E+000  0.5151515152E+000 -0.1905656964E-003
  0.2424242424E+000  0.5454545455E+000 -0.1896530712E-003
  0.2424242424E+000  0.5757575758E+000 -0.1869153640E-003
  0.2424242424E+000  0.6060606061E+000 -0.1823786396E-003
  0.2424242424E+000  0.6363636364E+000 -0.1760861840E-003
  0.2424242424E+000  0.6666666667E+000 -0.1680981111E-003
  0.2424242424E+000  0.6969696970E+000 -0.1584908296E-003
  0.2424242424E+000  0.7272727273E+000 -0.1473563332E-003
  0.2424242424E+000  0.7575757576E+000 -0.1348013806E-003
  0.2424242424E+000  0.7878787879E+000 -0.1209464816E-003
  0.2424242424E+000  0.8181818182E+000 -0.1059247885E-003
  0.2424242424E+000  0.8484848485E+000 -0.8988082390E-004
  0.2424242424E+000  0.8787878788E+000 -0.7296912244E-004
  0.2424242424E+000  0.9090909091E+000 -0.5535273291E-004
  0.2424242424E+000  0.9393939394E+000 -0.3720164589E-004
  0.2424242424E+000  0.9696969697E+000 -0.1869112772E-004
  0.2424242424E+000  0.1000000000E+001  0.0000000000E+000

  0.2727272727E+000  0.3030303030E-001  0.0000000000E+000
  0.2727272727E+000  0.6060606061E-001 -0.2082212759E-004
  0.2727272727E+000  0.9090909091E-001 -0.4144333180E-004
  0.2727272727E+000  0.1212121212E+000 -0.6166466856E-004
  0.2727272727E+000  0.1515151515E+000 -0.8129112405E-004
  0.2727272727E+000  0.1818181818E+000 -0.1001335278E-003
  0.2727272727E+000  0.2121212121E+000 -0.1180103843E-003
  0.2727272727E+000  0.2424242424E+000 -0.1347496376E-003
  0.2727272727E+000  0.2727272727E+000 -0.1501903020E-003
  0.2727272727E+000  0.3030303030E+000 -0.1641840236E-003
  0.2727272727E+000  0.3333333333E+000 -0.1765964294E-003
  0.2727272727E+000  0.3636363636E+000 -0.1873084359E-003
  0.2727272727E+000  0.3939393939E+000 -0.1962173233E-003
  0.2727272727E+000  0.4242424242E+000 -0.2032377199E-003
  0.2727272727E+000  0.4545454545E+000 -0.2083023268E-003
  0.2727272727E+000  0.4848484848E+000 -0.2113625888E-003
  0.2727272727E+000  0.5151515152E+000 -0.2123891184E-003
  0.2727272727E+000  0.5454545455E+000 -0.2113719428E-003
  0.2727272727E+000  0.5757575758E+000 -0.2083206793E-003
  0.2727272727E+000  0.6060606061E+000 -0.2032643730E-003
  0.2727272727E+000  0.6363636364E+000 -0.1962512627E-003
  0.2727272727E+000  0.6666666667E+000 -0.1873483685E-003
  0.2727272727E+000  0.6969696970E+000 -0.1766408312E-003
  0.2727272727E+000  0.7272727273E+000 -0.1642311967E-003
  0.2727272727E+000  0.7575757576E+000 -0.1502384379E-003
  0.2727272727E+000  0.7878787879E+000 -0.1347968862E-003
  0.2727272727E+000  0.8181818182E+000 -0.1180549251E-003
  0.2727272727E+000  0.8484848485E+000 -0.1001736407E-003
  0.2727272727E+000  0.8787878788E+000 -0.8132525699E-004
  0.2727272727E+000  0.9090909091E+000 -0.6169149903E-004
  0.2727272727E+000  0.9393939394E+000 -0.4146181915E-004
  0.2727272727E+000  0.9696969697E+000 -0.2083155428E-004
  0.2727272727E+000  0.1000000000E+001  0.0000000000E+000

  0.3030303030E+000  0.3030303030E-001  0.0000000000E+000
  0.3030303030E+000  0.6060606061E-001 -0.2276060447E-004
  0.3030303030E+000  0.9090909091E-001 -0.4530158427E-004
  0.3030303030E+000  0.1212121212E+000 -0.6740547619E-004
  0.3030303030E+000  0.1515151515E+000 -0.8885911557E-004
  0.3030303030E+000  0.1818181818E+000 -0.1094557181E-003
  0.3030303030E+000  0.2121212121E+000 -0.1289968961E-003
  0.3030303030E+000  0.2424242424E+000 -0.1472945657E-003
  0.3030303030E+000  0.2727272727E+000 -0.1641727637E-003
  0.3030303030E+000  0.3030303030E+000 -0.1794693014E-003
  0.3030303030E+000  0.3333333333E+000 -0.1930373133E-003
  0.3030303030E+000  0.3636363636E+000 -0.2047466099E-003
  0.3030303030E+000  0.3939393939E+000 -0.2144849226E-003
  0.3030303030E+000  0.4242424242E+000 -0.2221589075E-003
  0.3030303030E+000  0.4545454545E+000 -0.2276950186E-003
  0.3030303030E+000  0.4848484848E+000 -0.2310401702E-003
  0.3030303030E+000  0.5151515152E+000 -0.2321622340E-003
  0.3030303030E+000  0.5454545455E+000 -0.2310503320E-003
  0.3030303030E+000  0.5757575758E+000 -0.2277149572E-003
  0.3030303030E+000  0.6060606061E+000 -0.2221878669E-003
  0.3030303030E+000  0.6363636364E+000 -0.2145218039E-003
  0.3030303030E+000  0.6666666667E+000 -0.2047900112E-003
  0.3030303030E+000  0.6969696970E+000 -0.1930855816E-003
  0.3030303030E+000  0.7272727273E+000 -0.1795205934E-003
  0.3030303030E+000  0.7575757576E+000 -0.1642251146E-003
  0.3030303030E+000  0.7878787879E+000 -0.1473459638E-003
  0.3030303030E+000  0.8181818182E+000 -0.1290453598E-003
  0.3030303030E+000  0.8484848485E+000 -0.1094993733E-003
  0.3030303030E+000  0.8787878788E+000 -0.8889627002E-004
  0.3030303030E+000  0.9090909091E+000 -0.6743468645E-004
  0.3030303030E+000  0.9393939394E+000 -0.4532171382E-004
  0.3030303030E+000  0.9696969697E+000 -0.2277086927E-004
  0.3030303030E+000  0.1000000000E+001  0.0000000000E+000

  0.3333333333E+000  0.3030303030E-001  0.0000000000E+000
  0.3333333333E+000  0.6060606061E-001 -0.2447947068E-004
  0.3333333333E+000  0.9090909091E-001 -0.4872273442E-004
  0.3333333333E+000  0.1212121212E+000 -0.7249590877E-004
  0.3333333333E+000  0.1515151515E+000 -0.9556973225E-004
  0.3333333333E+000  0.1818181818E+000 -0.1177218064E-003
  0.3333333333E+000  0.2121212121E+000 -0.1387387583E-003
  0.3333333333E+000  0.2424242424E+000 -0.1584183016E-003
  0.3333333333E+000  0.2727272727E+000 -0.1765711745E-003
  0.3333333333E+000  0.3030303030E+000 -0.1930229466E-003
  0.3333333333E+000  0.3333333333E+000 -0.2076156464E-003
  0.3333333333E+000  0.3636363636E+000 -0.2202092550E-003
  0.3333333333E+000  0.3939393939E+000 -0.2306830155E-003
  0.3333333333E+000  0.4242424242E+000 -0.2389365511E-003
  0.3333333333E+000  0.4545454545E+000 -0.2448907408E-003
  0.3333333333E+000  0.4848484848E+000 -0.2484884994E-003
  0.3333333333E+000  0.5151515152E+000 -0.2496952747E-003
  0.3333333333E+000  0.5454545455E+000 -0.2484993509E-003
  0.3333333333E+000  0.5757575758E+000 -0.2449120341E-003
  0.3333333333E+000  0.6060606061E+000 -0.2389674818E-003
  0.3333333333E+000  0.6363636364E+000 -0.2307224132E-003
  0.3333333333E+000  0.6666666667E+000 -0.2202556263E-003
  0.3333333333E+000  0.6969696970E+000 -0.2076672289E-003
  0.3333333333E+000  0.7272727273E+000 -0.1930777735E-003
  0.3333333333E+000  0.7575757576E+000 -0.1766271474E-003
  0.3333333333E+000  0.7878787879E+000 -0.1584732697E-003
  0.3333333333E+000  0.8181818182E+000 -0.1387906010E-003
  0.3333333333E+000  0.8484848485E+000 -0.1177685162E-003
  0.3333333333E+000  0.8787878788E+000 -0.9560949450E-004
  0.3333333333E+000  0.9090909091E+000 -0.7252717452E-004
  0.3333333333E+000  0.9393939394E+000 -0.4874428319E-004
  0.3333333333E+000  0.9696969697E+000 -0.2449046006E-004
  0.3333333333E+000  0.1000000000E+001  0.0000000000E+000

  0.3636363636E+000  0.3030303030E-001  0.0000000000E+000
  0.3636363636E+000  0.6060606061E-001 -0.2596225917E-004
  0.3636363636E+000  0.9090909091E-001 -0.5167400718E-004
  0.3636363636E+000  0.1212121212E+000 -0.7688719729E-004
  0.3636363636E+000  0.1515151515E+000 -0.1013586832E-003
  0.3636363636E+000  0.1818181818E+000 -0.1248525945E-003
  0.3636363636E+000  0.2121212121E+000 -0.1471426347E-003
  0.3636363636E+000  0.2424242424E+000 -0.1680142594E-003
  0.3636363636E+000  0.2727272727E+000 -0.1872667453E-003
  0.3636363636E+000  0.3030303030E+000 -0.2047150817E-003
  0.3636363636E+000  0.3333333333E+000 -0.2201917344E-003
  0.3636363636E+000  0.3636363636E+000 -0.2335481945E-003
  0.3636363636E+000  0.3939393939E+000 -0.2446564012E-003
  0.3636363636E+000  0.4242424242E+000 -0.2534098711E-003
  0.3636363636E+000  0.4545454545E+000 -0.2597247146E-003
  0.3636363636E+000  0.4848484848E+000 -0.2635403730E-003
  0.3636363636E+000  0.5151515152E+000 -0.2648202014E-003
  0.3636363636E+000  0.5454545455E+000 -0.2635517883E-003
  0.3636363636E+000  0.5757575758E+000 -0.2597471159E-003
  0.3636363636E+000  0.6060606061E+000 -0.2534424152E-003
  0.3636363636E+000  0.6363636364E+000 -0.2446978610E-003
  0.3636363636E+000  0.6666666667E+000 -0.2335970029E-003
  0.3636363636E+000  0.6969696970E+000 -0.2202460406E-003
  0.3636363636E+000  0.7272727273E+000 -0.2047728184E-003
  0.3636363636E+000  0.7575757576E+000 -0.1873257045E-003
  0.3636363636E+000  0.7878787879E+000 -0.1680721757E-003
  0.3636363636E+000  0.8181818182E+000 -0.1471972721E-003
  0.3636363636E+000  0.8484848485E+000 -0.1249018341E-003
  0.3636363636E+000  0.8787878788E+000 -0.1014006078E-003
  0.3636363636E+000  0.9090909091E+000 -0.7692016907E-004
  0.3636363636E+000  0.9393939394E+000 -0.5169673473E-004
  0.3636363636E+000  0.9696969697E+000 -0.2597385063E-004
  0.3636363636E+000  0.1000000000E+001  0.0000000000E+000

  0.3939393939E+000  0.3030303030E-001  0.0000000000E+000
  0.3939393939E+000  0.6060606061E-001 -0.2719479125E-004
  0.3939393939E+000  0.9090909091E-001 -0.5412718109E-004
  0.3939393939E+000  0.1212121212E+000 -0.8053735055E-004
  0.3939393939E+000  0.1515151515E+000 -0.1061706098E-003
  0.3939393939E+000  0.1818181818E+000 -0.1307798929E-003
  0.3939393939E+000  0.2121212121E+000 -0.1541281549E-003
  0.3939393939E+000  0.2424242424E+000 -0.1759906727E-003
  0.3939393939E+000  0.2727272727E+000 -0.1961571762E-003
  0.3939393939E+000  0.3030303030E+000 -0.2144338886E-003
  0.3939393939E+000  0.3333333333E+000 -0.2306452948E-003
  0.3939393939E+000  0.3636363636E+000 -0.2446358595E-003
  0.3939393939E+000  0.3939393939E+000 -0.2562714011E-003
  0.3939393939E+000  0.4242424242E+000 -0.2654404393E-003
  0.3939393939E+000  0.4545454545E+000 -0.2720550411E-003
  0.3939393939E+000  0.4848484848E+000 -0.2760518182E-003
  0.3939393939E+000  0.5151515152E+000 -0.2773923644E-003
  0.3939393939E+000  0.5454545455E+000 -0.2760636653E-003
  0.3939393939E+000  0.5757575758E+000 -0.2720782917E-003
  0.3939393939E+000  0.6060606061E+000 -0.2654742217E-003
  0.3939393939E+000  0.6363636364E+000 -0.2563144460E-003
  0.3939393939E+000  0.6666666667E+000 -0.2446865450E-003
  0.3939393939E+000  0.6969696970E+000 -0.2307017035E-003
  0.3939393939E+000  0.7272727273E+000 -0.2144938765E-003
  0.3939393939E+000  0.7575757576E+000 -0.1962184513E-003
  0.3939393939E+000  0.7878787879E+000 -0.1760508805E-003
  0.3939393939E+000  0.8181818182E+000 -0.1541849690E-003
  0.3939393939E+000  0.8484848485E+000 -0.1308311066E-003
  0.3939393939E+000  0.8787878788E+000 -0.1062142245E-003
  0.3939393939E+000  0.9090909091E+000 -0.8057165751E-004
  0.3939393939E+000  0.9393939394E+000 -0.5415083205E-004
  0.3939393939E+000  0.9696969697E+000 -0.2720685463E-004
  0.3939393939E+000  0.1000000000E+001  0.0000000000E+000

  0.4242424242E+000  0.3030303030E-001  0.0000000000E+000
  0.4242424242E+000  0.6060606061E-001 -0.2816530518E-004
  0.4242424242E+000  0.9090909091E-001 -0.5605884684E-004
  0.4242424242E+000  0.1212121212E+000 -0.8341153454E-004
  0.4242424242E+000  0.1515151515E+000 -0.1099595915E-003
  0.4242424242E+000  0.1818181818E+000 -0.1354471324E-003
  0.4242424242E+000  0.2121212121E+000 -0.1596286554E-003
  0.4242424242E+000  0.2424242424E+000 -0.1822714088E-003
  0.4242424242E+000  0.2727272727E+000 -0.2031576280E-003
  0.4242424242E+000  0.3030303030E+000 -0.2220865970E-003
  0.4242424242E+000  0.3333333333E+000 -0.2388765587E-003
  0.4242424242E+000  0.3636363636E+000 -0.2533664012E-003
  0.4242424242E+000  0.3939393939E+000 -0.2654171886E-003
  0.4242424242E+000  0.4242424242E+000 -0.2749134038E-003
  0.4242424242E+000  0.4545454545E+000 -0.2817640334E-003
  0.4242424242E+000  0.4848484848E+000 -0.2859033936E-003
  0.4242424242E+000  0.5151515152E+000 -0.2872917159E-003
  0.4242424242E+000  0.5454545455E+000 -0.2859155364E-003
  0.4242424242E+000  0.5757575758E+000 -0.2817878664E-003
  0.4242424242E+000  0.6060606061E+000 -0.2749480372E-003
  0.4242424242E+000  0.6363636364E+000 -0.2654613261E-003
  0.4242424242E+000  0.6666666667E+000 -0.2534183846E-003
  0.4242424242E+000  0.6969696970E+000 -0.2389344264E-003
  0.4242424242E+000  0.7272727273E+000 -0.2221481530E-003
  0.4242424242E+000  0.7575757576E+000 -0.2032205222E-003
  0.4242424242E+000  0.7878787879E+000 -0.1823332245E-003
  0.4242424242E+000  0.8181818182E+000 -0.1596870022E-003
  0.4242424242E+000  0.8484848485E+000 -0.1354997404E-003
  0.4242424242E+000  0.8787878788E+000 -0.1100044030E-003
  0.4242424242E+000  0.9090909091E+000 -0.8344678896E-004
  0.4242424242E+000  0.9393939394E+000 -0.5608315405E-004
  0.4242424242E+000  0.9696969697E+000 -0.2817770425E-004
  0.4242424242E+000  0.1000000000E+001  0.0000000000E+000

  0.4545454545E+000  0.3030303030E-001  0.0000000000E+000
  0.4545454545E+000  0.6060606061E-001 -0.2886456229E-004
  0.4545454545E+000  0.9090909091E-001 -0.5745061487E-004
  0.4545454545E+000  0.1212121212E+000 -0.8548238856E-004
  0.4545454545E+000  0.1515151515E+000 -0.1126895563E-003
  0.4545454545E+000  0.1818181818E+000 -0.1388098794E-003
  0.4545454545E+000  0.2121212121E+000 -0.1635917596E-003
  0.4545454545E+000  0.2424242424E+000 -0.1867966693E-003
  0.4545454545E+000  0.2727272727E+000 -0.2082014276E-003
  0.4545454545E+000  0.3030303030E+000 -0.2276003384E-003
  0.4545454545E+000  0.3333333333E+000 -0.2448071254E-003
  0.4545454545E+000  0.3636363636E+000 -0.2596566851E-003
  0.4545454545E+000  0.3939393939E+000 -0.2720066124E-003
  0.4545454545E+000  0.4242424242E+000 -0.2817385507E-003
  0.4545454545E+000  0.4545454545E+000 -0.2887591954E-003
  0.4545454545E+000  0.4848484848E+000 -0.2930012825E-003
  0.4545454545E+000  0.5151515152E+000 -0.2944240227E-003
  0.4545454545E+000  0.5454545455E+000 -0.2930135831E-003
  0.4545454545E+000  0.5757575758E+000 -0.2887833401E-003
  0.4545454545E+000  0.6060606061E+000 -0.2817736418E-003
  0.4545454545E+000  0.6363636364E+000 -0.2720513411E-003
  0.4545454545E+000  0.6666666667E+000 -0.2597093765E-003
  0.4545454545E+000  0.6969696970E+000 -0.2448657956E-003
  0.4545454545E+000  0.7272727273E+000 -0.2276627645E-003
  0.4545454545E+000  0.7575757576E+000 -0.2082652282E-003
  0.4545454545E+000  0.7878787879E+000 -0.1868593927E-003
  0.4545454545E+000  0.8181818182E+000 -0.1636509782E-003
  0.4545454545E+000  0.8484848485E+000 -0.1388632858E-003
  0.4545454545E+000  0.8787878788E+000 -0.1127350572E-003
  0.4545454545E+000  0.9090909091E+000 -0.8551819118E-004
  0.4545454545E+000  0.9393939394E+000 -0.5747530305E-004
  0.4545454545E+000  0.9696969697E+000 -0.2887715663E-004
  0.4545454545E+000  0.1000000000E+001  0.0000000000E+000

  0.4848484848E+000  0.3030303030E-001  0.0000000000E+000
  0.4848484848E+000  0.6060606061E-001 -0.2928592950E-004
  0.4848484848E+000  0.9090909091E-001 -0.5828928402E-004
  0.4848484848E+000  0.1212121212E+000 -0.8673026713E-004
  0.4848484848E+000  0.1515151515E+000 -0.1143346044E-003
  0.4848484848E+000  0.1818181818E+000 -0.1408362295E-003
  0.4848484848E+000  0.2121212121E+000 -0.1659798700E-003
  0.4848484848E+000  0.2424242424E+000 -0.1895235129E-003
  0.4848484848E+000  0.2727272727E+000 -0.2112407177E-003
  0.4848484848E+000  0.3030303030E+000 -0.2309227838E-003
  0.4848484848E+000  0.3333333333E+000 -0.2483807175E-003
  0.4848484848E+000  0.3636363636E+000 -0.2634470021E-003
  0.4848484848E+000  0.3939393939E+000 -0.2759771661E-003
  0.4848484848E+000  0.4242424242E+000 -0.2858511019E-003
  0.4848484848E+000  0.4545454545E+000 -0.2929741831E-003
  0.4848484848E+000  0.4848484848E+000 -0.2972781308E-003
  0.4848484848E+000  0.5151515152E+000 -0.2987215379E-003
  0.4848484848E+000  0.5454545455E+000 -0.2972904515E-003
  0.4848484848E+000  0.5757575758E+000 -0.2929983691E-003
  0.4848484848E+000  0.6060606061E+000 -0.2858862575E-003
  0.4848484848E+000  0.6363636364E+000 -0.2760219848E-003
  0.4848484848E+000  0.6666666667E+000 -0.2634998103E-003
  0.4848484848E+000  0.6969696970E+000 -0.2484395314E-003
  0.4848484848E+000  0.7272727273E+000 -0.2309853785E-003
  0.4848484848E+000  0.7575757576E+000 -0.2113047069E-003
  0.4848484848E+000  0.7878787879E+000 -0.1895864375E-003
  0.4848484848E+000  0.8181818182E+000 -0.1660392929E-003
  0.4848484848E+000  0.8484848485E+000 -0.1408898318E-003
  0.4848484848E+000  0.8787878788E+000 -0.1143802808E-003
  0.4848484848E+000  0.9090909091E+000 -0.8676621346E-004
  0.4848484848E+000  0.9393939394E+000 -0.5831407410E-004
  0.4848484848E+000  0.9696969697E+000 -0.2929857671E-004
  0.4848484848E+000  0.1000000000E+001  0.0000000000E+000

  0.5151515152E+000  0.3030303030E-001  0.0000000000E+000
  0.5151515152E+000  0.6060606061E-001 -0.2942543650E-004
  0.5151515152E+000  0.9090909091E-001 -0.5856695096E-004
  0.5151515152E+000  0.1212121212E+000 -0.8714341002E-004
  0.5151515152E+000  0.1515151515E+000 -0.1148792375E-003
  0.5151515152E+000  0.1818181818E+000 -0.1415070856E-003
  0.5151515152E+000  0.2121212121E+000 -0.1667704781E-003
  0.5151515152E+000  0.2424242424E+000 -0.1904262359E-003
  0.5151515152E+000  0.2727272727E+000 -0.2122468551E-003
  0.5151515152E+000  0.3030303030E+000 -0.2320226145E-003
  0.5151515152E+000  0.3333333333E+000 -0.2495636485E-003
  0.5151515152E+000  0.3636363636E+000 -0.2647016207E-003
  0.5151515152E+000  0.3939393939E+000 -0.2772913954E-003
  0.5151515152E+000  0.4242424242E+000 -0.2872122689E-003
  0.5151515152E+000  0.4545454545E+000 -0.2943692058E-003
  0.5151515152E+000  0.4848484848E+000 -0.2986935388E-003
  0.5151515152E+000  0.5151515152E+000 -0.3001438223E-003
  0.5151515152E+000  0.5454545455E+000 -0.2987057444E-003
  0.5151515152E+000  0.5757575758E+000 -0.2943931677E-003
  0.5151515152E+000  0.6060606061E+000 -0.2872471028E-003
  0.5151515152E+000  0.6363636364E+000 -0.2773358108E-003
  0.5151515152E+000  0.6666666667E+000 -0.2647539635E-003
  0.5151515152E+000  0.6969696970E+000 -0.2496219563E-003
  0.5151515152E+000  0.7272727273E+000 -0.2320846844E-003
  0.5151515152E+000  0.7575757576E+000 -0.2123103225E-003
  0.5151515152E+000  0.7878787879E+000 -0.1904886617E-003
  0.5151515152E+000  0.8181818182E+000 -0.1668294426E-003
  0.5151515152E+000  0.8484848485E+000 -0.1415602852E-003
  0.5151515152E+000  0.8787878788E+000 -0.1149245785E-003
  0.5151515152E+000  0.9090909091E+000 -0.8717909740E-004
  0.5151515152E+000  0.9393939394E+000 -0.5859156502E-004
  0.5151515152E+000  0.9696969697E+000 -0.2943799470E-004
  0.5151515152E+000  0.1000000000E+001  0.0000000000E+000

  0.5454545455E+000  0.3030303030E-001  0.0000000000E+000
  0.5454545455E+000  0.6060606061E-001 -0.2928180958E-004
  0.5454545455E+000  0.9090909091E-001 -0.5828107911E-004
  0.5454545455E+000  0.1212121212E+000 -0.8671804682E-004
  0.5454545455E+000  0.1515151515E+000 -0.1143184724E-003
  0.5454545455E+000  0.1818181818E+000 -0.1408163229E-003
  0.5454545455E+000  0.2121212121E+000 -0.1659563585E-003
  0.5454545455E+000  0.2424242424E+000 -0.1894965974E-003
  0.5454545455E+000  0.2727272727E+000 -0.2112106299E-003
  0.5454545455E+000  0.3030303030E+000 -0.2308897845E-003
  0.5454545455E+000  0.3333333333E+000 -0.2483450958E-003
  0.5454545455E+000  0.3636363636E+000 -0.2634090740E-003
  0.5454545455E+000  0.3939393939E+000 -0.2759372725E-003
  0.5454545455E+000  0.4242424242E+000 -0.2858096073E-003
  0.5454545455E+000  0.4545454545E+000 -0.2929314728E-003
  0.5454545455E+000  0.4848484848E+000 -0.2972346082E-003
  0.5454545455E+000  0.5151515152E+000 -0.2986776208E-003
  0.5454545455E+000  0.5454545455E+000 -0.2972465686E-003
  0.5454545455E+000  0.5757575758E+000 -0.2929549547E-003
  0.5454545455E+000  0.6060606061E+000 -0.2858437468E-003
  0.5454545455E+000  0.6363636364E+000 -0.2759808083E-003
  0.5454545455E+000  0.6666666667E+000 -0.2634603882E-003
  0.5454545455E+000  0.6969696970E+000 -0.2484022681E-003
  0.5454545455E+000  0.7272727273E+000 -0.2309506574E-003
  0.5454545455E+000  0.7575757576E+000 -0.2112728856E-003
  0.5454545455E+000  0.7878787879E+000 -0.1895578435E-003
  0.5454545455E+000  0.8181818182E+000 -0.1660142197E-003
  0.5454545455E+000  0.8484848485E+000 -0.1408685361E-003
  0.5454545455E+000  0.8787878788E+000 -0.1143629795E-003
  0.5454545455E+000  0.9090909091E+000 -0.8675308222E-004
  0.5454545455E+000  0.9393939394E+000 -0.5830524572E-004
  0.5454545455E+000  0.9696969697E+000 -0.2929414019E-004
  0.5454545455E+000  0.1000000000E+001  0.0000000000E+000

  0.5757575758E+000  0.3030303030E-001  0.0000000000E+000
  0.5757575758E+000  0.6060606061E-001 -0.2885648258E-004
  0.5757575758E+000  0.9090909091E-001 -0.5743452381E-004
  0.5757575758E+000  0.1212121212E+000 -0.8545842237E-004
  0.5757575758E+000  0.1515151515E+000 -0.1126579181E-003
  0.5757575758E+000  0.1818181818E+000 -0.1387708374E-003
  0.5757575758E+000  0.2121212121E+000 -0.1635456461E-003
  0.5757575758E+000  0.2424242424E+000 -0.1867438782E-003
  0.5757575758E+000  0.2727272727E+000 -0.2081424125E-003
  0.5757575758E+000  0.3030303030E+000 -0.2275356106E-003
  0.5757575758E+000  0.3333333333E+000 -0.2447372517E-003
  0.5757575758E+000  0.3636363636E+000 -0.2595822849E-003
  0.5757575758E+000  0.3939393939E+000 -0.2719283545E-003
  0.5757575758E+000  0.4242424242E+000 -0.2816571502E-003
  0.5757575758E+000  0.4545454545E+000 -0.2886754082E-003
  0.5757575758E+000  0.4848484848E+000 -0.2929159002E-003
  0.5757575758E+000  0.5151515152E+000 -0.2943378657E-003
  0.5757575758E+000  0.5454545455E+000 -0.2929274923E-003
  0.5757575758E+000  0.5757575758E+000 -0.2886981681E-003
  0.5757575758E+000  0.6060606061E+000 -0.2816902426E-003
  0.5757575758E+000  0.6363636364E+000 -0.2719705594E-003
  0.5757575758E+000  0.6666666667E+000 -0.2596320368E-003
  0.5757575758E+000  0.6969696970E+000 -0.2447926912E-003
  0.5757575758E+000  0.7272727273E+000 -0.2275946477E-003
  0.5757575758E+000  0.7575757576E+000 -0.2082028006E-003
  0.5757575758E+000  0.7878787879E+000 -0.1868032967E-003
  0.5757575758E+000  0.8181818182E+000 -0.1636017896E-003
  0.5757575758E+000  0.8484848485E+000 -0.1388215079E-003
  0.5757575758E+000  0.8787878788E+000 -0.1127011157E-003
  0.5757575758E+000  0.9090909091E+000 -0.8549243057E-004
  0.5757575758E+000  0.9393939394E+000 -0.5745798375E-004
  0.5757575758E+000  0.9696969697E+000 -0.2886845321E-004
  0.5757575758E+000  0.1000000000E+001  0.0000000000E+000

  0.6060606061E+000  0.3030303030E-001  0.0000000000E+000
  0.6060606061E+000  0.6060606061E-001 -0.2815357945E-004
  0.6060606061E+000  0.9090909091E-001 -0.5603549430E-004
  0.6060606061E+000  0.1212121212E+000 -0.8337675229E-004
  0.6060606061E+000  0.1515151515E+000 -0.1099136733E-003
  0.6060606061E+000  0.1818181818E+000 -0.1353904669E-003
  0.6060606061E+000  0.2121212121E+000 -0.1595617234E-003
  0.6060606061E+000  0.2424242424E+000 -0.1821947808E-003
  0.6060606061E+000  0.2727272727E+000 -0.2030719614E-003
  0.6060606061E+000  0.3030303030E+000 -0.2219926331E-003
  0.6060606061E+000  0.3333333333E+000 -0.2387751194E-003
  0.6060606061E+000  0.3636363636E+000 -0.2532583851E-003
  0.6060606061E+000  0.3939393939E+000 -0.2653035670E-003
  0.6060606061E+000  0.4242424242E+000 -0.2747952146E-003
  0.6060606061E+000  0.4545454545E+000 -0.2816423749E-003
  0.6060606061E+000  0.4848484848E+000 -0.2857794156E-003
  0.6060606061E+000  0.5151515152E+000 -0.2871666105E-003
  0.6060606061E+000  0.5454545455E+000 -0.2857905255E-003
  0.6060606061E+000  0.5757575758E+000 -0.2816641887E-003
  0.6060606061E+000  0.6060606061E+000 -0.2748269333E-003
  0.6060606061E+000  0.6363636364E+000 -0.2653440231E-003
  0.6060606061E+000  0.6666666667E+000 -0.2533060799E-003
  0.6060606061E+000  0.6969696970E+000 -0.2388282723E-003
  0.6060606061E+000  0.7272727273E+000 -0.2220492419E-003
  0.6060606061E+000  0.7575757576E+000 -0.2031298728E-003
  0.6060606061E+000  0.7878787879E+000 -0.1822517695E-003
  0.6060606061E+000  0.8181818182E+000 -0.1596155777E-003
  0.6060606061E+000  0.8484848485E+000 -0.1354390770E-003
  0.6060606061E+000  0.8787878788E+000 -0.1099551188E-003
  0.6060606061E+000  0.9090909091E+000 -0.8340938389E-004
  0.6060606061E+000  0.9393939394E+000 -0.5605800611E-004
  0.6060606061E+000  0.9696969697E+000 -0.2816506677E-004
  0.6060606061E+000  0.1000000000E+001  0.0000000000E+000

  0.6363636364E+000  0.3030303030E-001  0.0000000000E+000
  0.6363636364E+000  0.6060606061E-001 -0.2717987433E-004
  0.6363636364E+000  0.9090909091E-001 -0.5409747258E-004
  0.6363636364E+000  0.1212121212E+000 -0.8049310018E-004
  0.6363636364E+000  0.1515151515E+000 -0.1061121900E-003
  0.6363636364E+000  0.1818181818E+000 -0.1307077961E-003
  0.6363636364E+000  0.2121212121E+000 -0.1540429911E-003
  0.6363636364E+000  0.2424242424E+000 -0.1758931658E-003
  0.6363636364E+000  0.2727272727E+000 -0.1960481608E-003
  0.6363636364E+000  0.3030303030E+000 -0.2143143062E-003
  0.6363636364E+000  0.3333333333E+000 -0.2305161901E-003
  0.6363636364E+000  0.3636363636E+000 -0.2444983755E-003
  0.6363636364E+000  0.3939393939E+000 -0.2561267736E-003
  0.6363636364E+000  0.4242424242E+000 -0.2652899899E-003
  0.6363636364E+000  0.4545454545E+000 -0.2719001683E-003
  0.6363636364E+000  0.4848484848E+000 -0.2758939870E-003
  0.6363636364E+000  0.5151515152E+000 -0.2772330936E-003
  0.6363636364E+000  0.5454545455E+000 -0.2759045118E-003
  0.6363636364E+000  0.5757575758E+000 -0.2719208338E-003
  0.6363636364E+000  0.6060606061E+000 -0.2653200399E-003
  0.6363636364E+000  0.6363636364E+000 -0.2561651032E-003
  0.6363636364E+000  0.6666666667E+000 -0.2445435662E-003
  0.6363636364E+000  0.6969696970E+000 -0.2305665559E-003
  0.6363636364E+000  0.7272727273E+000 -0.2143679510E-003
  0.6363636364E+000  0.7575757576E+000 -0.1961030447E-003
  0.6363636364E+000  0.7878787879E+000 -0.1759471802E-003
  0.6363636364E+000  0.8181818182E+000 -0.1540940394E-003
  0.6363636364E+000  0.8484848485E+000 -0.1307538776E-003
  0.6363636364E+000  0.8787878788E+000 -0.1061514826E-003
  0.6363636364E+000  0.9090909091E+000 -0.8052403898E-004
  0.6363636364E+000  0.9393939394E+000 -0.5411881772E-004
  0.6363636364E+000  0.9696969697E+000 -0.2719076669E-004
  0.6363636364E+000  0.1000000000E+001  0.0000000000E+000

  0.6666666667E+000  0.3030303030E-001  0.0000000000E+000
  0.6666666667E+000  0.6060606061E-001 -0.2594472876E-004
  0.6666666667E+000  0.9090909091E-001 -0.5163909292E-004
  0.6666666667E+000  0.1212121212E+000 -0.7683519129E-004
  0.6666666667E+000  0.1515151515E+000 -0.1012900211E-003
  0.6666666667E+000  0.1818181818E+000 -0.1247678528E-003
  0.6666666667E+000  0.2121212121E+000 -0.1470425276E-003
  0.6666666667E+000  0.2424242424E+000 -0.1678996348E-003
  0.6666666667E+000  0.2727272727E+000 -0.1871385817E-003
  0.6666666667E+000  0.3030303030E+000 -0.2045744837E-003
  0.6666666667E+000  0.3333333333E+000 -0.2200399284E-003
  0.6666666667E+000  0.3636363636E+000 -0.2333865233E-003
  0.6666666667E+000  0.3939393939E+000 -0.2444863174E-003
  0.6666666667E+000  0.4242424242E+000 -0.2532329293E-003
  0.6666666667E+000  0.4545454545E+000 -0.2595425606E-003
  0.6666666667E+000  0.4848484848E+000 -0.2633547314E-003
  0.6666666667E+000  0.5151515152E+000 -0.2646328602E-003
  0.6666666667E+000  0.5454545455E+000 -0.2633645806E-003
  0.6666666667E+000  0.5757575758E+000 -0.2595618999E-003
  0.6666666667E+000  0.6060606061E+000 -0.2532610515E-003
  0.6666666667E+000  0.6363636364E+000 -0.2445221891E-003
  0.6666666667E+000  0.6666666667E+000 -0.2334288175E-003
  0.6666666667E+000  0.6969696970E+000 -0.2200870680E-003
  0.6666666667E+000  0.7272727273E+000 -0.2046246947E-003
  0.6666666667E+000  0.7575757576E+000 -0.1871899554E-003
  0.6666666667E+000  0.7878787879E+000 -0.1679501976E-003
  0.6666666667E+000  0.8181818182E+000 -0.1470903168E-003
  0.6666666667E+000  0.8484848485E+000 -0.1248109952E-003
  0.6666666667E+000  0.8787878788E+000 -0.1013268100E-003
  0.6666666667E+000  0.9090909091E+000 -0.7686416022E-004
  0.6666666667E+000  0.9393939394E+000 -0.5165907990E-004
  0.6666666667E+000  0.9696969697E+000 -0.2595492834E-004
  0.6666666667E+000  0.1000000000E+001  0.0000000000E+000

  0.6969696970E+000  0.3030303030E-001  0.0000000000E+000
  0.6969696970E+000  0.6060606061E-001 -0.2446000445E-004
  0.6969696970E+000  0.9090909091E-001 -0.4868396383E-004
  0.6969696970E+000  0.1212121212E+000 -0.7243815649E-004
  0.6969696970E+000  0.1515151515E+000 -0.9549347964E-004
  0.6969696970E+000  0.1818181818E+000 -0.1176276906E-003
  0.6969696970E+000  0.2121212121E+000 -0.1386275691E-003
  0.6969696970E+000  0.2424242424E+000 -0.1582909774E-003
  0.6969696970E+000  0.2727272727E+000 -0.1764287987E-003
  0.6969696970E+000  0.3030303030E+000 -0.1928667434E-003
  0.6969696970E+000  0.3333333333E+000 -0.2074469760E-003
  0.6969696970E+000  0.3636363636E+000 -0.2200296077E-003
  0.6969696970E+000  0.3939393939E+000 -0.2304940051E-003
  0.6969696970E+000  0.4242424242E+000 -0.2387399053E-003
  0.6969696970E+000  0.4545454545E+000 -0.2446882898E-003
  0.6969696970E+000  0.4848484848E+000 -0.2482821618E-003
  0.6969696970E+000  0.5151515152E+000 -0.2494870399E-003
  0.6969696970E+000  0.5454545455E+000 -0.2482912588E-003
  0.6969696970E+000  0.5757575758E+000 -0.2447061521E-003
  0.6969696970E+000  0.6060606061E+000 -0.2387658800E-003
  0.6969696970E+000  0.6363636364E+000 -0.2305271378E-003
  0.6969696970E+000  0.6666666667E+000 -0.2200686732E-003
  0.6969696970E+000  0.6969696970E+000 -0.2074905177E-003
  0.6969696970E+000  0.7272727273E+000 -0.1929131232E-003
  0.6969696970E+000  0.7575757576E+000 -0.1764762540E-003
  0.6969696970E+000  0.7878787879E+000 -0.1583376853E-003
  0.6969696970E+000  0.8181818182E+000 -0.1386717169E-003
  0.6969696970E+000  0.8484848485E+000 -0.1176675474E-003
  0.6969696970E+000  0.8787878788E+000 -0.9552746842E-004
  0.6969696970E+000  0.9090909091E+000 -0.7246492170E-004
  0.6969696970E+000  0.9393939394E+000 -0.4870243103E-004
  0.6969696970E+000  0.9696969697E+000 -0.2446942870E-004
  0.6969696970E+000  0.1000000000E+001  0.0000000000E+000

  0.7272727273E+000  0.3030303030E-001  0.0000000000E+000
  0.7272727273E+000  0.6060606061E-001 -0.2273995349E-004
  0.7272727273E+000  0.9090909091E-001 -0.4526045304E-004
  0.7272727273E+000  0.1212121212E+000 -0.6734420508E-004
  0.7272727273E+000  0.1515151515E+000 -0.8877821251E-004
  0.7272727273E+000  0.1818181818E+000 -0.1093558557E-003
  0.7272727273E+000  0.2121212121E+000 -0.1288789085E-003
  0.7272727273E+000  0.2424242424E+000 -0.1471594447E-003
  0.7272727273E+000  0.2727272727E+000 -0.1640216554E-003
  0.7272727273E+000  0.3030303030E+000 -0.1793035018E-003
  0.7272727273E+000  0.3333333333E+000 -0.1928582634E-003
  0.7272727273E+000  0.3636363636E+000 -0.2045558901E-003
  0.7272727273E+000  0.3939393939E+000 -0.2142842453E-003
  0.7272727273E+000  0.4242424242E+000 -0.2219501073E-003
  0.7272727273E+000  0.4545454545E+000 -0.2274800401E-003
  0.7272727273E+000  0.4848484848E+000 -0.2308210526E-003
  0.7272727273E+000  0.5151515152E+000 -0.2319410922E-003
  0.7272727273E+000  0.5454545455E+000 -0.2308293348E-003
  0.7272727273E+000  0.5757575758E+000 -0.2274963027E-003
  0.7272727273E+000  0.6060606061E+000 -0.2219737556E-003
  0.7272727273E+000  0.6363636364E+000 -0.2143144106E-003
  0.7272727273E+000  0.6666666667E+000 -0.2045914569E-003
  0.7272727273E+000  0.6969696970E+000 -0.1928979058E-003
  0.7272727273E+000  0.7272727273E+000 -0.1793457285E-003
  0.7272727273E+000  0.7575757576E+000 -0.1640648619E-003
  0.7272727273E+000  0.7878787879E+000 -0.1472019717E-003
  0.7272727273E+000  0.8181818182E+000 -0.1289191055E-003
  0.7272727273E+000  0.8484848485E+000 -0.1093921469E-003
  0.7272727273E+000  0.8787878788E+000 -0.8880916183E-004
  0.7272727273E+000  0.9090909091E+000 -0.6736857768E-004
  0.7272727273E+000  0.9393939394E+000 -0.4527726991E-004
  0.7272727273E+000  0.9696969697E+000 -0.2274853571E-004
  0.7272727273E+000  0.1000000000E+001  0.0000000000E+000

  0.7575757576E+000  0.3030303030E-001  0.0000000000E+000
  0.7575757576E+000  0.6060606061E-001 -0.2080108705E-004
  0.7575757576E+000  0.9090909091E-001 -0.4140142361E-004
  0.7575757576E+000  0.1212121212E+000 -0.6160223749E-004
  0.7575757576E+000  0.1515151515E+000 -0.8120868477E-004
  0.7575757576E+000  0.1818181818E+000 -0.1000317622E-003
  0.7575757576E+000  0.2121212121E+000 -0.1178901383E-003
  0.7575757576E+000  0.2424242424E+000 -0.1346119181E-003
  0.7575757576E+000  0.2727272727E+000 -0.1500362731E-003
  0.7575757576E+000  0.3030303030E+000 -0.1640150030E-003
  0.7575757576E+000  0.3333333333E+000 -0.1764138833E-003
  0.7575757576E+000  0.3636363636E+000 -0.1871139739E-003
  0.7575757576E+000  0.3939393939E+000 -0.1960126905E-003
  0.7575757576E+000  0.4242424242E+000 -0.2030247873E-003
  0.7575757576E+000  0.4545454545E+000 -0.2080830785E-003
  0.7575757576E+000  0.4848484848E+000 -0.2111391064E-003
  0.7575757576E+000  0.5151515152E+000 -0.2121635613E-003
  0.7575757576E+000  0.5454545455E+000 -0.2111465257E-003
  0.7575757576E+000  0.5757575758E+000 -0.2080976466E-003
  0.7575757576E+000  0.6060606061E+000 -0.2030459715E-003
  0.7575757576E+000  0.6363636364E+000 -0.1960397125E-003
  0.7575757576E+000  0.6666666667E+000 -0.1871458344E-003
  0.7575757576E+000  0.6969696970E+000 -0.1764493947E-003
  0.7575757576E+000  0.7272727273E+000 -0.1640528295E-003
  0.7575757576E+000  0.7575757576E+000 -0.1500749775E-003
  0.7575757576E+000  0.7878787879E+000 -0.1346500142E-003
  0.7575757576E+000  0.8181818182E+000 -0.1179261479E-003
  0.7575757576E+000  0.8484848485E+000 -0.1000642736E-003
  0.7575757576E+000  0.8787878788E+000 -0.8123641142E-004
  0.7575757576E+000  0.9090909091E+000 -0.6162407286E-004
  0.7575757576E+000  0.9393939394E+000 -0.4141649018E-004
  0.7575757576E+000  0.9696969697E+000 -0.2080877616E-004
  0.7575757576E+000  0.1000000000E+001  0.0000000000E+000

  0.7878787879E+000  0.3030303030E-001  0.0000000000E+000
  0.7878787879E+000  0.6060606061E-001 -0.1866202109E-004
  0.7878787879E+000  0.9090909091E-001 -0.3714392936E-004
  0.7878787879E+000  0.1212121212E+000 -0.5526738621E-004
  0.7878787879E+000  0.1515151515E+000 -0.7285758134E-004
  0.7878787879E+000  0.1818181818E+000 -0.8974494131E-004
  0.7878787879E+000  0.2121212121E+000 -0.1057667851E-003
  0.7878787879E+000  0.2424242424E+000 -0.1207688881E-003
  0.7878787879E+000  0.2727272727E+000 -0.1346069740E-003
  0.7878787879E+000  0.3030303030E+000 -0.1471480698E-003
  0.7878787879E+000  0.3333333333E+000 -0.1582717758E-003
  0.7878787879E+000  0.3636363636E+000 -0.1678713764E-003
  0.7878787879E+000  0.3939393939E+000 -0.1758548558E-003
  0.7878787879E+000  0.4242424242E+000 -0.1821457217E-003
  0.7878787879E+000  0.4545454545E+000 -0.1866837210E-003
  0.7878787879E+000  0.4848484848E+000 -0.1894253778E-003
  0.7878787879E+000  0.5151515152E+000 -0.1903443949E-003
  0.7878787879E+000  0.5454545455E+000 -0.1894318995E-003
  0.7878787879E+000  0.5757575758E+000 -0.1866965265E-003
  0.7878787879E+000  0.6060606061E+000 -0.1821643429E-003
  0.7878787879E+000  0.6363636364E+000 -0.1758786083E-003
  0.7878787879E+000  0.6666666667E+000 -0.1678993819E-003
  0.7878787879E+000  0.6969696970E+000 -0.1583029903E-003
  0.7878787879E+000  0.7272727273E+000 -0.1471813193E-003
  0.7878787879E+000  0.7575757576E+000 -0.1346409953E-003
  0.7878787879E+000  0.7878787879E+000 -0.1208023749E-003
  0.7878787879E+000  0.8181818182E+000 -0.1057984382E-003
  0.7878787879E+000  0.8484848485E+000 -0.8977351999E-004
  0.7878787879E+000  0.8787878788E+000 -0.7288195455E-004
  0.7878787879E+000  0.9090909091E+000 -0.5528658107E-004
  0.7878787879E+000  0.9393939394E+000 -0.3715717422E-004
  0.7878787879E+000  0.9696969697E+000 -0.1866878059E-004
  0.7878787879E+000  0.1000000000E+001  0.0000000000E+000

  0.8181818182E+000  0.3030303030E-001  0.0000000000E+000
  0.8181818182E+000  0.6060606061E-001 -0.1634330266E-004
  0.8181818182E+000  0.9090909091E-001 -0.3252886545E-004
  0.8181818182E+000  0.1212121212E+000 -0.4840050330E-004
  0.8181818182E+000  0.1515151515E+000 -0.6380512072E-004
  0.8181818182E+000  0.1818181818E+000 -0.7859421195E-004
  0.8181818182E+000  0.2121212121E+000 -0.9262530570E-004
  0.8181818182E+000  0.2424242424E+000 -0.1057633441E-003
  0.8181818182E+000  0.2727272727E+000 -0.1178819722E-003
  0.8181818182E+000  0.3030303030E+000 -0.1288647503E-003
  0.8181818182E+000  0.3333333333E+000 -0.1386062344E-003
  0.8181818182E+000  0.3636363636E+000 -0.1470129792E-003
  0.8181818182E+000  0.3939393939E+000 -0.1540044000E-003
  0.8181818182E+000  0.4242424242E+000 -0.1595135232E-003
  0.8181818182E+000  0.4545454545E+000 -0.1634875773E-003
  0.8181818182E+000  0.4848484848E+000 -0.1658885006E-003
  0.8181818182E+000  0.5151515152E+000 -0.1666932674E-003
  0.8181818182E+000  0.5454545455E+000 -0.1658941021E-003
  0.8181818182E+000  0.5757575758E+000 -0.1634985761E-003
  0.8181818182E+000  0.6060606061E+000 -0.1595295170E-003
  0.8181818182E+000  0.6363636364E+000 -0.1540248011E-003
  0.8181818182E+000  0.6666666667E+000 -0.1470370331E-003
  0.8181818182E+000  0.6969696970E+000 -0.1386330446E-003
  0.8181818182E+000  0.7272727273E+000 -0.1288933084E-003
  0.8181818182E+000  0.7575757576E+000 -0.1179111932E-003
  0.8181818182E+000  0.7878787879E+000 -0.1057921063E-003
  0.8181818182E+000  0.8181818182E+000 -0.9265249317E-004
  0.8181818182E+000  0.8484848485E+000 -0.7861875900E-004
  0.8181818182E+000  0.8787878788E+000 -0.6382605586E-004
  0.8181818182E+000  0.9090909091E+000 -0.4841699078E-004
  0.8181818182E+000  0.9393939394E+000 -0.3254024230E-004
  0.8181818182E+000  0.9696969697E+000 -0.1634910887E-004
  0.8181818182E+000  0.1000000000E+001  0.0000000000E+000

  0.8484848485E+000  0.3030303030E-001  0.0000000000E+000
  0.8484848485E+000  0.6060606061E-001 -0.1386721641E-004
  0.8484848485E+000  0.9090909091E-001 -0.2760058704E-004
  0.8484848485E+000  0.1212121212E+000 -0.4106758521E-004
  0.8484848485E+000  0.1515151515E+000 -0.5413830693E-004
  0.8484848485E+000  0.1818181818E+000 -0.6668674319E-004
  0.8484848485E+000  0.2121212121E+000 -0.7859200883E-004
  0.8484848485E+000  0.2424242424E+000 -0.8973950548E-004
  0.8484848485E+000  0.2727272727E+000 -0.1000220274E-003
  0.8484848485E+000  0.3030303030E+000 -0.1093407725E-003
  0.8484848485E+000  0.3333333333E+000 -0.1176062815E-003
  0.8484848485E+000  0.3636363636E+000 -0.1247392668E-003
  0.8484848485E+000  0.3939393939E+000 -0.1306713604E-003
  0.8484848485E+000  0.4242424242E+000 -0.1353457330E-003
  0.8484848485E+000  0.4545454545E+000 -0.1387176188E-003
  0.8484848485E+000  0.4848484848E+000 -0.1407547222E-003
  0.8484848485E+000  0.5151515152E+000 -0.1414375097E-003
  0.8484848485E+000  0.5454545455E+000 -0.1407593912E-003
  0.8484848485E+000  0.5757575758E+000 -0.1387267865E-003
  0.8484848485E+000  0.6060606061E+000 -0.1353590640E-003
  0.8484848485E+000  0.6363636364E+000 -0.1306883650E-003
  0.8484848485E+000  0.6666666667E+000 -0.1247593161E-003
  0.8484848485E+000  0.6969696970E+000 -0.1176286282E-003
  0.8484848485E+000  0.7272727273E+000 -0.1093645762E-003
  0.8484848485E+000  0.7575757576E+000 -0.1000463839E-003
  0.8484848485E+000  0.7878787879E+000 -0.8976347960E-004
  0.8484848485E+000  0.8181818182E+000 -0.7861467050E-004
  0.8484848485E+000  0.8484848485E+000 -0.6670720411E-004
  0.8484848485E+000  0.8787878788E+000 -0.5415575730E-004
  0.8484848485E+000  0.9090909091E+000 -0.4108132836E-004
  0.8484848485E+000  0.9393939394E+000 -0.2761007028E-004
  0.8484848485E+000  0.9696969697E+000 -0.1387205624E-004
  0.8484848485E+000  0.1000000000E+001  0.0000000000E+000

  0.8787878788E+000  0.3030303030E-001  0.0000000000E+000
  0.8787878788E+000  0.6060606061E-001 -0.1125757398E-004
  0.8787878788E+000  0.9090909091E-001 -0.2240648720E-004
  0.8787878788E+000  0.1212121212E+000 -0.3333914976E-004
  0.8787878788E+000  0.1515151515E+000 -0.4395010278E-004
  0.8787878788E+000  0.1818181818E+000 -0.5413704695E-004
  0.8787878788E+000  0.2121212121E+000 -0.6380184706E-004
  0.8787878788E+000  0.2424242424E+000 -0.7285147205E-004
  0.8787878788E+000  0.2727272727E+000 -0.8119888987E-004
  0.8787878788E+000  0.3030303030E+000 -0.8876389712E-004
  0.8787878788E+000  0.3333333333E+000 -0.9547386852E-004
  0.8787878788E+000  0.3636363636E+000 -0.1012644429E-003
  0.8787878788E+000  0.3939393939E+000 -0.1060801190E-003
  0.8787878788E+000  0.4242424242E+000 -0.1098747670E-003
  0.8787878788E+000  0.4545454545E+000 -0.1126120476E-003
  0.8787878788E+000  0.4848484848E+000 -0.1142657447E-003
  0.8787878788E+000  0.5151515152E+000 -0.1148200075E-003
  0.8787878788E+000  0.5454545455E+000 -0.1142694764E-003
  0.8787878788E+000  0.5757575758E+000 -0.1126193749E-003
  0.8787878788E+000  0.6060606061E+000 -0.1098854219E-003
  0.8787878788E+000  0.6363636364E+000 -0.1060937099E-003
  0.8787878788E+000  0.6666666667E+000 -0.1012804673E-003
  0.8787878788E+000  0.6969696970E+000 -0.9549172915E-004
  0.8787878788E+000  0.7272727273E+000 -0.8878292232E-004
  0.8787878788E+000  0.7575757576E+000 -0.8121835692E-004
  0.8787878788E+000  0.7878787879E+000 -0.7287063362E-004
  0.8787878788E+000  0.8181818182E+000 -0.6381995969E-004
  0.8787878788E+000  0.8484848485E+000 -0.5415340064E-004
  0.8787878788E+000  0.8787878788E+000 -0.4396405025E-004
  0.8787878788E+000  0.9090909091E+000 -0.3335013421E-004
  0.8787878788E+000  0.9393939394E+000 -0.2241406685E-004
  0.8787878788E+000  0.9696969697E+000 -0.1126144230E-004
  0.8787878788E+000  0.1000000000E+001  0.0000000000E+000

  0.9090909091E+000  0.3030303030E-001  0.0000000000E+000
  0.9090909091E+000  0.6060606061E-001 -0.8539486050E-005
  0.9090909091E+000  0.9090909091E-001 -0.1699654494E-004
  0.9090909091E+000  0.1212121212E+000 -0.2528956224E-004
  0.9090909091E+000  0.1515151515E+000 -0.3333853933E-004
  0.9090909091E+000  0.1818181818E+000 -0.4106587745E-004
  0.9090909091E+000  0.2121212121E+000 -0.4839713357E-004
  0.9090909091E+000  0.2424242424E+000 -0.5526173927E-004
  0.9090909091E+000  0.2727272727E+000 -0.6159367784E-004
  0.9090909091E+000  0.3030303030E+000 -0.6733210953E-004
  0.9090909091E+000  0.3333333333E+000 -0.7242194784E-004
  0.9090909091E+000  0.3636363636E+000 -0.7681437181E-004
  0.9090909091E+000  0.3939393939E+000 -0.8046728331E-004
  0.9090909091E+000  0.4242424242E+000 -0.8334569098E-004
  0.9090909091E+000  0.4545454545E+000 -0.8542203231E-004
  0.9090909091E+000  0.4848484848E+000 -0.8667642320E-004
  0.9090909091E+000  0.5151515152E+000 -0.8709683674E-004
  0.9090909091E+000  0.5454545455E+000 -0.8667921787E-004
  0.9090909091E+000  0.5757575758E+000 -0.8542751969E-004
  0.9090909091E+000  0.6060606061E+000 -0.8335367034E-004
  0.9090909091E+000  0.6363636364E+000 -0.8047746142E-004
  0.9090909091E+000  0.6666666667E+000 -0.7682637232E-004
  0.9090909091E+000  0.6969696970E+000 -0.7243532355E-004
  0.9090909091E+000  0.7272727273E+000 -0.6734635743E-004
  0.9090909091E+000  0.7575757576E+000 -0.6160825670E-004
  0.9090909091E+000  0.7878787879E+000 -0.5527608939E-004
  0.9090909091E+000  0.8181818182E+000 -0.4841069815E-004
  0.9090909091E+000  0.8484848485E+000 -0.4107812473E-004
  0.9090909091E+000  0.8787878788E+000 -0.3334898459E-004
  0.9090909091E+000  0.9090909091E+000 -0.2529778846E-004
  0.9090909091E+000  0.9393939394E+000 -0.1700222131E-004
  0.9090909091E+000  0.9696969697E+000 -0.8542383018E-005
  0.9090909091E+000  0.1000000000E+001  0.0000000000E+000

  0.9393939394E+000  0.3030303030E-001  0.0000000000E+000
  0.9393939394E+000  0.6060606061E-001 -0.5739121824E-005
  0.9393939394E+000  0.9090909091E-001 -0.1142284572E-004
  0.9393939394E+000  0.1212121212E+000 -0.1699632077E-004
  0.9393939394E+000  0.1515151515E+000 -0.2240578141E-004
  0.9393939394E+000  0.1818181818E+000 -0.2759907521E-004
  0.9393939394E+000  0.2121212121E+000 -0.3252617153E-004
  0.9393939394E+000  0.2424242424E+000 -0.3713964383E-004
  0.9393939394E+000  0.2727272727E+000 -0.4139512382E-004
  0.9393939394E+000  0.3030303030E+000 -0.4525172503E-004
  0.9393939394E+000  0.3333333333E+000 -0.4867242493E-004
  0.9393939394E+000  0.3636363636E+000 -0.5162441416E-004
  0.9393939394E+000  0.3939393939E+000 -0.5407940004E-004
  0.9393939394E+000  0.4242424242E+000 -0.5601386813E-004
  0.9393939394E+000  0.4545454545E+000 -0.5740929383E-004
  0.9393939394E+000  0.4848484848E+000 -0.5825231609E-004
  0.9393939394E+000  0.5151515152E+000 -0.5853485281E-004
  0.9393939394E+000  0.5454545455E+000 -0.5825417647E-004
  0.9393939394E+000  0.5757575758E+000 -0.5741294672E-004
  0.9393939394E+000  0.6060606061E+000 -0.5601917987E-004
  0.9393939394E+000  0.6363636364E+000 -0.5408617545E-004
  0.9393939394E+000  0.6666666667E+000 -0.5163240269E-004
  0.9393939394E+000  0.6969696970E+000 -0.4868132890E-004
  0.9393939394E+000  0.7272727273E+000 -0.4526120963E-004
  0.9393939394E+000  0.7575757576E+000 -0.4140482875E-004
  0.9393939394E+000  0.7878787879E+000 -0.3714919651E-004
  0.9393939394E+000  0.8181818182E+000 -0.3253520127E-004
  0.9393939394E+000  0.8484848485E+000 -0.2760722804E-004
  0.9393939394E+000  0.8787878788E+000 -0.2241273463E-004
  0.9393939394E+000  0.9090909091E+000 -0.1700179680E-004
  0.9393939394E+000  0.9393939394E+000 -0.1142662436E-004
  0.9393939394E+000  0.9696969697E+000 -0.5741050271E-005
  0.9393939394E+000  0.1000000000E+001  0.0000000000E+000

  0.9696969697E+000  0.3030303030E-001  0.0000000000E+000
  0.9696969697E+000  0.6060606061E-001 -0.2883454710E-005
  0.9696969697E+000  0.9090909091E-001 -0.5739076155E-005
  0.9696969697E+000  0.1212121212E+000 -0.8539305469E-005
  0.9696969697E+000  0.1515151515E+000 -0.1125712979E-004
  0.9696969697E+000  0.1818181818E+000 -0.1386634646E-004
  0.9696969697E+000  0.2121212121E+000 -0.1634181905E-004
  0.9696969697E+000  0.2424242424E+000 -0.1865971927E-004
  0.9696969697E+000  0.2727272727E+000 -0.2079775600E-004
  0.9696969697E+000  0.3030303030E+000 -0.2273538672E-004
  0.9696969697E+000  0.3333333333E+000 -0.2445401126E-004
  0.9696969697E+000  0.3636363636E+000 -0.2593714556E-004
  0.9696969697E+000  0.3939393939E+000 -0.2717057532E-004
  0.9696969697E+000  0.4242424242E+000 -0.2814248618E-004
  0.9696969697E+000  0.4545454545E+000 -0.2884357180E-004
  0.9696969697E+000  0.4848484848E+000 -0.2926711892E-004
  0.9696969697E+000  0.5151515152E+000 -0.2940906753E-004
  0.9696969697E+000  0.5454545455E+000 -0.2926804813E-004
  0.9696969697E+000  0.5757575758E+000 -0.2884539632E-004
  0.9696969697E+000  0.6060606061E+000 -0.2814513925E-004
  0.9696969697E+000  0.6363636364E+000 -0.2717395943E-004
  0.9696969697E+000  0.6666666667E+000 -0.2594113558E-004
  0.9696969697E+000  0.6969696970E+000 -0.2445845852E-004
  0.9696969697E+000  0.7272727273E+000 -0.2274012399E-004
  0.9696969697E+000  0.7575757576E+000 -0.2080260333E-004
  0.9696969697E+000  0.7878787879E+000 -0.1866449054E-004
  0.9696969697E+000  0.8181818182E+000 -0.1634632913E-004
  0.9696969697E+000  0.8484848485E+000 -0.1387041854E-004
  0.9696969697E+000  0.8787878788E+000 -0.1126060270E-004
  0.9696969697E+000  0.9090909091E+000 -0.8542040562E-005
  0.9696969697E+000  0.9393939394E+000 -0.5740963454E-005
  0.9696969697E+000  0.9696969697E+000 -0.2884417901E-005
  0.9696969697E+000  0.1000000000E+001  0.0000000000E+000

  0.1000000000E+001  0.3030303030E-001  0.0000000000E+000
  0.1000000000E+001  0.6060606061E-001  0.0000000000E+000
  0.1000000000E+001  0.9090909091E-001  0.0000000000E+000
  0.1000000000E+001  0.1212121212E+000  0.0000000000E+000
  0.1000000000E+001  0.1515151515E+000  0.0000000000E+000
  0.1000000000E+001  0.1818181818E+000  0.0000000000E+000
  0.1000000000E+001  0.2121212121E+000  0.0000000000E+000
  0.1000000000E+001  0.2424242424E+000  0.0000000000E+000
  0.1000000000E+001  0.2727272727E+000  0.0000000000E+000
  0.1000000000E+001  0.3030303030E+000  0.0000000000E+000
  0.1000000000E+001  0.3333333333E+000  0.0000000000E+000
  0.1000000000E+001  0.3636363636E+000  0.0000000000E+000
  0.1000000000E+001  0.3939393939E+000  0.0000000000E+000
  0.1000000000E+001  0.4242424242E+000  0.0000000000E+000
  0.1000000000E+001  0.4545454545E+000  0.0000000000E+000
  0.1000000000E+001  0.4848484848E+000  0.0000000000E+000
  0.1000000000E+001  0.5151515152E+000  0.0000000000E+000
  0.1000000000E+001  0.5454545455E+000  0.0000000000E+000
  0.1000000000E+001  0.5757575758E+000  0.0000000000E+000
  0.1000000000E+001  0.6060606061E+000  0.0000000000E+000
  0.1000000000E+001  0.6363636364E+000  0.0000000000E+000
  0.1000000000E+001  0.6666666667E+000  0.0000000000E+000
  0.1000000000E+001  0.6969696970E+000  0.0000000000E+000
  0.1000000000E+001  0.7272727273E+000  0.0000000000E+000
  0.1000000000E+001  0.7575757576E+000  0.0000000000E+000
  0.1000000000E+001  0.7878787879E+000  0.0000000000E+000
  0.1000000000E+001  0.8181818182E+000  0.0000000000E+000
  0.1000000000E+001  0.8484848485E+000  0.0000000000E+000
  0.1000000000E+001  0.8787878788E+000  0.0000000000E+000
  0.1000000000E+001  0.9090909091E+000  0.0000000000E+000
  0.1000000000E+001  0.9393939394E+000  0.0000000000E+000
  0.1000000000E+001  0.9696969697E+000  0.0000000000E+000
  0.1000000000E+001  0.1000000000E+001  0.0000000000E+000

