  0.3030303030E-001  0.3030303030E-001  0.0000000000E+000
  0.3030303030E-001  0.6060606061E-001  0.0000000000E+000
  0.3030303030E-001  0.9090909091E-001  0.0000000000E+000
  0.3030303030E-001  0.1212121212E+000  0.0000000000E+000
  0.3030303030E-001  0.1515151515E+000  0.0000000000E+000
  0.3030303030E-001  0.1818181818E+000  0.0000000000E+000
  0.3030303030E-001  0.2121212121E+000  0.0000000000E+000
  0.3030303030E-001  0.2424242424E+000  0.0000000000E+000
  0.3030303030E-001  0.2727272727E+000  0.0000000000E+000
  0.3030303030E-001  0.3030303030E+000  0.0000000000E+000
  0.3030303030E-001  0.3333333333E+000  0.0000000000E+000
  0.3030303030E-001  0.3636363636E+000  0.0000000000E+000
  0.3030303030E-001  0.3939393939E+000  0.0000000000E+000
  0.3030303030E-001  0.4242424242E+000  0.0000000000E+000
  0.3030303030E-001  0.4545454545E+000  0.0000000000E+000
  0.3030303030E-001  0.4848484848E+000  0.0000000000E+000
  0.3030303030E-001  0.5151515152E+000  0.0000000000E+000
  0.3030303030E-001  0.5454545455E+000  0.0000000000E+000
  0.3030303030E-001  0.5757575758E+000  0.0000000000E+000
  0.3030303030E-001  0.6060606061E+000  0.0000000000E+000
  0.3030303030E-001  0.6363636364E+000  0.0000000000E+000
  0.3030303030E-001  0.6666666667E+000  0.0000000000E+000
  0.3030303030E-001  0.6969696970E+000  0.0000000000E+000
  0.3030303030E-001  0.7272727273E+000  0.0000000000E+000
  0.3030303030E-001  0.7575757576E+000  0.0000000000E+000
  0.3030303030E-001  0.7878787879E+000  0.0000000000E+000
  0.3030303030E-001  0.8181818182E+000  0.0000000000E+000
  0.3030303030E-001  0.8484848485E+000  0.0000000000E+000
  0.3030303030E-001  0.8787878788E+000  0.0000000000E+000
  0.3030303030E-001  0.9090909091E+000  0.0000000000E+000
  0.3030303030E-001  0.9393939394E+000  0.0000000000E+000
  0.3030303030E-001  0.9696969697E+000  0.0000000000E+000
  0.3030303030E-001  0.1000000000E+001  0.0000000000E+000

  0.6060606061E-001  0.3030303030E-001  0.0000000000E+000
  0.6060606061E-001  0.6060606061E-001 -0.4907626044E-014
  0.6060606061E-001  0.9090909091E-001 -0.9767994376E-014
  0.6060606061E-001  0.1212121212E+000 -0.1453430179E-013
  0.6060606061E-001  0.1515151515E+000 -0.1916065076E-013
  0.6060606061E-001  0.1818181818E+000 -0.2360249051E-013
  0.6060606061E-001  0.2121212121E+000 -0.2781704755E-013
  0.6060606061E-001  0.2424242424E+000 -0.3176373575E-013
  0.6060606061E-001  0.2727272727E+000 -0.3540454816E-013
  0.6060606061E-001  0.3030303030E+000 -0.3870442220E-013
  0.6060606061E-001  0.3333333333E+000 -0.4163157758E-013
  0.6060606061E-001  0.3636363636E+000 -0.4415782201E-013
  0.6060606061E-001  0.3939393939E+000 -0.4625882411E-013
  0.6060606061E-001  0.4242424242E+000 -0.4791434658E-013
  0.6060606061E-001  0.4545454545E+000 -0.4910844135E-013
  0.6060606061E-001  0.4848484848E+000 -0.4982960391E-013
  0.6060606061E-001  0.5151515152E+000 -0.5007088310E-013
  0.6060606061E-001  0.5454545455E+000 -0.4982994877E-013
  0.6060606061E-001  0.5757575758E+000 -0.4910911781E-013
  0.6060606061E-001  0.6060606061E+000 -0.4791532863E-013
  0.6060606061E-001  0.6363636364E+000 -0.4626007400E-013
  0.6060606061E-001  0.6666666667E+000 -0.4415929169E-013
  0.6060606061E-001  0.6969696970E+000 -0.4163321056E-013
  0.6060606061E-001  0.7272727273E+000 -0.3870615571E-013
  0.6060606061E-001  0.7575757576E+000 -0.3540631557E-013
  0.6060606061E-001  0.7878787879E+000 -0.3176546915E-013
  0.6060606061E-001  0.8181818182E+000 -0.2781868033E-013
  0.6060606061E-001  0.8484848485E+000 -0.2360395993E-013
  0.6060606061E-001  0.8787878788E+000 -0.1916190036E-013
  0.6060606061E-001  0.9090909091E+000 -0.1453528358E-013
  0.6060606061E-001  0.9393939394E+000 -0.9768670634E-014
  0.6060606061E-001  0.9696969697E+000 -0.4907970794E-014
  0.6060606061E-001  0.1000000000E+001  0.0000000000E+000

  0.9090909091E-001  0.3030303030E-001  0.0000000000E+000
  0.9090909091E-001  0.6060606061E-001 -0.9768072343E-014
  0.9090909091E-001  0.9090909091E-001 -0.1944208305E-013
  0.9090909091E-001  0.1212121212E+000 -0.2892887675E-013
  0.9090909091E-001  0.1515151515E+000 -0.3813709856E-013
  0.9090909091E-001  0.1818181818E+000 -0.4697807541E-013
  0.9090909091E-001  0.2121212121E+000 -0.5536667131E-013
  0.9090909091E-001  0.2424242424E+000 -0.6322210503E-013
  0.9090909091E-001  0.2727272727E+000 -0.7046872694E-013
  0.9090909091E-001  0.3030303030E+000 -0.7703675070E-013
  0.9090909091E-001  0.3333333333E+000 -0.8286291952E-013
  0.9090909091E-001  0.3636363636E+000 -0.8789112070E-013
  0.9090909091E-001  0.3939393939E+000 -0.9207292457E-013
  0.9090909091E-001  0.4242424242E+000 -0.9536805285E-013
  0.9090909091E-001  0.4545454545E+000 -0.9774476098E-013
  0.9090909091E-001  0.4848484848E+000 -0.9918015270E-013
  0.9090909091E-001  0.5151515152E+000 -0.9966039110E-013
  0.9090909091E-001  0.5454545455E+000 -0.9918083593E-013
  0.9090909091E-001  0.5757575758E+000 -0.9774610118E-013
  0.9090909091E-001  0.6060606061E+000 -0.9536999850E-013
  0.9090909091E-001  0.6363636364E+000 -0.9207540086E-013
  0.9090909091E-001  0.6666666667E+000 -0.8789403243E-013
  0.9090909091E-001  0.6969696970E+000 -0.8286615478E-013
  0.9090909091E-001  0.7272727273E+000 -0.7704018513E-013
  0.9090909091E-001  0.7575757576E+000 -0.7047222855E-013
  0.9090909091E-001  0.7878787879E+000 -0.6322553925E-013
  0.9090909091E-001  0.8181818182E+000 -0.5536990618E-013
  0.9090909091E-001  0.8484848485E+000 -0.4698098664E-013
  0.9090909091E-001  0.8787878788E+000 -0.3813957430E-013
  0.9090909091E-001  0.9090909091E+000 -0.2893082189E-013
  0.9090909091E-001  0.9393939394E+000 -0.1944342286E-013
  0.9090909091E-001  0.9696969697E+000 -0.9768755367E-014
  0.9090909091E-001  0.1000000000E+001  0.0000000000E+000

  0.1212121212E+000  0.3030303030E-001  0.0000000000E+000
  0.1212121212E+000  0.6060606061E-001 -0.1453460993E-013
  0.1212121212E+000  0.9090909091E-001 -0.2892925916E-013
  0.1212121212E+000  0.1212121212E+000 -0.4304533375E-013
  0.1212121212E+000  0.1515151515E+000 -0.5674690093E-013
  0.1212121212E+000  0.1818181818E+000 -0.6990201840E-013
  0.1212121212E+000  0.2121212121E+000 -0.8238400540E-013
  0.1212121212E+000  0.2424242424E+000 -0.9407266130E-013
  0.1212121212E+000  0.2727272727E+000 -0.1048554240E-012
  0.1212121212E+000  0.3030303030E+000 -0.1146284498E-012
  0.1212121212E+000  0.3333333333E+000 -0.1232976179E-012
  0.1212121212E+000  0.3636363636E+000 -0.1307794323E-012
  0.1212121212E+000  0.3939393939E+000 -0.1370018330E-012
  0.1212121212E+000  0.4242424242E+000 -0.1419048843E-012
  0.1212121212E+000  0.4545454545E+000 -0.1454413551E-012
  0.1212121212E+000  0.4848484848E+000 -0.1475771726E-012
  0.1212121212E+000  0.5151515152E+000 -0.1482917472E-012
  0.1212121212E+000  0.5454545455E+000 -0.1475781814E-012
  0.1212121212E+000  0.5757575758E+000 -0.1454433340E-012
  0.1212121212E+000  0.6060606061E+000 -0.1419077571E-012
  0.1212121212E+000  0.6363636364E+000 -0.1370054894E-012
  0.1212121212E+000  0.6666666667E+000 -0.1307837316E-012
  0.1212121212E+000  0.6969696970E+000 -0.1233023950E-012
  0.1212121212E+000  0.7272727273E+000 -0.1146335209E-012
  0.1212121212E+000  0.7575757576E+000 -0.1048605943E-012
  0.1212121212E+000  0.7878787879E+000 -0.9407773213E-013
  0.1212121212E+000  0.8181818182E+000 -0.8238878188E-013
  0.1212121212E+000  0.8484848485E+000 -0.6990631701E-013
  0.1212121212E+000  0.8787878788E+000 -0.5675055651E-013
  0.1212121212E+000  0.9090909091E+000 -0.4304820586E-013
  0.1212121212E+000  0.9393939394E+000 -0.2893123747E-013
  0.1212121212E+000  0.9696969697E+000 -0.1453561845E-013
  0.1212121212E+000  0.1000000000E+001  0.0000000000E+000

  0.1515151515E+000  0.3030303030E-001  0.0000000000E+000
  0.1515151515E+000  0.6060606061E-001 -0.1916140819E-013
  0.1515151515E+000  0.9090909091E-001 -0.3813830174E-013
  0.1515151515E+000  0.1212121212E+000 -0.5674794109E-013
  0.1515151515E+000  0.1515151515E+000 -0.7481112378E-013
  0.1515151515E+000  0.1818181818E+000 -0.9215390238E-013
  0.1515151515E+000  0.2121212121E+000 -0.1086092738E-012
  0.1515151515E+000  0.2424242424E+000 -0.1240187728E-012
  0.1515151515E+000  0.2727272727E+000 -0.1382340030E-012
  0.1515151515E+000  0.3030303030E+000 -0.1511180692E-012
  0.1515151515E+000  0.3333333333E+000 -0.1625468844E-012
  0.1515151515E+000  0.3636363636E+000 -0.1724103759E-012
  0.1515151515E+000  0.3939393939E+000 -0.1806135435E-012
  0.1515151515E+000  0.4242424242E+000 -0.1870773754E-012
  0.1515151515E+000  0.4545454545E+000 -0.1917396030E-012
  0.1515151515E+000  0.4848484848E+000 -0.1945553058E-012
  0.1515151515E+000  0.5151515152E+000 -0.1954973502E-012
  0.1515151515E+000  0.5454545455E+000 -0.1945566215E-012
  0.1515151515E+000  0.5757575758E+000 -0.1917421839E-012
  0.1515151515E+000  0.6060606061E+000 -0.1870811221E-012
  0.1515151515E+000  0.6363636364E+000 -0.1806183122E-012
  0.1515151515E+000  0.6666666667E+000 -0.1724159831E-012
  0.1515151515E+000  0.6969696970E+000 -0.1625531146E-012
  0.1515151515E+000  0.7272727273E+000 -0.1511246830E-012
  0.1515151515E+000  0.7575757576E+000 -0.1382407461E-012
  0.1515151515E+000  0.7878787879E+000 -0.1240253862E-012
  0.1515151515E+000  0.8181818182E+000 -0.1086155033E-012
  0.1515151515E+000  0.8484848485E+000 -0.9215950865E-013
  0.1515151515E+000  0.8787878788E+000 -0.7481589141E-013
  0.1515151515E+000  0.9090909091E+000 -0.5675168692E-013
  0.1515151515E+000  0.9393939394E+000 -0.3814088188E-013
  0.1515151515E+000  0.9696969697E+000 -0.1916272352E-013
  0.1515151515E+000  0.1000000000E+001  0.0000000000E+000

  0.1818181818E+000  0.3030303030E-001  0.0000000000E+000
  0.1818181818E+000  0.6060606061E-001 -0.2360397271E-013
  0.1818181818E+000  0.9090909091E-001 -0.4698065056E-013
  0.1818181818E+000  0.1212121212E+000 -0.6990492610E-013
  0.1818181818E+000  0.1515151515E+000 -0.9215604648E-013
  0.1818181818E+000  0.1818181818E+000 -0.1135197390E-012
  0.1818181818E+000  0.2121212121E+000 -0.1337902781E-012
  0.1818181818E+000  0.2424242424E+000 -0.1527724565E-012
  0.1818181818E+000  0.2727272727E+000 -0.1702834770E-012
  0.1818181818E+000  0.3030303030E+000 -0.1861546981E-012
  0.1818181818E+000  0.3333333333E+000 -0.2002332706E-012
  0.1818181818E+000  0.3636363636E+000 -0.2123835964E-012
  0.1818181818E+000  0.3939393939E+000 -0.2224886549E-012
  0.1818181818E+000  0.4242424242E+000 -0.2304511109E-012
  0.1818181818E+000  0.4545454545E+000 -0.2361942618E-012
  0.1818181818E+000  0.4848484848E+000 -0.2396627731E-012
  0.1818181818E+000  0.5151515152E+000 -0.2408232112E-012
  0.1818181818E+000  0.5454545455E+000 -0.2396643716E-012
  0.1818181818E+000  0.5757575758E+000 -0.2361973973E-012
  0.1818181818E+000  0.6060606061E+000 -0.2304556629E-012
  0.1818181818E+000  0.6363636364E+000 -0.2224944484E-012
  0.1818181818E+000  0.6666666667E+000 -0.2123904087E-012
  0.1818181818E+000  0.6969696970E+000 -0.2002408398E-012
  0.1818181818E+000  0.7272727273E+000 -0.1861627333E-012
  0.1818181818E+000  0.7575757576E+000 -0.1702916694E-012
  0.1818181818E+000  0.7878787879E+000 -0.1527804913E-012
  0.1818181818E+000  0.8181818182E+000 -0.1337978465E-012
  0.1818181818E+000  0.8484848485E+000 -0.1135265502E-012
  0.1818181818E+000  0.8787878788E+000 -0.9216183877E-013
  0.1818181818E+000  0.9090909091E+000 -0.6990947699E-013
  0.1818181818E+000  0.9393939394E+000 -0.4698378522E-013
  0.1818181818E+000  0.9696969697E+000 -0.2360557073E-013
  0.1818181818E+000  0.1000000000E+001  0.0000000000E+000

  0.2121212121E+000  0.3030303030E-001  0.0000000000E+000
  0.2121212121E+000  0.6060606061E-001 -0.2781957283E-013
  0.2121212121E+000  0.9090909091E-001 -0.5537125562E-013
  0.2121212121E+000  0.1212121212E+000 -0.8238973763E-013
  0.2121212121E+000  0.1515151515E+000 -0.1086148398E-012
  0.2121212121E+000  0.1818181818E+000 -0.1337940218E-012
  0.2121212121E+000  0.2121212121E+000 -0.1576848119E-012
  0.2121212121E+000  0.2424242424E+000 -0.1800571450E-012
  0.2121212121E+000  0.2727272727E+000 -0.2006955685E-012
  0.2121212121E+000  0.3030303030E+000 -0.2194013343E-012
  0.2121212121E+000  0.3333333333E+000 -0.2359942832E-012
  0.2121212121E+000  0.3636363636E+000 -0.2503146066E-012
  0.2121212121E+000  0.3939393939E+000 -0.2622243778E-012
  0.2121212121E+000  0.4242424242E+000 -0.2716088920E-012
  0.2121212121E+000  0.4545454545E+000 -0.2783777348E-012
  0.2121212121E+000  0.4848484848E+000 -0.2824656979E-012
  0.2121212121E+000  0.5151515152E+000 -0.2838333751E-012
  0.2121212121E+000  0.5454545455E+000 -0.2824675503E-012
  0.2121212121E+000  0.5757575758E+000 -0.2783813684E-012
  0.2121212121E+000  0.6060606061E+000 -0.2716141671E-012
  0.2121212121E+000  0.6363636364E+000 -0.2622310916E-012
  0.2121212121E+000  0.6666666667E+000 -0.2503225010E-012
  0.2121212121E+000  0.6969696970E+000 -0.2360030547E-012
  0.2121212121E+000  0.7272727273E+000 -0.2194106459E-012
  0.2121212121E+000  0.7575757576E+000 -0.2007050622E-012
  0.2121212121E+000  0.7878787879E+000 -0.1800664560E-012
  0.2121212121E+000  0.8181818182E+000 -0.1576935825E-012
  0.2121212121E+000  0.8484848485E+000 -0.1338019149E-012
  0.2121212121E+000  0.8787878788E+000 -0.1086215522E-012
  0.2121212121E+000  0.9090909091E+000 -0.8239501144E-013
  0.2121212121E+000  0.9393939394E+000 -0.5537488824E-013
  0.2121212121E+000  0.9696969697E+000 -0.2782142470E-013
  0.2121212121E+000  0.1000000000E+001  0.0000000000E+000

  0.2424242424E+000  0.3030303030E-001  0.0000000000E+000
  0.2424242424E+000  0.6060606061E-001 -0.3176764950E-013
  0.2424242424E+000  0.9090909091E-001 -0.6322939021E-013
  0.2424242424E+000  0.1212121212E+000 -0.9408225779E-013
  0.2424242424E+000  0.1515151515E+000 -0.1240291507E-012
  0.2424242424E+000  0.1818181818E+000 -0.1527816858E-012
  0.2424242424E+000  0.2121212121E+000 -0.1800629842E-012
  0.2424242424E+000  0.2424242424E+000 -0.2056103224E-012
  0.2424242424E+000  0.2727272727E+000 -0.2291776843E-012
  0.2424242424E+000  0.3030303030E+000 -0.2505380995E-012
  0.2424242424E+000  0.3333333333E+000 -0.2694858571E-012
  0.2424242424E+000  0.3636363636E+000 -0.2858384580E-012
  0.2424242424E+000  0.3939393939E+000 -0.2994384147E-012
  0.2424242424E+000  0.4242424242E+000 -0.3101547274E-012
  0.2424242424E+000  0.4545454545E+000 -0.3178841691E-012
  0.2424242424E+000  0.4848484848E+000 -0.3225522634E-012
  0.2424242424E+000  0.5151515152E+000 -0.3241140112E-012
  0.2424242424E+000  0.5454545455E+000 -0.3225543369E-012
  0.2424242424E+000  0.5757575758E+000 -0.3178882364E-012
  0.2424242424E+000  0.6060606061E+000 -0.3101606321E-012
  0.2424242424E+000  0.6363636364E+000 -0.2994459299E-012
  0.2424242424E+000  0.6666666667E+000 -0.2858472947E-012
  0.2424242424E+000  0.6969696970E+000 -0.2694956757E-012
  0.2424242424E+000  0.7272727273E+000 -0.2505485226E-012
  0.2424242424E+000  0.7575757576E+000 -0.2291883113E-012
  0.2424242424E+000  0.7878787879E+000 -0.2056207450E-012
  0.2424242424E+000  0.8181818182E+000 -0.1800728018E-012
  0.2424242424E+000  0.8484848485E+000 -0.1527905212E-012
  0.2424242424E+000  0.8787878788E+000 -0.1240366644E-012
  0.2424242424E+000  0.9090909091E+000 -0.9408816118E-013
  0.2424242424E+000  0.9393939394E+000 -0.6323345648E-013
  0.2424242424E+000  0.9696969697E+000 -0.3176972245E-013
  0.2424242424E+000  0.1000000000E+001  0.0000000000E+000

  0.2727272727E+000  0.3030303030E-001  0.0000000000E+000
  0.2727272727E+000  0.6060606061E-001 -0.3541020538E-013
  0.2727272727E+000  0.9090909091E-001 -0.7047942443E-013
  0.2727272727E+000  0.1212121212E+000 -0.1048699553E-012
  0.2727272727E+000  0.1515151515E+000 -0.1382506259E-012
  0.2727272727E+000  0.1818181818E+000 -0.1702999917E-012
  0.2727272727E+000  0.2121212121E+000 -0.2007094165E-012
  0.2727272727E+000  0.2424242424E+000 -0.2291860651E-012
  0.2727272727E+000  0.2727272727E+000 -0.2554556912E-012
  0.2727272727E+000  0.3030303030E+000 -0.2792653316E-012
  0.2727272727E+000  0.3333333333E+000 -0.3003856561E-012
  0.2727272727E+000  0.3636363636E+000 -0.3186132641E-012
  0.2727272727E+000  0.3939393939E+000 -0.3337725867E-012
  0.2727272727E+000  0.4242424242E+000 -0.3457176401E-012
  0.2727272727E+000  0.4545454545E+000 -0.3543333293E-012
  0.2727272727E+000  0.4848484848E+000 -0.3595366511E-012
  0.2727272727E+000  0.5151515152E+000 -0.3612774596E-012
  0.2727272727E+000  0.5454545455E+000 -0.3595389099E-012
  0.2727272727E+000  0.5757575758E+000 -0.3543377600E-012
  0.2727272727E+000  0.6060606061E+000 -0.3457240724E-012
  0.2727272727E+000  0.6363636364E+000 -0.3337807733E-012
  0.2727272727E+000  0.6666666667E+000 -0.3186228903E-012
  0.2727272727E+000  0.6969696970E+000 -0.3003963520E-012
  0.2727272727E+000  0.7272727273E+000 -0.2792766860E-012
  0.2727272727E+000  0.7575757576E+000 -0.2554672678E-012
  0.2727272727E+000  0.7878787879E+000 -0.2291974190E-012
  0.2727272727E+000  0.8181818182E+000 -0.2007201114E-012
  0.2727272727E+000  0.8484848485E+000 -0.1703096166E-012
  0.2727272727E+000  0.8787878788E+000 -0.1382588111E-012
  0.2727272727E+000  0.9090909091E+000 -0.1048763862E-012
  0.2727272727E+000  0.9393939394E+000 -0.7048385409E-013
  0.2727272727E+000  0.9696969697E+000 -0.3541246358E-013
  0.2727272727E+000  0.1000000000E+001  0.0000000000E+000

  0.3030303030E+000  0.3030303030E-001  0.0000000000E+000
  0.3030303030E+000  0.6060606061E-001 -0.3871216902E-013
  0.3030303030E+000  0.9090909091E-001 -0.7705155485E-013
  0.3030303030E+000  0.1212121212E+000 -0.1146489624E-012
  0.3030303030E+000  0.1515151515E+000 -0.1511423412E-012
  0.3030303030E+000  0.1818181818E+000 -0.1861802657E-012
  0.3030303030E+000  0.2121212121E+000 -0.2194253285E-012
  0.3030303030E+000  0.2424242424E+000 -0.2505573733E-012
  0.3030303030E+000  0.2727272727E+000 -0.2792766024E-012
  0.3030303030E+000  0.3030303030E+000 -0.3053064304E-012
  0.3030303030E+000  0.3333333333E+000 -0.3283961787E-012
  0.3030303030E+000  0.3636363636E+000 -0.3483234527E-012
  0.3030303030E+000  0.3939393939E+000 -0.3648963423E-012
  0.3030303030E+000  0.4242424242E+000 -0.3779552139E-012
  0.3030303030E+000  0.4545454545E+000 -0.3873742748E-012
  0.3030303030E+000  0.4848484848E+000 -0.3930627662E-012
  0.3030303030E+000  0.5151515152E+000 -0.3949658576E-012
  0.3030303030E+000  0.5454545455E+000 -0.3930651723E-012
  0.3030303030E+000  0.5757575758E+000 -0.3873789945E-012
  0.3030303030E+000  0.6060606061E+000 -0.3779620657E-012
  0.3030303030E+000  0.6363636364E+000 -0.3649050630E-012
  0.3030303030E+000  0.6666666667E+000 -0.3483337069E-012
  0.3030303030E+000  0.6969696970E+000 -0.3284075724E-012
  0.3030303030E+000  0.7272727273E+000 -0.3053185256E-012
  0.3030303030E+000  0.7575757576E+000 -0.2792889343E-012
  0.3030303030E+000  0.7878787879E+000 -0.2505694679E-012
  0.3030303030E+000  0.8181818182E+000 -0.2194367211E-012
  0.3030303030E+000  0.8484848485E+000 -0.1861905186E-012
  0.3030303030E+000  0.8787878788E+000 -0.1511510604E-012
  0.3030303030E+000  0.9090909091E+000 -0.1146558129E-012
  0.3030303030E+000  0.9393939394E+000 -0.7705627353E-013
  0.3030303030E+000  0.9696969697E+000 -0.3871457457E-013
  0.3030303030E+000  0.1000000000E+001  0.0000000000E+000

  0.3333333333E+000  0.3030303030E-001  0.0000000000E+000
  0.3333333333E+000  0.6060606061E-001 -0.4164173260E-013
  0.3333333333E+000  0.9090909091E-001 -0.8288247037E-013
  0.3333333333E+000  0.1212121212E+000 -0.1233250788E-012
  0.3333333333E+000  0.1515151515E+000 -0.1625801068E-012
  0.3333333333E+000  0.1818181818E+000 -0.2002695360E-012
  0.3333333333E+000  0.2121212121E+000 -0.2360304211E-012
  0.3333333333E+000  0.2424242424E+000 -0.2695183831E-012
  0.3333333333E+000  0.2727272727E+000 -0.3004109259E-012
  0.3333333333E+000  0.3030303030E+000 -0.3284105505E-012
  0.3333333333E+000  0.3333333333E+000 -0.3532475909E-012
  0.3333333333E+000  0.3636363636E+000 -0.3746828331E-012
  0.3333333333E+000  0.3939393939E+000 -0.3925098339E-012
  0.3333333333E+000  0.4242424242E+000 -0.4065569120E-012
  0.3333333333E+000  0.4545454545E+000 -0.4166887227E-012
  0.3333333333E+000  0.4848484848E+000 -0.4228076570E-012
  0.3333333333E+000  0.5151515152E+000 -0.4248547388E-012
  0.3333333333E+000  0.5454545455E+000 -0.4228101714E-012
  0.3333333333E+000  0.5757575758E+000 -0.4166936549E-012
  0.3333333333E+000  0.6060606061E+000 -0.4065640723E-012
  0.3333333333E+000  0.6363636364E+000 -0.3925189471E-012
  0.3333333333E+000  0.6666666667E+000 -0.3746935489E-012
  0.3333333333E+000  0.6969696970E+000 -0.3532594974E-012
  0.3333333333E+000  0.7272727273E+000 -0.3284231902E-012
  0.3333333333E+000  0.7575757576E+000 -0.3004238129E-012
  0.3333333333E+000  0.7878787879E+000 -0.2695310223E-012
  0.3333333333E+000  0.8181818182E+000 -0.2360423267E-012
  0.3333333333E+000  0.8484848485E+000 -0.2002802506E-012
  0.3333333333E+000  0.8787878788E+000 -0.1625892186E-012
  0.3333333333E+000  0.9090909091E+000 -0.1233322378E-012
  0.3333333333E+000  0.9393939394E+000 -0.8288740154E-013
  0.3333333333E+000  0.9696969697E+000 -0.4164424648E-013
  0.3333333333E+000  0.1000000000E+001  0.0000000000E+000

  0.3636363636E+000  0.3030303030E-001  0.0000000000E+000
  0.3636363636E+000  0.6060606061E-001 -0.4417065812E-013
  0.3636363636E+000  0.9090909091E-001 -0.8791596778E-013
  0.3636363636E+000  0.1212121212E+000 -0.1308146748E-012
  0.3636363636E+000  0.1515151515E+000 -0.1724536761E-012
  0.3636363636E+000  0.1818181818E+000 -0.2124319932E-012
  0.3636363636E+000  0.2121212121E+000 -0.2503646413E-012
  0.3636363636E+000  0.2424242424E+000 -0.2858863222E-012
  0.3636363636E+000  0.2727272727E+000 -0.3186549636E-012
  0.3636363636E+000  0.3030303030E+000 -0.3483549814E-012
  0.3636363636E+000  0.3333333333E+000 -0.3747003494E-012
  0.3636363636E+000  0.3636363636E+000 -0.3974373187E-012
  0.3636363636E+000  0.3939393939E+000 -0.4163469323E-012
  0.3636363636E+000  0.4242424242E+000 -0.4312470421E-012
  0.3636363636E+000  0.4545454545E+000 -0.4419941276E-012
  0.3636363636E+000  0.4848484848E+000 -0.4484846258E-012
  0.3636363636E+000  0.5151515152E+000 -0.4506559789E-012
  0.3636363636E+000  0.5454545455E+000 -0.4484872093E-012
  0.3636363636E+000  0.5757575758E+000 -0.4419991954E-012
  0.3636363636E+000  0.6060606061E+000 -0.4312543994E-012
  0.3636363636E+000  0.6363636364E+000 -0.4163562962E-012
  0.3636363636E+000  0.6666666667E+000 -0.3974483294E-012
  0.3636363636E+000  0.6969696970E+000 -0.3747125836E-012
  0.3636363636E+000  0.7272727273E+000 -0.3483679689E-012
  0.3636363636E+000  0.7575757576E+000 -0.3186682053E-012
  0.3636363636E+000  0.7878787879E+000 -0.2858993092E-012
  0.3636363636E+000  0.8181818182E+000 -0.2503768746E-012
  0.3636363636E+000  0.8484848485E+000 -0.2124430027E-012
  0.3636363636E+000  0.8787878788E+000 -0.1724630387E-012
  0.3636363636E+000  0.9090909091E+000 -0.1308220309E-012
  0.3636363636E+000  0.9393939394E+000 -0.8792103470E-013
  0.3636363636E+000  0.9696969697E+000 -0.4417324120E-013
  0.3636363636E+000  0.1000000000E+001  0.0000000000E+000

  0.3939393939E+000  0.3030303030E-001  0.0000000000E+000
  0.3939393939E+000  0.6060606061E-001 -0.4627455164E-013
  0.3939393939E+000  0.9090909091E-001 -0.9210349327E-013
  0.3939393939E+000  0.1212121212E+000 -0.1370455068E-012
  0.3939393939E+000  0.1515151515E+000 -0.1806678083E-012
  0.3939393939E+000  0.1818181818E+000 -0.2225503230E-012
  0.3939393939E+000  0.2121212121E+000 -0.2622897203E-012
  0.3939393939E+000  0.2424242424E+000 -0.2995033176E-012
  0.3939393939E+000  0.2727272727E+000 -0.3338327235E-012
  0.3939393939E+000  0.3030303030E+000 -0.3649473578E-012
  0.3939393939E+000  0.3333333333E+000 -0.3925475307E-012
  0.3939393939E+000  0.3636363636E+000 -0.4163674534E-012
  0.3939393939E+000  0.3939393939E+000 -0.4361776748E-012
  0.3939393939E+000  0.4242424242E+000 -0.4517874740E-012
  0.3939393939E+000  0.4545454545E+000 -0.4630463928E-012
  0.3939393939E+000  0.4848484848E+000 -0.4698460127E-012
  0.3939393939E+000  0.5151515152E+000 -0.4721207587E-012
  0.3939393939E+000  0.5454545455E+000 -0.4698486272E-012
  0.3939393939E+000  0.5757575758E+000 -0.4630515212E-012
  0.3939393939E+000  0.6060606061E+000 -0.4517949192E-012
  0.3939393939E+000  0.6363636364E+000 -0.4361871506E-012
  0.3939393939E+000  0.6666666667E+000 -0.4163785956E-012
  0.3939393939E+000  0.6969696970E+000 -0.3925599112E-012
  0.3939393939E+000  0.7272727273E+000 -0.3649605006E-012
  0.3939393939E+000  0.7575757576E+000 -0.3338461236E-012
  0.3939393939E+000  0.7878787879E+000 -0.2995164600E-012
  0.3939393939E+000  0.8181818182E+000 -0.2623021000E-012
  0.3939393939E+000  0.8484848485E+000 -0.2225614642E-012
  0.3939393939E+000  0.8787878788E+000 -0.1806772831E-012
  0.3939393939E+000  0.9090909091E+000 -0.1370529509E-012
  0.3939393939E+000  0.9393939394E+000 -0.9210862085E-013
  0.3939393939E+000  0.9696969697E+000 -0.4627716565E-013
  0.3939393939E+000  0.1000000000E+001  0.0000000000E+000

  0.4242424242E+000  0.3030303030E-001  0.0000000000E+000
  0.4242424242E+000  0.6060606061E-001 -0.4793309845E-013
  0.4242424242E+000  0.9090909091E-001 -0.9540461481E-013
  0.4242424242E+000  0.1212121212E+000 -0.1419574109E-012
  0.4242424242E+000  0.1515151515E+000 -0.1871431924E-012
  0.4242424242E+000  0.1818181818E+000 -0.2305268241E-012
  0.4242424242E+000  0.2121212121E+000 -0.2716905249E-012
  0.4242424242E+000  0.2424242424E+000 -0.3102378844E-012
  0.4242424242E+000  0.2727272727E+000 -0.3457976865E-012
  0.4242424242E+000  0.3030303030E+000 -0.3780274677E-012
  0.4242424242E+000  0.3333333333E+000 -0.4066168385E-012
  0.4242424242E+000  0.3636363636E+000 -0.4312904453E-012
  0.4242424242E+000  0.3939393939E+000 -0.4518106755E-012
  0.4242424242E+000  0.4242424242E+000 -0.4679798753E-012
  0.4242424242E+000  0.4545454545E+000 -0.4796422935E-012
  0.4242424242E+000  0.4848484848E+000 -0.4866855683E-012
  0.4242424242E+000  0.5151515152E+000 -0.4890417861E-012
  0.4242424242E+000  0.5454545455E+000 -0.4866881770E-012
  0.4242424242E+000  0.5757575758E+000 -0.4796474107E-012
  0.4242424242E+000  0.6060606061E+000 -0.4679873042E-012
  0.4242424242E+000  0.6363636364E+000 -0.4518201307E-012
  0.4242424242E+000  0.6666666667E+000 -0.4313015633E-012
  0.4242424242E+000  0.6969696970E+000 -0.4066291921E-012
  0.4242424242E+000  0.7272727273E+000 -0.3780405820E-012
  0.4242424242E+000  0.7575757576E+000 -0.3458110576E-012
  0.4242424242E+000  0.7878787879E+000 -0.3102509983E-012
  0.4242424242E+000  0.8181818182E+000 -0.2717028778E-012
  0.4242424242E+000  0.8484848485E+000 -0.2305379412E-012
  0.4242424242E+000  0.8787878788E+000 -0.1871526467E-012
  0.4242424242E+000  0.9090909091E+000 -0.1419648390E-012
  0.4242424242E+000  0.9393939394E+000 -0.9540973134E-013
  0.4242424242E+000  0.9696969697E+000 -0.4793570683E-013
  0.4242424242E+000  0.1000000000E+001  0.0000000000E+000

  0.4545454545E+000  0.3030303030E-001  0.0000000000E+000
  0.4545454545E+000  0.6060606061E-001 -0.4913026081E-013
  0.4545454545E+000  0.9090909091E-001 -0.9778740960E-013
  0.4545454545E+000  0.1212121212E+000 -0.1455028917E-012
  0.4545454545E+000  0.1515151515E+000 -0.1918172124E-012
  0.4545454545E+000  0.1818181818E+000 -0.2362843673E-012
  0.4545454545E+000  0.2121212121E+000 -0.2784761407E-012
  0.4545454545E+000  0.2424242424E+000 -0.3179862281E-012
  0.4545454545E+000  0.2727272727E+000 -0.3544341293E-012
  0.4545454545E+000  0.3030303030E+000 -0.3874688363E-012
  0.4545454545E+000  0.3333333333E+000 -0.4167722007E-012
  0.4545454545E+000  0.3636363636E+000 -0.4420620089E-012
  0.4545454545E+000  0.3939393939E+000 -0.4630946821E-012
  0.4545454545E+000  0.4242424242E+000 -0.4796676802E-012
  0.4545454545E+000  0.4545454545E+000 -0.4916213072E-012
  0.4545454545E+000  0.4848484848E+000 -0.4988404796E-012
  0.4545454545E+000  0.5151515152E+000 -0.5012555272E-012
  0.4545454545E+000  0.5454545455E+000 -0.4988430486E-012
  0.4545454545E+000  0.5757575758E+000 -0.4916263464E-012
  0.4545454545E+000  0.6060606061E+000 -0.4796749961E-012
  0.4545454545E+000  0.6363636364E+000 -0.4631039933E-012
  0.4545454545E+000  0.6666666667E+000 -0.4420729576E-012
  0.4545454545E+000  0.6969696970E+000 -0.4167843662E-012
  0.4545454545E+000  0.7272727273E+000 -0.3874817510E-012
  0.4545454545E+000  0.7575757576E+000 -0.3544472968E-012
  0.4545454545E+000  0.7878787879E+000 -0.3179991425E-012
  0.4545454545E+000  0.8181818182E+000 -0.2784883057E-012
  0.4545454545E+000  0.8484848485E+000 -0.2362953154E-012
  0.4545454545E+000  0.8787878788E+000 -0.1918265229E-012
  0.4545454545E+000  0.9090909091E+000 -0.1455102068E-012
  0.4545454545E+000  0.9393939394E+000 -0.9779244833E-013
  0.4545454545E+000  0.9696969697E+000 -0.4913282953E-013
  0.4545454545E+000  0.1000000000E+001  0.0000000000E+000

  0.4848484848E+000  0.3030303030E-001  0.0000000000E+000
  0.4848484848E+000  0.6060606061E-001 -0.4985443550E-013
  0.4848484848E+000  0.9090909091E-001 -0.9922878511E-013
  0.4848484848E+000  0.1212121212E+000 -0.1476475844E-012
  0.4848484848E+000  0.1515151515E+000 -0.1946445640E-012
  0.4848484848E+000  0.1818181818E+000 -0.2397671472E-012
  0.4848484848E+000  0.2121212121E+000 -0.2825808057E-012
  0.4848484848E+000  0.2424242424E+000 -0.3226732427E-012
  0.4848484848E+000  0.2727272727E+000 -0.3596583497E-012
  0.4848484848E+000  0.3030303030E+000 -0.3931799445E-012
  0.4848484848E+000  0.3333333333E+000 -0.4229151945E-012
  0.4848484848E+000  0.3636363636E+000 -0.4485777230E-012
  0.4848484848E+000  0.3939393939E+000 -0.4699203827E-012
  0.4848484848E+000  0.4242424242E+000 -0.4867376073E-012
  0.4848484848E+000  0.4545454545E+000 -0.4988674140E-012
  0.4848484848E+000  0.4848484848E+000 -0.5061929634E-012
  0.4848484848E+000  0.5151515152E+000 -0.5086435165E-012
  0.4848484848E+000  0.5454545455E+000 -0.5061954619E-012
  0.4848484848E+000  0.5757575758E+000 -0.4988723148E-012
  0.4848484848E+000  0.6060606061E+000 -0.4867447222E-012
  0.4848484848E+000  0.6363636364E+000 -0.4699294381E-012
  0.4848484848E+000  0.6666666667E+000 -0.4485883710E-012
  0.4848484848E+000  0.6969696970E+000 -0.4229270258E-012
  0.4848484848E+000  0.7272727273E+000 -0.3931925045E-012
  0.4848484848E+000  0.7575757576E+000 -0.3596711557E-012
  0.4848484848E+000  0.7878787879E+000 -0.3226858025E-012
  0.4848484848E+000  0.8181818182E+000 -0.2825926367E-012
  0.4848484848E+000  0.8484848485E+000 -0.2397777947E-012
  0.4848484848E+000  0.8787878788E+000 -0.1946536189E-012
  0.4848484848E+000  0.9090909091E+000 -0.1476546988E-012
  0.4848484848E+000  0.9393939394E+000 -0.9923368554E-013
  0.4848484848E+000  0.9696969697E+000 -0.4985693371E-013
  0.4848484848E+000  0.1000000000E+001  0.0000000000E+000

  0.5151515152E+000  0.3030303030E-001  0.0000000000E+000
  0.5151515152E+000  0.6060606061E-001 -0.5009856718E-013
  0.5151515152E+000  0.9090909091E-001 -0.9971469720E-013
  0.5151515152E+000  0.1212121212E+000 -0.1483705918E-012
  0.5151515152E+000  0.1515151515E+000 -0.1955977081E-012
  0.5151515152E+000  0.1818181818E+000 -0.2409412310E-012
  0.5151515152E+000  0.2121212121E+000 -0.2839645270E-012
  0.5151515152E+000  0.2424242424E+000 -0.3242532602E-012
  0.5151515152E+000  0.2727272727E+000 -0.3614194583E-012
  0.5151515152E+000  0.3030303030E+000 -0.3951051513E-012
  0.5151515152E+000  0.3333333333E+000 -0.4249859746E-012
  0.5151515152E+000  0.3636363636E+000 -0.4507741109E-012
  0.5151515152E+000  0.3939393939E+000 -0.4722212424E-012
  0.5151515152E+000  0.4242424242E+000 -0.4891207524E-012
  0.5151515152E+000  0.4545454545E+000 -0.5013099322E-012
  0.5151515152E+000  0.4848484848E+000 -0.5086712581E-012
  0.5151515152E+000  0.5151515152E+000 -0.5111339103E-012
  0.5151515152E+000  0.5454545455E+000 -0.5086736588E-012
  0.5151515152E+000  0.5757575758E+000 -0.5013146413E-012
  0.5151515152E+000  0.6060606061E+000 -0.4891275890E-012
  0.5151515152E+000  0.6363636364E+000 -0.4722299437E-012
  0.5151515152E+000  0.6666666667E+000 -0.4507843425E-012
  0.5151515152E+000  0.6969696970E+000 -0.4249973433E-012
  0.5151515152E+000  0.7272727273E+000 -0.3951172202E-012
  0.5151515152E+000  0.7575757576E+000 -0.3614317636E-012
  0.5151515152E+000  0.7878787879E+000 -0.3242653290E-012
  0.5151515152E+000  0.8181818182E+000 -0.2839758955E-012
  0.5151515152E+000  0.8484848485E+000 -0.2409514623E-012
  0.5151515152E+000  0.8787878788E+000 -0.1956064091E-012
  0.5151515152E+000  0.9090909091E+000 -0.1483774281E-012
  0.5151515152E+000  0.9393939394E+000 -0.9971940612E-013
  0.5151515152E+000  0.9696969697E+000 -0.5010096776E-013
  0.5151515152E+000  0.1000000000E+001  0.0000000000E+000

  0.5454545455E+000  0.3030303030E-001  0.0000000000E+000
  0.5454545455E+000  0.6060606061E-001 -0.4986021996E-013
  0.5454545455E+000  0.9090909091E-001 -0.9924029516E-013
  0.5454545455E+000  0.1212121212E+000 -0.1476647030E-012
  0.5454545455E+000  0.1515151515E+000 -0.1946671172E-012
  0.5454545455E+000  0.1818181818E+000 -0.2397949064E-012
  0.5454545455E+000  0.2121212121E+000 -0.2826134901E-012
  0.5454545455E+000  0.2424242424E+000 -0.3227105225E-012
  0.5454545455E+000  0.2727272727E+000 -0.3596998501E-012
  0.5454545455E+000  0.3030303030E+000 -0.3932252496E-012
  0.5454545455E+000  0.3333333333E+000 -0.4229638520E-012
  0.5454545455E+000  0.3636363636E+000 -0.4486292496E-012
  0.5454545455E+000  0.3939393939E+000 -0.4699742685E-012
  0.5454545455E+000  0.4242424242E+000 -0.4867933222E-012
  0.5454545455E+000  0.4545454545E+000 -0.4989244124E-012
  0.5454545455E+000  0.4848484848E+000 -0.5062506904E-012
  0.5454545455E+000  0.5151515152E+000 -0.5087014130E-012
  0.5454545455E+000  0.5454545455E+000 -0.5062529703E-012
  0.5454545455E+000  0.5757575758E+000 -0.4989288847E-012
  0.5454545455E+000  0.6060606061E+000 -0.4867998150E-012
  0.5454545455E+000  0.6363636364E+000 -0.4699825322E-012
  0.5454545455E+000  0.6666666667E+000 -0.4486389666E-012
  0.5454545455E+000  0.6969696970E+000 -0.4229746491E-012
  0.5454545455E+000  0.7272727273E+000 -0.3932367116E-012
  0.5454545455E+000  0.7575757576E+000 -0.3597115367E-012
  0.5454545455E+000  0.7878787879E+000 -0.3227219846E-012
  0.5454545455E+000  0.8181818182E+000 -0.2826242871E-012
  0.5454545455E+000  0.8484848485E+000 -0.2398046235E-012
  0.5454545455E+000  0.8787878788E+000 -0.1946753809E-012
  0.5454545455E+000  0.9090909091E+000 -0.1476711957E-012
  0.5454545455E+000  0.9393939394E+000 -0.9924476740E-013
  0.5454545455E+000  0.9696969697E+000 -0.4986249989E-013
  0.5454545455E+000  0.1000000000E+001  0.0000000000E+000

  0.5757575758E+000  0.3030303030E-001  0.0000000000E+000
  0.5757575758E+000  0.6060606061E-001 -0.4914160743E-013
  0.5757575758E+000  0.9090909091E-001 -0.9780998736E-013
  0.5757575758E+000  0.1212121212E+000 -0.1455364709E-012
  0.5757575758E+000  0.1515151515E+000 -0.1918614522E-012
  0.5757575758E+000  0.1818181818E+000 -0.2363388190E-012
  0.5757575758E+000  0.2121212121E+000 -0.2785402534E-012
  0.5757575758E+000  0.2424242424E+000 -0.3180593551E-012
  0.5757575758E+000  0.2727272727E+000 -0.3545155351E-012
  0.5757575758E+000  0.3030303030E+000 -0.3875577053E-012
  0.5757575758E+000  0.3333333333E+000 -0.4168676458E-012
  0.5757575758E+000  0.3636363636E+000 -0.4421630817E-012
  0.5757575758E+000  0.3939393939E+000 -0.4632003829E-012
  0.5757575758E+000  0.4242424242E+000 -0.4797769688E-012
  0.5757575758E+000  0.4545454545E+000 -0.4917331135E-012
  0.5757575758E+000  0.4848484848E+000 -0.4989537150E-012
  0.5757575758E+000  0.5151515152E+000 -0.5013690951E-012
  0.5757575758E+000  0.5454545455E+000 -0.4989558555E-012
  0.5757575758E+000  0.5757575758E+000 -0.4917373123E-012
  0.5757575758E+000  0.6060606061E+000 -0.4797830645E-012
  0.5757575758E+000  0.6363636364E+000 -0.4632081412E-012
  0.5757575758E+000  0.6666666667E+000 -0.4421722045E-012
  0.5757575758E+000  0.6969696970E+000 -0.4168777825E-012
  0.5757575758E+000  0.7272727273E+000 -0.3875684664E-012
  0.5757575758E+000  0.7575757576E+000 -0.3545265071E-012
  0.5757575758E+000  0.7878787879E+000 -0.3180701163E-012
  0.5757575758E+000  0.8181818182E+000 -0.2785503903E-012
  0.5757575758E+000  0.8484848485E+000 -0.2363479419E-012
  0.5757575758E+000  0.8787878788E+000 -0.1918692106E-012
  0.5757575758E+000  0.9090909091E+000 -0.1455425667E-012
  0.5757575758E+000  0.9393939394E+000 -0.9781418621E-013
  0.5757575758E+000  0.9696969697E+000 -0.4914374799E-013
  0.5757575758E+000  0.1000000000E+001  0.0000000000E+000

  0.6060606061E+000  0.3030303030E-001  0.0000000000E+000
  0.6060606061E+000  0.6060606061E-001 -0.4794957116E-013
  0.6060606061E+000  0.9090909091E-001 -0.9543739257E-013
  0.6060606061E+000  0.1212121212E+000 -0.1420061604E-012
  0.6060606061E+000  0.1515151515E+000 -0.1872074185E-012
  0.6060606061E+000  0.1818181818E+000 -0.2306058755E-012
  0.6060606061E+000  0.2121212121E+000 -0.2717836020E-012
  0.6060606061E+000  0.2424242424E+000 -0.3103440481E-012
  0.6060606061E+000  0.2727272727E+000 -0.3459158693E-012
  0.6060606061E+000  0.3030303030E+000 -0.3781564852E-012
  0.6060606061E+000  0.3333333333E+000 -0.4067554032E-012
  0.6060606061E+000  0.3636363636E+000 -0.4314371801E-012
  0.6060606061E+000  0.3939393939E+000 -0.4519641292E-012
  0.6060606061E+000  0.4242424242E+000 -0.4681385376E-012
  0.6060606061E+000  0.4545454545E+000 -0.4798046110E-012
  0.6060606061E+000  0.4848484848E+000 -0.4868499605E-012
  0.6060606061E+000  0.5151515152E+000 -0.4892066611E-012
  0.6060606061E+000  0.5454545455E+000 -0.4868519472E-012
  0.6060606061E+000  0.5757575758E+000 -0.4798085081E-012
  0.6060606061E+000  0.6060606061E+000 -0.4681441952E-012
  0.6060606061E+000  0.6363636364E+000 -0.4519713301E-012
  0.6060606061E+000  0.6666666667E+000 -0.4314456475E-012
  0.6060606061E+000  0.6969696970E+000 -0.4067648117E-012
  0.6060606061E+000  0.7272727273E+000 -0.3781664733E-012
  0.6060606061E+000  0.7575757576E+000 -0.3459260531E-012
  0.6060606061E+000  0.7878787879E+000 -0.3103540363E-012
  0.6060606061E+000  0.8181818182E+000 -0.2717930108E-012
  0.6060606061E+000  0.8484848485E+000 -0.2306143432E-012
  0.6060606061E+000  0.8787878788E+000 -0.1872146197E-012
  0.6060606061E+000  0.9090909091E+000 -0.1420118183E-012
  0.6060606061E+000  0.9393939394E+000 -0.9544128987E-013
  0.6060606061E+000  0.9696969697E+000 -0.4795155799E-013
  0.6060606061E+000  0.1000000000E+001  0.0000000000E+000

  0.6363636364E+000  0.3030303030E-001  0.0000000000E+000
  0.6363636364E+000  0.6060606061E-001 -0.4629551738E-013
  0.6363636364E+000  0.9090909091E-001 -0.9214521136E-013
  0.6363636364E+000  0.1212121212E+000 -0.1371075530E-012
  0.6363636364E+000  0.1515151515E+000 -0.1807495524E-012
  0.6363636364E+000  0.1818181818E+000 -0.2226509361E-012
  0.6363636364E+000  0.2121212121E+000 -0.2624081847E-012
  0.6363636364E+000  0.2424242424E+000 -0.2996384381E-012
  0.6363636364E+000  0.2727272727E+000 -0.3339831413E-012
  0.6363636364E+000  0.3030303030E+000 -0.3651115657E-012
  0.6363636364E+000  0.3333333333E+000 -0.3927238898E-012
  0.6363636364E+000  0.3636363636E+000 -0.4165542111E-012
  0.6363636364E+000  0.3939393939E+000 -0.4363729840E-012
  0.6363636364E+000  0.4242424242E+000 -0.4519894126E-012
  0.6363636364E+000  0.4545454545E+000 -0.4632529836E-012
  0.6363636364E+000  0.4848484848E+000 -0.4700552442E-012
  0.6363636364E+000  0.5151515152E+000 -0.4723306046E-012
  0.6363636364E+000  0.5454545455E+000 -0.4700570670E-012
  0.6363636364E+000  0.5757575758E+000 -0.4632565592E-012
  0.6363636364E+000  0.6060606061E+000 -0.4519946036E-012
  0.6363636364E+000  0.6363636364E+000 -0.4363795909E-012
  0.6363636364E+000  0.6666666667E+000 -0.4165619800E-012
  0.6363636364E+000  0.6969696970E+000 -0.3927325222E-012
  0.6363636364E+000  0.7272727273E+000 -0.3651207300E-012
  0.6363636364E+000  0.7575757576E+000 -0.3339924853E-012
  0.6363636364E+000  0.7878787879E+000 -0.2996476026E-012
  0.6363636364E+000  0.8181818182E+000 -0.2624168176E-012
  0.6363636364E+000  0.8484848485E+000 -0.2226587055E-012
  0.6363636364E+000  0.8787878788E+000 -0.1807561598E-012
  0.6363636364E+000  0.9090909091E+000 -0.1371127444E-012
  0.6363636364E+000  0.9393939394E+000 -0.9214878730E-013
  0.6363636364E+000  0.9696969697E+000 -0.4629734038E-013
  0.6363636364E+000  0.1000000000E+001  0.0000000000E+000

  0.6666666667E+000  0.3030303030E-001  0.0000000000E+000
  0.6666666667E+000  0.6060606061E-001 -0.4419531114E-013
  0.6666666667E+000  0.9090909091E-001 -0.8796502292E-013
  0.6666666667E+000  0.1212121212E+000 -0.1308876332E-012
  0.6666666667E+000  0.1515151515E+000 -0.1725497967E-012
  0.6666666667E+000  0.1818181818E+000 -0.2125503014E-012
  0.6666666667E+000  0.2121212121E+000 -0.2505039403E-012
  0.6666666667E+000  0.2424242424E+000 -0.2860452068E-012
  0.6666666667E+000  0.2727272727E+000 -0.3188318358E-012
  0.6666666667E+000  0.3030303030E+000 -0.3485480690E-012
  0.6666666667E+000  0.3333333333E+000 -0.3749077253E-012
  0.6666666667E+000  0.3636363636E+000 -0.3976569221E-012
  0.6666666667E+000  0.3939393939E+000 -0.4165765913E-012
  0.6666666667E+000  0.4242424242E+000 -0.4314844964E-012
  0.6666666667E+000  0.4545454545E+000 -0.4422370524E-012
  0.6666666667E+000  0.4848484848E+000 -0.4487306556E-012
  0.6666666667E+000  0.5151515152E+000 -0.4509027313E-012
  0.6666666667E+000  0.5454545455E+000 -0.4487323084E-012
  0.6666666667E+000  0.5757575758E+000 -0.4422402945E-012
  0.6666666667E+000  0.6060606061E+000 -0.4314892033E-012
  0.6666666667E+000  0.6363636364E+000 -0.4165825820E-012
  0.6666666667E+000  0.6666666667E+000 -0.3976639667E-012
  0.6666666667E+000  0.6969696970E+000 -0.3749155528E-012
  0.6666666667E+000  0.7272727273E+000 -0.3485563788E-012
  0.6666666667E+000  0.7575757576E+000 -0.3188403086E-012
  0.6666666667E+000  0.7878787879E+000 -0.2860535168E-012
  0.6666666667E+000  0.8181818182E+000 -0.2505117683E-012
  0.6666666667E+000  0.8484848485E+000 -0.2125573465E-012
  0.6666666667E+000  0.8787878788E+000 -0.1725557881E-012
  0.6666666667E+000  0.9090909091E+000 -0.1308923407E-012
  0.6666666667E+000  0.9393939394E+000 -0.8796826551E-013
  0.6666666667E+000  0.9696969697E+000 -0.4419696421E-013
  0.6666666667E+000  0.1000000000E+001  0.0000000000E+000

  0.6969696970E+000  0.3030303030E-001  0.0000000000E+000
  0.6969696970E+000  0.6060606061E-001 -0.4166912549E-013
  0.6969696970E+000  0.9090909091E-001 -0.8293697734E-013
  0.6969696970E+000  0.1212121212E+000 -0.1234061455E-012
  0.6969696970E+000  0.1515151515E+000 -0.1626869099E-012
  0.6969696970E+000  0.1818181818E+000 -0.2004009927E-012
  0.6969696970E+000  0.2121212121E+000 -0.2361852014E-012
  0.6969696970E+000  0.2424242424E+000 -0.2696949257E-012
  0.6969696970E+000  0.2727272727E+000 -0.3006074552E-012
  0.6969696970E+000  0.3030303030E+000 -0.3286250974E-012
  0.6969696970E+000  0.3333333333E+000 -0.3534780140E-012
  0.6969696970E+000  0.3636363636E+000 -0.3749268428E-012
  0.6969696970E+000  0.3939393939E+000 -0.3927650167E-012
  0.6969696970E+000  0.4242424242E+000 -0.4068207566E-012
  0.6969696970E+000  0.4545454545E+000 -0.4169586459E-012
  0.6969696970E+000  0.4848484848E+000 -0.4230810304E-012
  0.6969696970E+000  0.5151515152E+000 -0.4251289152E-012
  0.6969696970E+000  0.5454545455E+000 -0.4230825107E-012
  0.6969696970E+000  0.5757575758E+000 -0.4169615497E-012
  0.6969696970E+000  0.6060606061E+000 -0.4068249723E-012
  0.6969696970E+000  0.6363636364E+000 -0.3927703824E-012
  0.6969696970E+000  0.6666666667E+000 -0.3749331523E-012
  0.6969696970E+000  0.6969696970E+000 -0.3534850249E-012
  0.6969696970E+000  0.7272727273E+000 -0.3286325403E-012
  0.6969696970E+000  0.7575757576E+000 -0.3006150440E-012
  0.6969696970E+000  0.7878787879E+000 -0.2697023688E-012
  0.6969696970E+000  0.8181818182E+000 -0.2361922128E-012
  0.6969696970E+000  0.8484848485E+000 -0.2004073029E-012
  0.6969696970E+000  0.8787878788E+000 -0.1626922764E-012
  0.6969696970E+000  0.9090909091E+000 -0.1234103620E-012
  0.6969696970E+000  0.9393939394E+000 -0.8293988170E-013
  0.6969696970E+000  0.9696969697E+000 -0.4167060613E-013
  0.6969696970E+000  0.1000000000E+001  0.0000000000E+000

  0.7272727273E+000  0.3030303030E-001  0.0000000000E+000
  0.7272727273E+000  0.6060606061E-001 -0.3874124905E-013
  0.7272727273E+000  0.9090909091E-001 -0.7710941894E-013
  0.7272727273E+000  0.1212121212E+000 -0.1147350221E-012
  0.7272727273E+000  0.1515151515E+000 -0.1512557224E-012
  0.7272727273E+000  0.1818181818E+000 -0.1863198189E-012
  0.7272727273E+000  0.2121212121E+000 -0.2195896419E-012
  0.7272727273E+000  0.2424242424E+000 -0.2507447893E-012
  0.7272727273E+000  0.2727272727E+000 -0.2794852363E-012
  0.7272727273E+000  0.3030303030E+000 -0.3055341916E-012
  0.7272727273E+000  0.3333333333E+000 -0.3286407940E-012
  0.7272727273E+000  0.3636363636E+000 -0.3485824914E-012
  0.7272727273E+000  0.3939393939E+000 -0.3651672424E-012
  0.7272727273E+000  0.4242424242E+000 -0.3782353092E-012
  0.7272727273E+000  0.4545454545E+000 -0.3876608232E-012
  0.7272727273E+000  0.4848484848E+000 -0.3933529774E-012
  0.7272727273E+000  0.5151515152E+000 -0.3952569213E-012
  0.7272727273E+000  0.5454545455E+000 -0.3933542859E-012
  0.7272727273E+000  0.5757575758E+000 -0.3876633900E-012
  0.7272727273E+000  0.6060606061E+000 -0.3782390357E-012
  0.7272727273E+000  0.6363636364E+000 -0.3651719853E-012
  0.7272727273E+000  0.6666666667E+000 -0.3485880686E-012
  0.7272727273E+000  0.6969696970E+000 -0.3286469912E-012
  0.7272727273E+000  0.7272727273E+000 -0.3055407706E-012
  0.7272727273E+000  0.7575757576E+000 -0.2794919443E-012
  0.7272727273E+000  0.7878787879E+000 -0.2507513686E-012
  0.7272727273E+000  0.8181818182E+000 -0.2195958396E-012
  0.7272727273E+000  0.8484848485E+000 -0.1863253968E-012
  0.7272727273E+000  0.8787878788E+000 -0.1512604661E-012
  0.7272727273E+000  0.9090909091E+000 -0.1147387493E-012
  0.7272727273E+000  0.9393939394E+000 -0.7711198628E-013
  0.7272727273E+000  0.9696969697E+000 -0.3874255788E-013
  0.7272727273E+000  0.1000000000E+001  0.0000000000E+000

  0.7575757576E+000  0.3030303030E-001  0.0000000000E+000
  0.7575757576E+000  0.6060606061E-001 -0.3543985501E-013
  0.7575757576E+000  0.9090909091E-001 -0.7053842193E-013
  0.7575757576E+000  0.1212121212E+000 -0.1049577007E-012
  0.7575757576E+000  0.1515151515E+000 -0.1383662280E-012
  0.7575757576E+000  0.1818181818E+000 -0.1704422784E-012
  0.7575757576E+000  0.2121212121E+000 -0.2008769484E-012
  0.7575757576E+000  0.2424242424E+000 -0.2293771521E-012
  0.7575757576E+000  0.2727272727E+000 -0.2556684118E-012
  0.7575757576E+000  0.3030303030E+000 -0.2794975541E-012
  0.7575757576E+000  0.3333333333E+000 -0.3006350630E-012
  0.7575757576E+000  0.3636363636E+000 -0.3188773770E-012
  0.7575757576E+000  0.3939393939E+000 -0.3340487934E-012
  0.7575757576E+000  0.4242424242E+000 -0.3460032223E-012
  0.7575757576E+000  0.4545454545E+000 -0.3546254910E-012
  0.7575757576E+000  0.4848484848E+000 -0.3598325475E-012
  0.7575757576E+000  0.5151515152E+000 -0.3615742253E-012
  0.7575757576E+000  0.5454545455E+000 -0.3598336874E-012
  0.7575757576E+000  0.5757575758E+000 -0.3546277269E-012
  0.7575757576E+000  0.6060606061E+000 -0.3460064684E-012
  0.7575757576E+000  0.6363636364E+000 -0.3340529250E-012
  0.7575757576E+000  0.6666666667E+000 -0.3188822353E-012
  0.7575757576E+000  0.6969696970E+000 -0.3006404614E-012
  0.7575757576E+000  0.7272727273E+000 -0.2795032852E-012
  0.7575757576E+000  0.7575757576E+000 -0.2556742553E-012
  0.7575757576E+000  0.7878787879E+000 -0.2293828835E-012
  0.7575757576E+000  0.8181818182E+000 -0.2008823474E-012
  0.7575757576E+000  0.8484848485E+000 -0.1704471375E-012
  0.7575757576E+000  0.8787878788E+000 -0.1383703604E-012
  0.7575757576E+000  0.9090909091E+000 -0.1049609475E-012
  0.7575757576E+000  0.9393939394E+000 -0.7054065843E-013
  0.7575757576E+000  0.9696969697E+000 -0.3544099518E-013
  0.7575757576E+000  0.1000000000E+001  0.0000000000E+000

  0.7878787879E+000  0.3030303030E-001  0.0000000000E+000
  0.7878787879E+000  0.6060606061E-001 -0.3179672932E-013
  0.7878787879E+000  0.9090909091E-001 -0.6328725388E-013
  0.7878787879E+000  0.1212121212E+000 -0.9416831686E-013
  0.7878787879E+000  0.1515151515E+000 -0.1241425311E-012
  0.7878787879E+000  0.1818181818E+000 -0.1529212380E-012
  0.7878787879E+000  0.2121212121E+000 -0.1802272965E-012
  0.7878787879E+000  0.2424242424E+000 -0.2057977372E-012
  0.7878787879E+000  0.2727272727E+000 -0.2293863169E-012
  0.7878787879E+000  0.3030303030E+000 -0.2507658594E-012
  0.7878787879E+000  0.3333333333E+000 -0.2697304711E-012
  0.7878787879E+000  0.3636363636E+000 -0.2860974954E-012
  0.7878787879E+000  0.3939393939E+000 -0.2997093136E-012
  0.7878787879E+000  0.4242424242E+000 -0.3104348216E-012
  0.7878787879E+000  0.4545454545E+000 -0.3181707165E-012
  0.7878787879E+000  0.4848484848E+000 -0.3228424738E-012
  0.7878787879E+000  0.5151515152E+000 -0.3244050742E-012
  0.7878787879E+000  0.5454545455E+000 -0.3228434500E-012
  0.7878787879E+000  0.5757575758E+000 -0.3181726315E-012
  0.7878787879E+000  0.6060606061E+000 -0.3104376018E-012
  0.7878787879E+000  0.6363636364E+000 -0.2997128522E-012
  0.7878787879E+000  0.6666666667E+000 -0.2861016565E-012
  0.7878787879E+000  0.6969696970E+000 -0.2697350948E-012
  0.7878787879E+000  0.7272727273E+000 -0.2507707680E-012
  0.7878787879E+000  0.7575757576E+000 -0.2293913218E-012
  0.7878787879E+000  0.7878787879E+000 -0.2058026461E-012
  0.7878787879E+000  0.8181818182E+000 -0.1802319208E-012
  0.7878787879E+000  0.8484848485E+000 -0.1529253999E-012
  0.7878787879E+000  0.8787878788E+000 -0.1241460705E-012
  0.7878787879E+000  0.9090909091E+000 -0.9417109782E-013
  0.7878787879E+000  0.9393939394E+000 -0.6328916946E-013
  0.7878787879E+000  0.9696969697E+000 -0.3179770588E-013
  0.7878787879E+000  0.1000000000E+001  0.0000000000E+000

  0.8181818182E+000  0.3030303030E-001  0.0000000000E+000
  0.8181818182E+000  0.6060606061E-001 -0.2784696532E-013
  0.8181818182E+000  0.9090909091E-001 -0.5542576182E-013
  0.8181818182E+000  0.1212121212E+000 -0.8247080322E-013
  0.8181818182E+000  0.1515151515E+000 -0.1087216415E-012
  0.8181818182E+000  0.1818181818E+000 -0.1339254766E-012
  0.8181818182E+000  0.2121212121E+000 -0.1578395902E-012
  0.8181818182E+000  0.2424242424E+000 -0.1802336853E-012
  0.8181818182E+000  0.2727272727E+000 -0.2008920955E-012
  0.8181818182E+000  0.3030303030E+000 -0.2196158788E-012
  0.8181818182E+000  0.3333333333E+000 -0.2362247039E-012
  0.8181818182E+000  0.3636363636E+000 -0.2505586139E-012
  0.8181818182E+000  0.3939393939E+000 -0.2624795584E-012
  0.8181818182E+000  0.4242424242E+000 -0.2718727345E-012
  0.8181818182E+000  0.4545454545E+000 -0.2786476561E-012
  0.8181818182E+000  0.4848484848E+000 -0.2827390697E-012
  0.8181818182E+000  0.5151515152E+000 -0.2841075502E-012
  0.8181818182E+000  0.5454545455E+000 -0.2827398886E-012
  0.8181818182E+000  0.5757575758E+000 -0.2786492626E-012
  0.8181818182E+000  0.6060606061E+000 -0.2718750668E-012
  0.8181818182E+000  0.6363636364E+000 -0.2624825269E-012
  0.8181818182E+000  0.6666666667E+000 -0.2505621046E-012
  0.8181818182E+000  0.6969696970E+000 -0.2362285827E-012
  0.8181818182E+000  0.7272727273E+000 -0.2196199966E-012
  0.8181818182E+000  0.7575757576E+000 -0.2008962941E-012
  0.8181818182E+000  0.7878787879E+000 -0.1802378034E-012
  0.8181818182E+000  0.8181818182E+000 -0.1578434695E-012
  0.8181818182E+000  0.8484848485E+000 -0.1339289680E-012
  0.8181818182E+000  0.8787878788E+000 -0.1087246107E-012
  0.8181818182E+000  0.9090909091E+000 -0.8247313620E-013
  0.8181818182E+000  0.9393939394E+000 -0.5542736882E-013
  0.8181818182E+000  0.9696969697E+000 -0.2784778457E-013
  0.8181818182E+000  0.1000000000E+001  0.0000000000E+000

  0.8484848485E+000  0.3030303030E-001  0.0000000000E+000
  0.8484848485E+000  0.6060606061E-001 -0.2362862522E-013
  0.8484848485E+000  0.9090909091E-001 -0.4702970468E-013
  0.8484848485E+000  0.1212121212E+000 -0.6997788297E-013
  0.8484848485E+000  0.1515151515E+000 -0.9225216511E-013
  0.8484848485E+000  0.1818181818E+000 -0.1136380449E-012
  0.8484848485E+000  0.2121212121E+000 -0.1339295745E-012
  0.8484848485E+000  0.2424242424E+000 -0.1529313382E-012
  0.8484848485E+000  0.2727272727E+000 -0.1704603462E-012
  0.8484848485E+000  0.3030303030E+000 -0.1863477825E-012
  0.8484848485E+000  0.3333333333E+000 -0.2004406433E-012
  0.8484848485E+000  0.3636363636E+000 -0.2126031968E-012
  0.8484848485E+000  0.3939393939E+000 -0.2227183109E-012
  0.8484848485E+000  0.4242424242E+000 -0.2306885625E-012
  0.8484848485E+000  0.4545454545E+000 -0.2364371842E-012
  0.8484848485E+000  0.4848484848E+000 -0.2399088009E-012
  0.8484848485E+000  0.5151515152E+000 -0.2410699620E-012
  0.8484848485E+000  0.5454545455E+000 -0.2399094695E-012
  0.8484848485E+000  0.5757575758E+000 -0.2364384956E-012
  0.8484848485E+000  0.6060606061E+000 -0.2306904664E-012
  0.8484848485E+000  0.6363636364E+000 -0.2227207342E-012
  0.8484848485E+000  0.6666666667E+000 -0.2126060463E-012
  0.8484848485E+000  0.6969696970E+000 -0.2004438096E-012
  0.8484848485E+000  0.7272727273E+000 -0.1863511440E-012
  0.8484848485E+000  0.7575757576E+000 -0.1704637737E-012
  0.8484848485E+000  0.7878787879E+000 -0.1529347000E-012
  0.8484848485E+000  0.8181818182E+000 -0.1339327414E-012
  0.8484848485E+000  0.8484848485E+000 -0.1136408951E-012
  0.8484848485E+000  0.8787878788E+000 -0.9225458909E-013
  0.8484848485E+000  0.9090909091E+000 -0.6997978753E-013
  0.8484848485E+000  0.9393939394E+000 -0.4703101658E-013
  0.8484848485E+000  0.9696969697E+000 -0.2362929403E-013
  0.8484848485E+000  0.1000000000E+001  0.0000000000E+000

  0.8787878788E+000  0.3030303030E-001  0.0000000000E+000
  0.8787878788E+000  0.6060606061E-001 -0.1918237337E-013
  0.8787878788E+000  0.9090909091E-001 -0.3818001872E-013
  0.8787878788E+000  0.1212121212E+000 -0.5680998564E-013
  0.8787878788E+000  0.1515151515E+000 -0.7489286574E-013
  0.8787878788E+000  0.1818181818E+000 -0.9225451301E-013
  0.8787878788E+000  0.2121212121E+000 -0.1087277353E-012
  0.8787878788E+000  0.2424242424E+000 -0.1241538902E-012
  0.8787878788E+000  0.2727272727E+000 -0.1383844175E-012
  0.8787878788E+000  0.3030303030E+000 -0.1512822737E-012
  0.8787878788E+000  0.3333333333E+000 -0.1627232400E-012
  0.8787878788E+000  0.3636363636E+000 -0.1725971303E-012
  0.8787878788E+000  0.3939393939E+000 -0.1808088496E-012
  0.8787878788E+000  0.4242424242E+000 -0.1872793110E-012
  0.8787878788E+000  0.4545454545E+000 -0.1919461913E-012
  0.8787878788E+000  0.4848484848E+000 -0.1947645350E-012
  0.8787878788E+000  0.5151515152E+000 -0.1957071943E-012
  0.8787878788E+000  0.5454545455E+000 -0.1947650599E-012
  0.8787878788E+000  0.5757575758E+000 -0.1919472210E-012
  0.8787878788E+000  0.6060606061E+000 -0.1872808060E-012
  0.8787878788E+000  0.6363636364E+000 -0.1808107524E-012
  0.8787878788E+000  0.6666666667E+000 -0.1725993678E-012
  0.8787878788E+000  0.6969696970E+000 -0.1627257263E-012
  0.8787878788E+000  0.7272727273E+000 -0.1512849133E-012
  0.8787878788E+000  0.7575757576E+000 -0.1383871090E-012
  0.8787878788E+000  0.7878787879E+000 -0.1241565300E-012
  0.8787878788E+000  0.8181818182E+000 -0.1087302221E-012
  0.8787878788E+000  0.8484848485E+000 -0.9225675115E-013
  0.8787878788E+000  0.8787878788E+000 -0.7489476919E-013
  0.8787878788E+000  0.9090909091E+000 -0.5681148121E-013
  0.8787878788E+000  0.9393939394E+000 -0.3818104891E-013
  0.8787878788E+000  0.9696969697E+000 -0.1918289856E-013
  0.8787878788E+000  0.1000000000E+001  0.0000000000E+000

  0.9090909091E+000  0.3030303030E-001  0.0000000000E+000
  0.9090909091E+000  0.6060606061E-001 -0.1455108212E-013
  0.9090909091E+000  0.9090909091E-001 -0.2896203590E-013
  0.9090909091E+000  0.1212121212E+000 -0.4309408173E-013
  0.9090909091E+000  0.1515151515E+000 -0.5681112503E-013
  0.9090909091E+000  0.1818181818E+000 -0.6998106749E-013
  0.9090909091E+000  0.2121212121E+000 -0.8247707984E-013
  0.9090909091E+000  0.2424242424E+000 -0.9417882215E-013
  0.9090909091E+000  0.2727272727E+000 -0.1049736037E-012
  0.9090909091E+000  0.3030303030E+000 -0.1147574642E-012
  0.9090909091E+000  0.3333333333E+000 -0.1234361794E-012
  0.9090909091E+000  0.3636363636E+000 -0.1309261640E-012
  0.9090909091E+000  0.3939393939E+000 -0.1371552838E-012
  0.9090909091E+000  0.4242424242E+000 -0.1420635439E-012
  0.9090909091E+000  0.4545454545E+000 -0.1456036703E-012
  0.9090909091E+000  0.4848484848E+000 -0.1477415627E-012
  0.9090909091E+000  0.5151515152E+000 -0.1484566205E-012
  0.9090909091E+000  0.5454545455E+000 -0.1477419503E-012
  0.9090909091E+000  0.5757575758E+000 -0.1456044306E-012
  0.9090909091E+000  0.6060606061E+000 -0.1420646477E-012
  0.9090909091E+000  0.6363636364E+000 -0.1371566887E-012
  0.9090909091E+000  0.6666666667E+000 -0.1309278161E-012
  0.9090909091E+000  0.6969696970E+000 -0.1234380152E-012
  0.9090909091E+000  0.7272727273E+000 -0.1147594131E-012
  0.9090909091E+000  0.7575757576E+000 -0.1049755909E-012
  0.9090909091E+000  0.7878787879E+000 -0.9418077129E-013
  0.9090909091E+000  0.8181818182E+000 -0.8247891598E-013
  0.9090909091E+000  0.8484848485E+000 -0.6998272003E-013
  0.9090909091E+000  0.8787878788E+000 -0.5681253045E-013
  0.9090909091E+000  0.9090909091E+000 -0.4309518599E-013
  0.9090909091E+000  0.9393939394E+000 -0.2896279655E-013
  0.9090909091E+000  0.9696969697E+000 -0.1455146990E-013
  0.9090909091E+000  0.1000000000E+001  0.0000000000E+000

  0.9393939394E+000  0.3030303030E-001  0.0000000000E+000
  0.9393939394E+000  0.6060606061E-001 -0.9779418568E-014
  0.9393939394E+000  0.9090909091E-001 -0.1946466003E-013
  0.9393939394E+000  0.1212121212E+000 -0.2896245489E-013
  0.9393939394E+000  0.1515151515E+000 -0.3818133682E-013
  0.9393939394E+000  0.1818181818E+000 -0.4703252528E-013
  0.9393939394E+000  0.2121212121E+000 -0.5543078200E-013
  0.9393939394E+000  0.2424242424E+000 -0.6329522978E-013
  0.9393939394E+000  0.2727272727E+000 -0.7055013041E-013
  0.9393939394E+000  0.3030303030E+000 -0.7712561722E-013
  0.9393939394E+000  0.3333333333E+000 -0.8295836220E-013
  0.9393939394E+000  0.3636363636E+000 -0.8799219115E-013
  0.9393939394E+000  0.3939393939E+000 -0.9217862316E-013
  0.9393939394E+000  0.4242424242E+000 -0.9547733938E-013
  0.9393939394E+000  0.4545454545E+000 -0.9785656550E-013
  0.9393939394E+000  0.4848484848E+000 -0.9929338653E-013
  0.9393939394E+000  0.5151515152E+000 -0.9977395776E-013
  0.9393939394E+000  0.5454545455E+000 -0.9929364188E-013
  0.9393939394E+000  0.5757575758E+000 -0.9785706640E-013
  0.9393939394E+000  0.6060606061E+000 -0.9547806659E-013
  0.9393939394E+000  0.6363636364E+000 -0.9217954876E-013
  0.9393939394E+000  0.6666666667E+000 -0.8799327957E-013
  0.9393939394E+000  0.6969696970E+000 -0.8295957164E-013
  0.9393939394E+000  0.7272727273E+000 -0.7712690122E-013
  0.9393939394E+000  0.7575757576E+000 -0.7055143962E-013
  0.9393939394E+000  0.7878787879E+000 -0.6329651390E-013
  0.9393939394E+000  0.8181818182E+000 -0.5543199167E-013
  0.9393939394E+000  0.8484848485E+000 -0.4703361400E-013
  0.9393939394E+000  0.8787878788E+000 -0.3818226273E-013
  0.9393939394E+000  0.9090909091E+000 -0.2896318239E-013
  0.9393939394E+000  0.9393939394E+000 -0.1946516115E-013
  0.9393939394E+000  0.9696969697E+000 -0.9779674043E-014
  0.9393939394E+000  0.1000000000E+001  0.0000000000E+000

  0.9696969697E+000  0.3030303030E-001  0.0000000000E+000
  0.9696969697E+000  0.6060606061E-001 -0.4913410293E-014
  0.9696969697E+000  0.9090909091E-001 -0.9779504007E-014
  0.9696969697E+000  0.1212121212E+000 -0.1455141976E-013
  0.9696969697E+000  0.1515151515E+000 -0.1918320320E-013
  0.9696969697E+000  0.1818181818E+000 -0.2363024879E-013
  0.9696969697E+000  0.2121212121E+000 -0.2784973087E-013
  0.9696969697E+000  0.2424242424E+000 -0.3180101439E-013
  0.9696969697E+000  0.2727272727E+000 -0.3544604725E-013
  0.9696969697E+000  0.3030303030E+000 -0.3874972593E-013
  0.9696969697E+000  0.3333333333E+000 -0.4168023380E-013
  0.9696969697E+000  0.3636363636E+000 -0.4420934724E-013
  0.9696969697E+000  0.3939393939E+000 -0.4631270875E-013
  0.9696969697E+000  0.4242424242E+000 -0.4797006034E-013
  0.9696969697E+000  0.4545454545E+000 -0.4916543877E-013
  0.9696969697E+000  0.4848484848E+000 -0.4988732999E-013
  0.9696969697E+000  0.5151515152E+000 -0.5012877885E-013
  0.9696969697E+000  0.5454545455E+000 -0.4988745673E-013
  0.9696969697E+000  0.5757575758E+000 -0.4916568737E-013
  0.9696969697E+000  0.6060606061E+000 -0.4797042126E-013
  0.9696969697E+000  0.6363636364E+000 -0.4631316814E-013
  0.9696969697E+000  0.6666666667E+000 -0.4420988744E-013
  0.9696969697E+000  0.6969696970E+000 -0.4168083407E-013
  0.9696969697E+000  0.7272727273E+000 -0.3875036319E-013
  0.9696969697E+000  0.7575757576E+000 -0.3544669704E-013
  0.9696969697E+000  0.7878787879E+000 -0.3180165173E-013
  0.9696969697E+000  0.8181818182E+000 -0.2785033125E-013
  0.9696969697E+000  0.8484848485E+000 -0.2363078914E-013
  0.9696969697E+000  0.8787878788E+000 -0.1918366275E-013
  0.9696969697E+000  0.9090909091E+000 -0.1455178083E-013
  0.9696969697E+000  0.9393939394E+000 -0.9779752725E-014
  0.9696969697E+000  0.9696969697E+000 -0.4913537090E-014
  0.9696969697E+000  0.1000000000E+001  0.0000000000E+000

  0.1000000000E+001  0.3030303030E-001  0.0000000000E+000
  0.1000000000E+001  0.6060606061E-001  0.0000000000E+000
  0.1000000000E+001  0.9090909091E-001  0.0000000000E+000
  0.1000000000E+001  0.1212121212E+000  0.0000000000E+000
  0.1000000000E+001  0.1515151515E+000  0.0000000000E+000
  0.1000000000E+001  0.1818181818E+000  0.0000000000E+000
  0.1000000000E+001  0.2121212121E+000  0.0000000000E+000
  0.1000000000E+001  0.2424242424E+000  0.0000000000E+000
  0.1000000000E+001  0.2727272727E+000  0.0000000000E+000
  0.1000000000E+001  0.3030303030E+000  0.0000000000E+000
  0.1000000000E+001  0.3333333333E+000  0.0000000000E+000
  0.1000000000E+001  0.3636363636E+000  0.0000000000E+000
  0.1000000000E+001  0.3939393939E+000  0.0000000000E+000
  0.1000000000E+001  0.4242424242E+000  0.0000000000E+000
  0.1000000000E+001  0.4545454545E+000  0.0000000000E+000
  0.1000000000E+001  0.4848484848E+000  0.0000000000E+000
  0.1000000000E+001  0.5151515152E+000  0.0000000000E+000
  0.1000000000E+001  0.5454545455E+000  0.0000000000E+000
  0.1000000000E+001  0.5757575758E+000  0.0000000000E+000
  0.1000000000E+001  0.6060606061E+000  0.0000000000E+000
  0.1000000000E+001  0.6363636364E+000  0.0000000000E+000
  0.1000000000E+001  0.6666666667E+000  0.0000000000E+000
  0.1000000000E+001  0.6969696970E+000  0.0000000000E+000
  0.1000000000E+001  0.7272727273E+000  0.0000000000E+000
  0.1000000000E+001  0.7575757576E+000  0.0000000000E+000
  0.1000000000E+001  0.7878787879E+000  0.0000000000E+000
  0.1000000000E+001  0.8181818182E+000  0.0000000000E+000
  0.1000000000E+001  0.8484848485E+000  0.0000000000E+000
  0.1000000000E+001  0.8787878788E+000  0.0000000000E+000
  0.1000000000E+001  0.9090909091E+000  0.0000000000E+000
  0.1000000000E+001  0.9393939394E+000  0.0000000000E+000
  0.1000000000E+001  0.9696969697E+000  0.0000000000E+000
  0.1000000000E+001  0.1000000000E+001  0.0000000000E+000

