  0.3030303030E-001  0.3030303030E-001  0.8796462340E+003
  0.3030303030E-001  0.6060606061E-001  0.5154732447E+003
  0.3030303030E-001  0.9090909091E-001  0.4846539974E+003
  0.3030303030E-001  0.1212121212E+000  0.2225972506E+003
  0.3030303030E-001  0.1515151515E+000  0.5497682238E+003
  0.3030303030E-001  0.1818181818E+000  0.4220679846E+002
  0.3030303030E-001  0.2121212121E+000  0.4988628771E+003
  0.3030303030E-001  0.2424242424E+000  0.1347389862E+003
  0.3030303030E-001  0.2727272727E+000  0.5572369167E+003
  0.3030303030E-001  0.3030303030E+000  0.5605647386E+003
  0.3030303030E-001  0.3333333333E+000  0.1506161824E+003
  0.3030303030E-001  0.3636363636E+000  0.1870684995E+003
  0.3030303030E-001  0.3939393939E+000  0.9206182323E+003
  0.3030303030E-001  0.4242424242E+000  0.6066884824E+003
  0.3030303030E-001  0.4545454545E+000  0.1235096234E+002
  0.3030303030E-001  0.4848484848E+000  0.8093968259E+003
  0.3030303030E-001  0.5151515152E+000  0.8258381921E+003
  0.3030303030E-001  0.5454545455E+000  0.8182385234E+003
  0.3030303030E-001  0.5757575758E+000  0.1056182582E+004
  0.3030303030E-001  0.6060606061E+000  0.4764360628E+003
  0.3030303030E-001  0.6363636364E+000  0.1107266439E+003
  0.3030303030E-001  0.6666666667E+000  0.6618466904E+002
  0.3030303030E-001  0.6969696970E+000  0.7909913194E+003
  0.3030303030E-001  0.7272727273E+000  0.3984682928E+003
  0.3030303030E-001  0.7575757576E+000  0.9929187828E+003
  0.3030303030E-001  0.7878787879E+000  0.7856263274E+003
  0.3030303030E-001  0.8181818182E+000  0.4203223011E+002
  0.3030303030E-001  0.8484848485E+000  0.5120994309E+003
  0.3030303030E-001  0.8787878788E+000  0.1183480659E+003
  0.3030303030E-001  0.9090909091E+000  0.5418567010E+001
  0.3030303030E-001  0.9393939394E+000  0.6681071741E+003
  0.3030303030E-001  0.9696969697E+000  0.4670030893E+003
  0.3030303030E-001  0.1000000000E+001  0.7750959927E+003

  0.6060606061E-001  0.3030303030E-001  0.5921384119E+003
  0.6060606061E-001  0.6060606061E-001  0.8347536041E+003
  0.6060606061E-001  0.9090909091E-001  0.2939053194E+003
  0.6060606061E-001  0.1212121212E+000  0.4680527301E+003
  0.6060606061E-001  0.1515151515E+000  0.1506906741E+003
  0.6060606061E-001  0.1818181818E+000  0.6101417851E+003
  0.6060606061E-001  0.2121212121E+000  0.5654942985E+003
  0.6060606061E-001  0.2424242424E+000  0.5573414044E+003
  0.6060606061E-001  0.2727272727E+000  0.3717332363E+003
  0.6060606061E-001  0.3030303030E+000  0.7783162594E+003
  0.6060606061E-001  0.3333333333E+000  0.7266871177E+003
  0.6060606061E-001  0.3636363636E+000  0.1025688130E+004
  0.6060606061E-001  0.3939393939E+000  0.1014864779E+004
  0.6060606061E-001  0.4242424242E+000  0.8723046297E+003
  0.6060606061E-001  0.4545454545E+000  0.5416602341E+003
  0.6060606061E-001  0.4848484848E+000  0.9130990157E+003
  0.6060606061E-001  0.5151515152E+000  0.8847314948E+003
  0.6060606061E-001  0.5454545455E+000  0.2377508901E+003
  0.6060606061E-001  0.5757575758E+000  0.2225080761E+003
  0.6060606061E-001  0.6060606061E+000  0.3920248120E+003
  0.6060606061E-001  0.6363636364E+000  0.1024390188E+004
  0.6060606061E-001  0.6666666667E+000  0.6395068982E+003
  0.6060606061E-001  0.6969696970E+000  0.7850623929E+003
  0.6060606061E-001  0.7272727273E+000  0.9635723526E+003
  0.6060606061E-001  0.7575757576E+000  0.1049858516E+004
  0.6060606061E-001  0.7878787879E+000  0.6293254720E+003
  0.6060606061E-001  0.8181818182E+000  0.3960153324E+003
  0.6060606061E-001  0.8484848485E+000  0.4243191186E+003
  0.6060606061E-001  0.8787878788E+000  0.1390535135E+003
  0.6060606061E-001  0.9090909091E+000  0.2352664916E+003
  0.6060606061E-001  0.9393939394E+000  0.3034028405E+003
  0.6060606061E-001  0.9696969697E+000  0.2602804472E+003
  0.6060606061E-001  0.1000000000E+001  0.8258713286E+002

  0.9090909091E-001  0.3030303030E-001  0.6457045051E+003
  0.9090909091E-001  0.6060606061E-001  0.9833907635E+002
  0.9090909091E-001  0.9090909091E-001  0.1177837935E+002
  0.9090909091E-001  0.1212121212E+000  0.3124590566E+003
  0.9090909091E-001  0.1515151515E+000  0.2977656700E+003
  0.9090909091E-001  0.1818181818E+000  0.7315313907E+003
  0.9090909091E-001  0.2121212121E+000  0.3267882099E+003
  0.9090909091E-001  0.2424242424E+000  0.3523683540E+003
  0.9090909091E-001  0.2727272727E+000  0.3636242326E+003
  0.9090909091E-001  0.3030303030E+000  0.1053192710E+004
  0.9090909091E-001  0.3333333333E+000  0.6708704146E+003
  0.9090909091E-001  0.3636363636E+000  0.7427302815E+003
  0.9090909091E-001  0.3939393939E+000  0.9547969013E+003
  0.9090909091E-001  0.4242424242E+000  0.1997470471E+003
  0.9090909091E-001  0.4545454545E+000  0.9161128760E+003
  0.9090909091E-001  0.4848484848E+000  0.2724550886E+003
  0.9090909091E-001  0.5151515152E+000  0.4245539582E+003
  0.9090909091E-001  0.5454545455E+000  0.8324720150E+003
  0.9090909091E-001  0.5757575758E+000  0.8221370837E+003
  0.9090909091E-001  0.6060606061E+000  0.4688368744E+003
  0.9090909091E-001  0.6363636364E+000  0.4911078956E+003
  0.9090909091E-001  0.6666666667E+000  0.1183704908E+003
  0.9090909091E-001  0.6969696970E+000  0.1055437488E+004
  0.9090909091E-001  0.7272727273E+000  0.8500446689E+003
  0.9090909091E-001  0.7575757576E+000  0.1169736666E+003
  0.9090909091E-001  0.7878787879E+000  0.4839178250E+003
  0.9090909091E-001  0.8181818182E+000  0.4828236434E+003
  0.9090909091E-001  0.8484848485E+000  0.9466027896E+003
  0.9090909091E-001  0.8787878788E+000  0.7867239762E+003
  0.9090909091E-001  0.9090909091E+000  0.1002557184E+004
  0.9090909091E-001  0.9393939394E+000  0.8529319243E+002
  0.9090909091E-001  0.9696969697E+000  0.1252042262E+003
  0.9090909091E-001  0.1000000000E+001  0.1380772317E+003

  0.1212121212E+000  0.3030303030E-001  0.1057880964E+004
  0.1212121212E+000  0.6060606061E-001  0.7549209680E+002
  0.1212121212E+000  0.9090909091E-001  0.1394911982E+003
  0.1212121212E+000  0.1212121212E+000  0.8326634651E+003
  0.1212121212E+000  0.1515151515E+000  0.4392826947E+003
  0.1212121212E+000  0.1818181818E+000  0.6224350583E+003
  0.1212121212E+000  0.2121212121E+000  0.3844697464E+003
  0.1212121212E+000  0.2424242424E+000  0.5744791433E+003
  0.1212121212E+000  0.2727272727E+000  0.5633898015E+003
  0.1212121212E+000  0.3030303030E+000  0.9138883232E+003
  0.1212121212E+000  0.3333333333E+000  0.9598671265E+003
  0.1212121212E+000  0.3636363636E+000  0.5729926432E+002
  0.1212121212E+000  0.3939393939E+000  0.2434273081E+003
  0.1212121212E+000  0.4242424242E+000  0.9470277644E+003
  0.1212121212E+000  0.4545454545E+000  0.4057820202E+003
  0.1212121212E+000  0.4848484848E+000  0.4935599225E+003
  0.1212121212E+000  0.5151515152E+000  0.2553543433E+003
  0.1212121212E+000  0.5454545455E+000  0.5968365795E+003
  0.1212121212E+000  0.5757575758E+000  0.3098728882E+003
  0.1212121212E+000  0.6060606061E+000  0.1221826675E+003
  0.1212121212E+000  0.6363636364E+000  0.8246356852E+003
  0.1212121212E+000  0.6666666667E+000  0.7954605987E+002
  0.1212121212E+000  0.6969696970E+000  0.1035407519E+004
  0.1212121212E+000  0.7272727273E+000  0.1136507078E+003
  0.1212121212E+000  0.7575757576E+000  0.8420460081E+003
  0.1212121212E+000  0.7878787879E+000  0.1074828553E+004
  0.1212121212E+000  0.8181818182E+000  0.3585001777E+003
  0.1212121212E+000  0.8484848485E+000  0.3970101440E+003
  0.1212121212E+000  0.8787878788E+000  0.1969239088E+002
  0.1212121212E+000  0.9090909091E+000  0.5151906273E+003
  0.1212121212E+000  0.9393939394E+000  0.6634905415E+003
  0.1212121212E+000  0.9696969697E+000  0.9082293779E+003
  0.1212121212E+000  0.1000000000E+001  0.5441604308E+003

  0.1515151515E+000  0.3030303030E-001  0.9389321764E+003
  0.1515151515E+000  0.6060606061E-001  0.4269385330E+003
  0.1515151515E+000  0.9090909091E-001  0.7259713426E+003
  0.1515151515E+000  0.1212121212E+000  0.5671021275E+003
  0.1515151515E+000  0.1515151515E+000  0.7683226719E+003
  0.1515151515E+000  0.1818181818E+000  0.7319332178E+003
  0.1515151515E+000  0.2121212121E+000  0.5617154391E+003
  0.1515151515E+000  0.2424242424E+000  0.7173235639E+003
  0.1515151515E+000  0.2727272727E+000  0.8664779676E+003
  0.1515151515E+000  0.3030303030E+000  0.9284510951E+003
  0.1515151515E+000  0.3333333333E+000  0.7428237160E+003
  0.1515151515E+000  0.3636363636E+000  0.3367478010E+003
  0.1515151515E+000  0.3939393939E+000  0.9223188317E+003
  0.1515151515E+000  0.4242424242E+000  0.9694527847E+003
  0.1515151515E+000  0.4545454545E+000  0.1392649349E+003
  0.1515151515E+000  0.4848484848E+000  0.8150279225E+003
  0.1515151515E+000  0.5151515152E+000  0.8620197233E+002
  0.1515151515E+000  0.5454545455E+000  0.3947186468E+003
  0.1515151515E+000  0.5757575758E+000  0.8426593221E+002
  0.1515151515E+000  0.6060606061E+000  0.9695094714E+003
  0.1515151515E+000  0.6363636364E+000  0.9635356880E+003
  0.1515151515E+000  0.6666666667E+000  0.6669044452E+003
  0.1515151515E+000  0.6969696970E+000  0.8740497068E+003
  0.1515151515E+000  0.7272727273E+000  0.9938352040E+003
  0.1515151515E+000  0.7575757576E+000  0.1444308724E+003
  0.1515151515E+000  0.7878787879E+000  0.4687634307E+003
  0.1515151515E+000  0.8181818182E+000  0.7537447137E+003
  0.1515151515E+000  0.8484848485E+000  0.6555561469E+002
  0.1515151515E+000  0.8787878788E+000  0.3032954164E+002
  0.1515151515E+000  0.9090909091E+000  0.6320971233E+003
  0.1515151515E+000  0.9393939394E+000  0.5339087769E+003
  0.1515151515E+000  0.9696969697E+000  0.2781838370E+003
  0.1515151515E+000  0.1000000000E+001  0.4364901715E+003

  0.1818181818E+000  0.3030303030E-001  0.9624851838E+003
  0.1818181818E+000  0.6060606061E-001  0.7248339182E+003
  0.1818181818E+000  0.9090909091E-001  0.8187134104E+003
  0.1818181818E+000  0.1212121212E+000  0.1037420355E+004
  0.1818181818E+000  0.1515151515E+000  0.8712196532E+003
  0.1818181818E+000  0.1818181818E+000  0.8356358766E+003
  0.1818181818E+000  0.2121212121E+000  0.1008982738E+004
  0.1818181818E+000  0.2424242424E+000  0.2903199822E+003
  0.1818181818E+000  0.2727272727E+000  0.2174110607E+003
  0.1818181818E+000  0.3030303030E+000  0.5165510732E+003
  0.1818181818E+000  0.3333333333E+000  0.5070319020E+002
  0.1818181818E+000  0.3636363636E+000  0.4429541893E+003
  0.1818181818E+000  0.3939393939E+000  0.1269649004E+003
  0.1818181818E+000  0.4242424242E+000  0.5508662130E+003
  0.1818181818E+000  0.4545454545E+000  0.6122512959E+002
  0.1818181818E+000  0.4848484848E+000  0.1039261736E+004
  0.1818181818E+000  0.5151515152E+000  0.3546921141E+003
  0.1818181818E+000  0.5454545455E+000  0.1017648290E+004
  0.1818181818E+000  0.5757575758E+000  0.3224070841E+003
  0.1818181818E+000  0.6060606061E+000  0.1142940639E+003
  0.1818181818E+000  0.6363636364E+000  0.3348313049E+003
  0.1818181818E+000  0.6666666667E+000  0.6811316498E+003
  0.1818181818E+000  0.6969696970E+000  0.2734619376E+003
  0.1818181818E+000  0.7272727273E+000  0.3273820176E+003
  0.1818181818E+000  0.7575757576E+000  0.3922476209E+003
  0.1818181818E+000  0.7878787879E+000  0.2036847569E+003
  0.1818181818E+000  0.8181818182E+000  0.8458625791E+003
  0.1818181818E+000  0.8484848485E+000  0.3482319843E+001
  0.1818181818E+000  0.8787878788E+000  0.3732872230E+003
  0.1818181818E+000  0.9090909091E+000  0.2440281315E+003
  0.1818181818E+000  0.9393939394E+000  0.8791472380E+003
  0.1818181818E+000  0.9696969697E+000  0.1017087393E+004
  0.1818181818E+000  0.1000000000E+001  0.8874127372E+003

  0.2121212121E+000  0.3030303030E-001  0.4311697516E+003
  0.2121212121E+000  0.6060606061E-001  0.1429196045E+003
  0.2121212121E+000  0.9090909091E-001  0.8621271176E+003
  0.2121212121E+000  0.1212121212E+000  0.5554806952E+003
  0.2121212121E+000  0.1515151515E+000  0.4157326059E+003
  0.2121212121E+000  0.1818181818E+000  0.6699956086E+003
  0.2121212121E+000  0.2121212121E+000  0.8787581696E+003
  0.2121212121E+000  0.2424242424E+000  0.1716383812E+003
  0.2121212121E+000  0.2727272727E+000  0.3414699055E+003
  0.2121212121E+000  0.3030303030E+000  0.1002184937E+003
  0.2121212121E+000  0.3333333333E+000  0.2070522964E+003
  0.2121212121E+000  0.3636363636E+000  0.3330750376E+003
  0.2121212121E+000  0.3939393939E+000  0.9847622715E+003
  0.2121212121E+000  0.4242424242E+000  0.5082855041E+003
  0.2121212121E+000  0.4545454545E+000  0.7233431301E+003
  0.2121212121E+000  0.4848484848E+000  0.5117792495E+003
  0.2121212121E+000  0.5151515152E+000  0.9259834931E+003
  0.2121212121E+000  0.5454545455E+000  0.7944726951E+002
  0.2121212121E+000  0.5757575758E+000  0.3843584909E+003
  0.2121212121E+000  0.6060606061E+000  0.1427666255E+003
  0.2121212121E+000  0.6363636364E+000  0.5372601132E+003
  0.2121212121E+000  0.6666666667E+000  0.6211418357E+003
  0.2121212121E+000  0.6969696970E+000  0.9822913644E+003
  0.2121212121E+000  0.7272727273E+000  0.5536269422E+003
  0.2121212121E+000  0.7575757576E+000  0.1688155747E+003
  0.2121212121E+000  0.7878787879E+000  0.3213396439E+003
  0.2121212121E+000  0.8181818182E+000  0.8737904344E+003
  0.2121212121E+000  0.8484848485E+000  0.9602756437E+003
  0.2121212121E+000  0.8787878788E+000  0.4189412855E+003
  0.2121212121E+000  0.9090909091E+000  0.2391196664E+003
  0.2121212121E+000  0.9393939394E+000  0.6991988314E+003
  0.2121212121E+000  0.9696969697E+000  0.7264007042E+003
  0.2121212121E+000  0.1000000000E+001  0.4617520480E+003

  0.2424242424E+000  0.3030303030E-001  0.6992435767E+003
  0.2424242424E+000  0.6060606061E-001  0.1444292501E+002
  0.2424242424E+000  0.9090909091E-001  0.6666305247E+003
  0.2424242424E+000  0.1212121212E+000  0.4723644148E+003
  0.2424242424E+000  0.1515151515E+000  0.5727631309E+002
  0.2424242424E+000  0.1818181818E+000  0.7328155601E+003
  0.2424242424E+000  0.2121212121E+000  0.7843992097E+003
  0.2424242424E+000  0.2424242424E+000  0.7515178544E+003
  0.2424242424E+000  0.2727272727E+000  0.2632598368E+002
  0.2424242424E+000  0.3030303030E+000  0.2077235189E+003
  0.2424242424E+000  0.3333333333E+000  0.7685069019E+003
  0.2424242424E+000  0.3636363636E+000  0.9769988750E+003
  0.2424242424E+000  0.3939393939E+000  0.9542166333E+003
  0.2424242424E+000  0.4242424242E+000  0.1062762118E+004
  0.2424242424E+000  0.4545454545E+000  0.7577843318E+003
  0.2424242424E+000  0.4848484848E+000  0.5531837559E+003
  0.2424242424E+000  0.5151515152E+000  0.6628688028E+003
  0.2424242424E+000  0.5454545455E+000  0.3995841247E+003
  0.2424242424E+000  0.5757575758E+000  0.5984814690E+003
  0.2424242424E+000  0.6060606061E+000  0.1010707832E+004
  0.2424242424E+000  0.6363636364E+000  0.1052354996E+004
  0.2424242424E+000  0.6666666667E+000  0.1084495768E+004
  0.2424242424E+000  0.6969696970E+000  0.5616769179E+003
  0.2424242424E+000  0.7272727273E+000  0.3474186118E+003
  0.2424242424E+000  0.7575757576E+000  0.6213067537E+003
  0.2424242424E+000  0.7878787879E+000  0.7685630966E+003
  0.2424242424E+000  0.8181818182E+000  0.2754814928E+003
  0.2424242424E+000  0.8484848485E+000  0.6743949276E+003
  0.2424242424E+000  0.8787878788E+000  0.5254636042E+003
  0.2424242424E+000  0.9090909091E+000  0.7057968121E+003
  0.2424242424E+000  0.9393939394E+000  0.1031650533E+004
  0.2424242424E+000  0.9696969697E+000  0.1064473690E+004
  0.2424242424E+000  0.1000000000E+001  0.3556813443E+001

  0.2727272727E+000  0.3030303030E-001  0.8447590811E+003
  0.2727272727E+000  0.6060606061E-001  0.8957158875E+003
  0.2727272727E+000  0.9090909091E-001  0.2796769672E+003
  0.2727272727E+000  0.1212121212E+000  0.3792597565E+003
  0.2727272727E+000  0.1515151515E+000  0.1018247487E+004
  0.2727272727E+000  0.1818181818E+000  0.1054026009E+004
  0.2727272727E+000  0.2121212121E+000  0.9302783397E+002
  0.2727272727E+000  0.2424242424E+000  0.6602083207E+003
  0.2727272727E+000  0.2727272727E+000  0.7204779685E+003
  0.2727272727E+000  0.3030303030E+000  0.7212311407E+002
  0.2727272727E+000  0.3333333333E+000  0.1145716850E+003
  0.2727272727E+000  0.3636363636E+000  0.7691209301E+003
  0.2727272727E+000  0.3939393939E+000  0.4132027739E+003
  0.2727272727E+000  0.4242424242E+000  0.6654210094E+003
  0.2727272727E+000  0.4545454545E+000  0.5374161815E+003
  0.2727272727E+000  0.4848484848E+000  0.2163076543E+003
  0.2727272727E+000  0.5151515152E+000  0.3439773276E+003
  0.2727272727E+000  0.5454545455E+000  0.5946831837E+003
  0.2727272727E+000  0.5757575758E+000  0.9207598932E+003
  0.2727272727E+000  0.6060606061E+000  0.1440589020E+003
  0.2727272727E+000  0.6363636364E+000  0.9294175258E+003
  0.2727272727E+000  0.6666666667E+000  0.7550331321E+003
  0.2727272727E+000  0.6969696970E+000  0.1656428786E+003
  0.2727272727E+000  0.7272727273E+000  0.2324980918E+003
  0.2727272727E+000  0.7575757576E+000  0.1752591975E+003
  0.2727272727E+000  0.7878787879E+000  0.5321380861E+003
  0.2727272727E+000  0.8181818182E+000  0.1052395753E+004
  0.2727272727E+000  0.8484848485E+000  0.9602025810E+003
  0.2727272727E+000  0.8787878788E+000  0.6665474139E+002
  0.2727272727E+000  0.9090909091E+000  0.4385500950E+003
  0.2727272727E+000  0.9393939394E+000  0.4629068419E+003
  0.2727272727E+000  0.9696969697E+000  0.9860293059E+003
  0.2727272727E+000  0.1000000000E+001  0.1744004741E+003

  0.3030303030E+000  0.3030303030E-001  0.4791101116E+003
  0.3030303030E+000  0.6060606061E-001  0.8593744243E+003
  0.3030303030E+000  0.9090909091E-001  0.6687506002E+003
  0.3030303030E+000  0.1212121212E+000  0.8467433348E+003
  0.3030303030E+000  0.1515151515E+000  0.8361646382E+003
  0.3030303030E+000  0.1818181818E+000  0.3173749181E+003
  0.3030303030E+000  0.2121212121E+000  0.5215547990E+003
  0.3030303030E+000  0.2424242424E+000  0.5904278337E+003
  0.3030303030E+000  0.2727272727E+000  0.1187776278E+003
  0.3030303030E+000  0.3030303030E+000  0.6985555110E+003
  0.3030303030E+000  0.3333333333E+000  0.1016203920E+004
  0.3030303030E+000  0.3636363636E+000  0.1080642835E+004
  0.3030303030E+000  0.3939393939E+000  0.9278460483E+003
  0.3030303030E+000  0.4242424242E+000  0.2867940694E+003
  0.3030303030E+000  0.4545454545E+000  0.7316389656E+003
  0.3030303030E+000  0.4848484848E+000  0.9384941553E+003
  0.3030303030E+000  0.5151515152E+000  0.7852894437E+003
  0.3030303030E+000  0.5454545455E+000  0.6954398660E+003
  0.3030303030E+000  0.5757575758E+000  0.6457209975E+003
  0.3030303030E+000  0.6060606061E+000  0.1066020975E+004
  0.3030303030E+000  0.6363636364E+000  0.1074719351E+004
  0.3030303030E+000  0.6666666667E+000  0.4667007617E+003
  0.3030303030E+000  0.6969696970E+000  0.4866797697E+003
  0.3030303030E+000  0.7272727273E+000  0.2195285935E+003
  0.3030303030E+000  0.7575757576E+000  0.3339692093E+003
  0.3030303030E+000  0.7878787879E+000  0.3577503810E+003
  0.3030303030E+000  0.8181818182E+000  0.8594691394E+003
  0.3030303030E+000  0.8484848485E+000  0.3145786798E+003
  0.3030303030E+000  0.8787878788E+000  0.7521750653E+003
  0.3030303030E+000  0.9090909091E+000  0.7346359892E+003
  0.3030303030E+000  0.9393939394E+000  0.4217843888E+003
  0.3030303030E+000  0.9696969697E+000  0.7330557467E+003
  0.3030303030E+000  0.1000000000E+001  0.6925933145E+003

  0.3333333333E+000  0.3030303030E-001  0.7940290333E+003
  0.3333333333E+000  0.6060606061E-001  0.3831034994E+003
  0.3333333333E+000  0.9090909091E-001  0.1078298425E+004
  0.3333333333E+000  0.1212121212E+000  0.6682703008E+003
  0.3333333333E+000  0.1515151515E+000  0.8014694565E+003
  0.3333333333E+000  0.1818181818E+000  0.6381336232E+003
  0.3333333333E+000  0.2121212121E+000  0.4196362893E+003
  0.3333333333E+000  0.2424242424E+000  0.4242401016E+002
  0.3333333333E+000  0.2727272727E+000  0.3905690296E+003
  0.3333333333E+000  0.3030303030E+000  0.8780958826E+003
  0.3333333333E+000  0.3333333333E+000  0.8277453418E+003
  0.3333333333E+000  0.3636363636E+000  0.9557764870E+003
  0.3333333333E+000  0.3939393939E+000  0.9832183783E+003
  0.3333333333E+000  0.4242424242E+000  0.4106605309E+003
  0.3333333333E+000  0.4545454545E+000  0.4111631537E+003
  0.3333333333E+000  0.4848484848E+000  0.2388615486E+003
  0.3333333333E+000  0.5151515152E+000  0.7396733295E+003
  0.3333333333E+000  0.5454545455E+000  0.3878024907E+003
  0.3333333333E+000  0.5757575758E+000  0.1131453002E+003
  0.3333333333E+000  0.6060606061E+000  0.9647075005E+003
  0.3333333333E+000  0.6363636364E+000  0.8611126236E+003
  0.3333333333E+000  0.6666666667E+000  0.5710524685E+003
  0.3333333333E+000  0.6969696970E+000  0.2061047228E+003
  0.3333333333E+000  0.7272727273E+000  0.6235556930E+003
  0.3333333333E+000  0.7575757576E+000  0.5301659575E+003
  0.3333333333E+000  0.7878787879E+000  0.5295558867E+003
  0.3333333333E+000  0.8181818182E+000  0.9563632463E+003
  0.3333333333E+000  0.8484848485E+000  0.2894425762E+003
  0.3333333333E+000  0.8787878788E+000  0.6165025934E+002
  0.3333333333E+000  0.9090909091E+000  0.1074934488E+004
  0.3333333333E+000  0.9393939394E+000  0.7052376288E+003
  0.3333333333E+000  0.9696969697E+000  0.3275177562E+003
  0.3333333333E+000  0.1000000000E+001  0.4335649564E+003

  0.3636363636E+000  0.3030303030E-001  0.4512357949E+003
  0.3636363636E+000  0.6060606061E-001  0.1075858154E+003
  0.3636363636E+000  0.9090909091E-001  0.1069697209E+004
  0.3636363636E+000  0.1212121212E+000  0.6202523149E+003
  0.3636363636E+000  0.1515151515E+000  0.2159515431E+003
  0.3636363636E+000  0.1818181818E+000  0.8147847477E+003
  0.3636363636E+000  0.2121212121E+000  0.1877729827E+003
  0.3636363636E+000  0.2424242424E+000  0.7668247893E+003
  0.3636363636E+000  0.2727272727E+000  0.3446860453E+002
  0.3636363636E+000  0.3030303030E+000  0.1033565202E+004
  0.3636363636E+000  0.3333333333E+000  0.8561219432E+003
  0.3636363636E+000  0.3636363636E+000  0.8371196204E+003
  0.3636363636E+000  0.3939393939E+000  0.6346039054E+003
  0.3636363636E+000  0.4242424242E+000  0.1069256790E+004
  0.3636363636E+000  0.4545454545E+000  0.1223830992E+002
  0.3636363636E+000  0.4848484848E+000  0.4200898162E+002
  0.3636363636E+000  0.5151515152E+000  0.7306570158E+003
  0.3636363636E+000  0.5454545455E+000  0.1056682336E+004
  0.3636363636E+000  0.5757575758E+000  0.7203354291E+003
  0.3636363636E+000  0.6060606061E+000  0.6305779918E+003
  0.3636363636E+000  0.6363636364E+000  0.5749935547E+003
  0.3636363636E+000  0.6666666667E+000  0.6953097399E+003
  0.3636363636E+000  0.6969696970E+000  0.1236123808E+003
  0.3636363636E+000  0.7272727273E+000  0.1055111336E+004
  0.3636363636E+000  0.7575757576E+000  0.6551688388E+003
  0.3636363636E+000  0.7878787879E+000  0.7691877353E+003
  0.3636363636E+000  0.8181818182E+000  0.1081061226E+004
  0.3636363636E+000  0.8484848485E+000  0.9235502226E+003
  0.3636363636E+000  0.8787878788E+000  0.8250958103E+003
  0.3636363636E+000  0.9090909091E+000  0.1201711495E+003
  0.3636363636E+000  0.9393939394E+000  0.8999801204E+003
  0.3636363636E+000  0.9696969697E+000  0.3141094725E+003
  0.3636363636E+000  0.1000000000E+001  0.6011193693E+003

  0.3939393939E+000  0.3030303030E-001  0.5077999203E+003
  0.3939393939E+000  0.6060606061E-001  0.6105300373E+003
  0.3939393939E+000  0.9090909091E-001  0.6842586928E+003
  0.3939393939E+000  0.1212121212E+000  0.2317980929E+003
  0.3939393939E+000  0.1515151515E+000  0.3552155312E+003
  0.3939393939E+000  0.1818181818E+000  0.5718474444E+003
  0.3939393939E+000  0.2121212121E+000  0.8268152711E+003
  0.3939393939E+000  0.2424242424E+000  0.1066594022E+004
  0.3939393939E+000  0.2727272727E+000  0.5578909146E+003
  0.3939393939E+000  0.3030303030E+000  0.6771520130E+003
  0.3939393939E+000  0.3333333333E+000  0.5592447152E+003
  0.3939393939E+000  0.3636363636E+000  0.2357596532E+003
  0.3939393939E+000  0.3939393939E+000  0.4240125475E+003
  0.3939393939E+000  0.4242424242E+000  0.4001895487E+003
  0.3939393939E+000  0.4545454545E+000  0.4471380338E+003
  0.3939393939E+000  0.4848484848E+000  0.1995493192E+003
  0.3939393939E+000  0.5151515152E+000  0.9468769407E+003
  0.3939393939E+000  0.5454545455E+000  0.3373368158E+003
  0.3939393939E+000  0.5757575758E+000  0.7089220448E+003
  0.3939393939E+000  0.6060606061E+000  0.5967081199E+003
  0.3939393939E+000  0.6363636364E+000  0.3900481667E+003
  0.3939393939E+000  0.6666666667E+000  0.8935464473E+003
  0.3939393939E+000  0.6969696970E+000  0.9898141302E+003
  0.3939393939E+000  0.7272727273E+000  0.3183774099E+003
  0.3939393939E+000  0.7575757576E+000  0.5121659843E+003
  0.3939393939E+000  0.7878787879E+000  0.9206003735E+003
  0.3939393939E+000  0.8181818182E+000  0.8023715981E+002
  0.3939393939E+000  0.8484848485E+000  0.7739391669E+002
  0.3939393939E+000  0.8787878788E+000  0.2338409122E+003
  0.3939393939E+000  0.9090909091E+000  0.1056034120E+004
  0.3939393939E+000  0.9393939394E+000  0.8587246645E+003
  0.3939393939E+000  0.9696969697E+000  0.1086436039E+003
  0.3939393939E+000  0.1000000000E+001  0.8007123826E+003

  0.4242424242E+000  0.3030303030E-001  0.9849295689E+002
  0.4242424242E+000  0.6060606061E-001  0.1067976145E+004
  0.4242424242E+000  0.9090909091E-001  0.2949191923E+003
  0.4242424242E+000  0.1212121212E+000  0.7692692336E+003
  0.4242424242E+000  0.1515151515E+000  0.6512783140E+003
  0.4242424242E+000  0.1818181818E+000  0.1849976982E+003
  0.4242424242E+000  0.2121212121E+000  0.9111889032E+003
  0.4242424242E+000  0.2424242424E+000  0.8349192814E+003
  0.4242424242E+000  0.2727272727E+000  0.5202149976E+003
  0.4242424242E+000  0.3030303030E+000  0.1076373155E+004
  0.4242424242E+000  0.3333333333E+000  0.3456604442E+003
  0.4242424242E+000  0.3636363636E+000  0.5046318998E+003
  0.4242424242E+000  0.3939393939E+000  0.4383297309E+002
  0.4242424242E+000  0.4242424242E+000  0.1054206159E+004
  0.4242424242E+000  0.4545454545E+000  0.1060502128E+004
  0.4242424242E+000  0.4848484848E+000  0.1061450544E+003
  0.4242424242E+000  0.5151515152E+000  0.2448045857E+003
  0.4242424242E+000  0.5454545455E+000  0.4254889354E+003
  0.4242424242E+000  0.5757575758E+000  0.5259829706E+003
  0.4242424242E+000  0.6060606061E+000  0.8007294358E+003
  0.4242424242E+000  0.6363636364E+000  0.1915080137E+002
  0.4242424242E+000  0.6666666667E+000  0.9891628956E+003
  0.4242424242E+000  0.6969696970E+000  0.5745470806E+003
  0.4242424242E+000  0.7272727273E+000  0.8812063793E+003
  0.4242424242E+000  0.7575757576E+000  0.2067346547E+003
  0.4242424242E+000  0.7878787879E+000  0.1063553345E+004
  0.4242424242E+000  0.8181818182E+000  0.6728638398E+003
  0.4242424242E+000  0.8484848485E+000  0.6477182573E+003
  0.4242424242E+000  0.8787878788E+000  0.8038567560E+003
  0.4242424242E+000  0.9090909091E+000  0.7976411174E+003
  0.4242424242E+000  0.9393939394E+000  0.7875455219E+003
  0.4242424242E+000  0.9696969697E+000  0.1575371745E+003
  0.4242424242E+000  0.1000000000E+001  0.4789628582E+002

  0.4545454545E+000  0.3030303030E-001  0.9189799303E+003
  0.4545454545E+000  0.6060606061E-001  0.6128864739E+003
  0.4545454545E+000  0.9090909091E-001  0.1058081102E+004
  0.4545454545E+000  0.1212121212E+000  0.1034184528E+004
  0.4545454545E+000  0.1515151515E+000  0.1423962729E+003
  0.4545454545E+000  0.1818181818E+000  0.7719446833E+003
  0.4545454545E+000  0.2121212121E+000  0.7027349105E+003
  0.4545454545E+000  0.2424242424E+000  0.5048479213E+003
  0.4545454545E+000  0.2727272727E+000  0.8312948501E+003
  0.4545454545E+000  0.3030303030E+000  0.4292445410E+002
  0.4545454545E+000  0.3333333333E+000  0.5368220366E+003
  0.4545454545E+000  0.3636363636E+000  0.3982763382E+002
  0.4545454545E+000  0.3939393939E+000  0.7043068558E+003
  0.4545454545E+000  0.4242424242E+000  0.8668415007E+003
  0.4545454545E+000  0.4545454545E+000  0.5159337873E+003
  0.4545454545E+000  0.4848484848E+000  0.2929928820E+003
  0.4545454545E+000  0.5151515152E+000  0.6200543793E+003
  0.4545454545E+000  0.5454545455E+000  0.6398908303E+003
  0.4545454545E+000  0.5757575758E+000  0.5761277535E+003
  0.4545454545E+000  0.6060606061E+000  0.7703429319E+002
  0.4545454545E+000  0.6363636364E+000  0.1034138230E+004
  0.4545454545E+000  0.6666666667E+000  0.7126165168E+003
  0.4545454545E+000  0.6969696970E+000  0.5888760082E+003
  0.4545454545E+000  0.7272727273E+000  0.4921672441E+003
  0.4545454545E+000  0.7575757576E+000  0.4413349849E+003
  0.4545454545E+000  0.7878787879E+000  0.2248730466E+003
  0.4545454545E+000  0.8181818182E+000  0.9897614087E+003
  0.4545454545E+000  0.8484848485E+000  0.4175572139E+003
  0.4545454545E+000  0.8787878788E+000  0.7766842299E+003
  0.4545454545E+000  0.9090909091E+000  0.1014249220E+004
  0.4545454545E+000  0.9393939394E+000  0.4294450349E+003
  0.4545454545E+000  0.9696969697E+000  0.8077287251E+003
  0.4545454545E+000  0.1000000000E+001  0.1574366315E+002

  0.4848484848E+000  0.3030303030E-001  0.9444054385E+002
  0.4848484848E+000  0.6060606061E-001  0.7068108274E+003
  0.4848484848E+000  0.9090909091E-001  0.3491720920E+003
  0.4848484848E+000  0.1212121212E+000  0.1586469822E+003
  0.4848484848E+000  0.1515151515E+000  0.7035953833E+003
  0.4848484848E+000  0.1818181818E+000  0.3742926482E+003
  0.4848484848E+000  0.2121212121E+000  0.5446053730E+003
  0.4848484848E+000  0.2424242424E+000  0.4207779874E+003
  0.4848484848E+000  0.2727272727E+000  0.8817729565E+003
  0.4848484848E+000  0.3030303030E+000  0.3087385204E+003
  0.4848484848E+000  0.3333333333E+000  0.5378188921E+003
  0.4848484848E+000  0.3636363636E+000  0.1954529407E+003
  0.4848484848E+000  0.3939393939E+000  0.5352250318E+001
  0.4848484848E+000  0.4242424242E+000  0.8894818021E+003
  0.4848484848E+000  0.4545454545E+000  0.1768382879E+001
  0.4848484848E+000  0.4848484848E+000  0.1441697080E+003
  0.4848484848E+000  0.5151515152E+000  0.1019557031E+004
  0.4848484848E+000  0.5454545455E+000  0.2999243753E+003
  0.4848484848E+000  0.5757575758E+000  0.9232620301E+003
  0.4848484848E+000  0.6060606061E+000  0.7886634549E+003
  0.4848484848E+000  0.6363636364E+000  0.3915307948E+003
  0.4848484848E+000  0.6666666667E+000  0.2744693485E+003
  0.4848484848E+000  0.6969696970E+000  0.5020179045E+003
  0.4848484848E+000  0.7272727273E+000  0.2066949437E+003
  0.4848484848E+000  0.7575757576E+000  0.1524693910E+003
  0.4848484848E+000  0.7878787879E+000  0.4698121876E+003
  0.4848484848E+000  0.8181818182E+000  0.4614115735E+003
  0.4848484848E+000  0.8484848485E+000  0.1035764048E+004
  0.4848484848E+000  0.8787878788E+000  0.1997156182E+003
  0.4848484848E+000  0.9090909091E+000  0.9985085301E+003
  0.4848484848E+000  0.9393939394E+000  0.8461169943E+003
  0.4848484848E+000  0.9696969697E+000  0.8789503235E+003
  0.4848484848E+000  0.1000000000E+001  0.8274136842E+002

  0.5151515152E+000  0.3030303030E-001  0.6582021333E+003
  0.5151515152E+000  0.6060606061E-001  0.6676457456E+003
  0.5151515152E+000  0.9090909091E-001  0.7819617441E+003
  0.5151515152E+000  0.1212121212E+000  0.8476552560E+003
  0.5151515152E+000  0.1515151515E+000  0.7789781761E+003
  0.5151515152E+000  0.1818181818E+000  0.9880452323E+003
  0.5151515152E+000  0.2121212121E+000  0.9843739438E+003
  0.5151515152E+000  0.2424242424E+000  0.6674312123E+003
  0.5151515152E+000  0.2727272727E+000  0.6113744979E+003
  0.5151515152E+000  0.3030303030E+000  0.4901214873E+003
  0.5151515152E+000  0.3333333333E+000  0.8464193017E+003
  0.5151515152E+000  0.3636363636E+000  0.4793590625E+003
  0.5151515152E+000  0.3939393939E+000  0.8769714123E+002
  0.5151515152E+000  0.4242424242E+000  0.3729521414E+003
  0.5151515152E+000  0.4545454545E+000  0.8942181880E+003
  0.5151515152E+000  0.4848484848E+000  0.5301565059E+003
  0.5151515152E+000  0.5151515152E+000  0.1083588330E+003
  0.5151515152E+000  0.5454545455E+000  0.1139263627E+003
  0.5151515152E+000  0.5757575758E+000  0.5299682380E+003
  0.5151515152E+000  0.6060606061E+000  0.9021552618E+003
  0.5151515152E+000  0.6363636364E+000  0.4443635299E+003
  0.5151515152E+000  0.6666666667E+000  0.4402668082E+003
  0.5151515152E+000  0.6969696970E+000  0.2585689604E+003
  0.5151515152E+000  0.7272727273E+000  0.7417191355E+003
  0.5151515152E+000  0.7575757576E+000  0.7562960377E+003
  0.5151515152E+000  0.7878787879E+000  0.5480129665E+003
  0.5151515152E+000  0.8181818182E+000  0.1793562391E+003
  0.5151515152E+000  0.8484848485E+000  0.6028635048E+003
  0.5151515152E+000  0.8787878788E+000  0.2414524079E+003
  0.5151515152E+000  0.9090909091E+000  0.6955265247E+003
  0.5151515152E+000  0.9393939394E+000  0.5607436557E+002
  0.5151515152E+000  0.9696969697E+000  0.7886538684E+003
  0.5151515152E+000  0.1000000000E+001  0.1083208949E+004

  0.5454545455E+000  0.3030303030E-001  0.9258747117E+003
  0.5454545455E+000  0.6060606061E-001  0.4920649701E+003
  0.5454545455E+000  0.9090909091E-001  0.4171281748E+003
  0.5454545455E+000  0.1212121212E+000  0.6098176551E+003
  0.5454545455E+000  0.1515151515E+000  0.3369415616E+003
  0.5454545455E+000  0.1818181818E+000  0.2532669040E+003
  0.5454545455E+000  0.2121212121E+000  0.6457009929E+003
  0.5454545455E+000  0.2424242424E+000  0.4644086204E+003
  0.5454545455E+000  0.2727272727E+000  0.9991777256E+003
  0.5454545455E+000  0.3030303030E+000  0.8411133837E+003
  0.5454545455E+000  0.3333333333E+000  0.8077994000E+003
  0.5454545455E+000  0.3636363636E+000  0.6620272215E+003
  0.5454545455E+000  0.3939393939E+000  0.5678162883E+003
  0.5454545455E+000  0.4242424242E+000  0.6928804122E+002
  0.5454545455E+000  0.4545454545E+000  0.4556459526E+003
  0.5454545455E+000  0.4848484848E+000  0.9990823038E+002
  0.5454545455E+000  0.5151515152E+000  0.6358766222E+003
  0.5454545455E+000  0.5454545455E+000  0.8089923779E+002
  0.5454545455E+000  0.5757575758E+000  0.2591251764E+003
  0.5454545455E+000  0.6060606061E+000  0.6785020537E+001
  0.5454545455E+000  0.6363636364E+000  0.6687990495E+003
  0.5454545455E+000  0.6666666667E+000  0.9383022909E+003
  0.5454545455E+000  0.6969696970E+000  0.3936703423E+003
  0.5454545455E+000  0.7272727273E+000  0.6541380591E+003
  0.5454545455E+000  0.7575757576E+000  0.8270597289E+003
  0.5454545455E+000  0.7878787879E+000  0.8596148791E+003
  0.5454545455E+000  0.8181818182E+000  0.1669327736E+003
  0.5454545455E+000  0.8484848485E+000  0.2488881669E+003
  0.5454545455E+000  0.8787878788E+000  0.5322415754E+003
  0.5454545455E+000  0.9090909091E+000  0.7946136097E+002
  0.5454545455E+000  0.9393939394E+000  0.4481847533E+003
  0.5454545455E+000  0.9696969697E+000  0.3155189786E+003
  0.5454545455E+000  0.1000000000E+001  0.1096355534E+003

  0.5757575758E+000  0.3030303030E-001  0.5111873853E+003
  0.5757575758E+000  0.6060606061E-001  0.7328104477E+003
  0.5757575758E+000  0.9090909091E-001  0.7947926389E+003
  0.5757575758E+000  0.1212121212E+000  0.3270380277E+003
  0.5757575758E+000  0.1515151515E+000  0.4095311965E+003
  0.5757575758E+000  0.1818181818E+000  0.7066318062E+003
  0.5757575758E+000  0.2121212121E+000  0.8896027806E+003
  0.5757575758E+000  0.2424242424E+000  0.4850243388E+003
  0.5757575758E+000  0.2727272727E+000  0.7782663488E+003
  0.5757575758E+000  0.3030303030E+000  0.5020721511E+002
  0.5757575758E+000  0.3333333333E+000  0.1815595488E+002
  0.5757575758E+000  0.3636363636E+000  0.6136719858E+003
  0.5757575758E+000  0.3939393939E+000  0.6220556765E+003
  0.5757575758E+000  0.4242424242E+000  0.3094380489E+003
  0.5757575758E+000  0.4545454545E+000  0.2836894533E+003
  0.5757575758E+000  0.4848484848E+000  0.4561139997E+003
  0.5757575758E+000  0.5151515152E+000  0.8735189469E+003
  0.5757575758E+000  0.5454545455E+000  0.7849266553E+003
  0.5757575758E+000  0.5757575758E+000  0.4306443505E+002
  0.5757575758E+000  0.6060606061E+000  0.9953116220E+003
  0.5757575758E+000  0.6363636364E+000  0.3448361997E+003
  0.5757575758E+000  0.6666666667E+000  0.1885778956E+003
  0.5757575758E+000  0.6969696970E+000  0.6081415836E+003
  0.5757575758E+000  0.7272727273E+000  0.8746574054E+003
  0.5757575758E+000  0.7575757576E+000  0.5526149974E+003
  0.5757575758E+000  0.7878787879E+000  0.3077735355E+003
  0.5757575758E+000  0.8181818182E+000  0.2988507865E+003
  0.5757575758E+000  0.8484848485E+000  0.1381499769E+003
  0.5757575758E+000  0.8787878788E+000  0.1047088906E+004
  0.5757575758E+000  0.9090909091E+000  0.1341781004E+003
  0.5757575758E+000  0.9393939394E+000  0.4293323793E+003
  0.5757575758E+000  0.9696969697E+000  0.3182400270E+003
  0.5757575758E+000  0.1000000000E+001  0.4927528753E+003

  0.6060606061E+000  0.3030303030E-001  0.3780807674E+003
  0.6060606061E+000  0.6060606061E-001  0.3596843475E+003
  0.6060606061E+000  0.9090909091E-001  0.4823278055E+003
  0.6060606061E+000  0.1212121212E+000  0.3182785287E+003
  0.6060606061E+000  0.1515151515E+000  0.3770880813E+003
  0.6060606061E+000  0.1818181818E+000  0.1053693814E+004
  0.6060606061E+000  0.2121212121E+000  0.5255012091E+003
  0.6060606061E+000  0.2424242424E+000  0.9931763210E+003
  0.6060606061E+000  0.2727272727E+000  0.8963625936E+003
  0.6060606061E+000  0.3030303030E+000  0.2523903908E+003
  0.6060606061E+000  0.3333333333E+000  0.7481769860E+003
  0.6060606061E+000  0.3636363636E+000  0.4346346922E+003
  0.6060606061E+000  0.3939393939E+000  0.1500744730E+003
  0.6060606061E+000  0.4242424242E+000  0.7346150689E+003
  0.6060606061E+000  0.4545454545E+000  0.2870893503E+003
  0.6060606061E+000  0.4848484848E+000  0.6275645371E+003
  0.6060606061E+000  0.5151515152E+000  0.6786861158E+003
  0.6060606061E+000  0.5454545455E+000  0.4312682460E+003
  0.6060606061E+000  0.5757575758E+000  0.5904956818E+003
  0.6060606061E+000  0.6060606061E+000  0.8102454670E+003
  0.6060606061E+000  0.6363636364E+000  0.2041713653E+003
  0.6060606061E+000  0.6666666667E+000  0.9993006426E+003
  0.6060606061E+000  0.6969696970E+000  0.1039010077E+004
  0.6060606061E+000  0.7272727273E+000  0.1955205996E+003
  0.6060606061E+000  0.7575757576E+000  0.5474459864E+003
  0.6060606061E+000  0.7878787879E+000  0.9068135746E+003
  0.6060606061E+000  0.8181818182E+000  0.4974577946E+002
  0.6060606061E+000  0.8484848485E+000  0.2456350489E+003
  0.6060606061E+000  0.8787878788E+000  0.3475653443E+003
  0.6060606061E+000  0.9090909091E+000  0.1561591054E+003
  0.6060606061E+000  0.9393939394E+000  0.4073986381E+002
  0.6060606061E+000  0.9696969697E+000  0.8278201918E+003
  0.6060606061E+000  0.1000000000E+001  0.3549917713E+003

  0.6363636364E+000  0.3030303030E-001  0.2775154578E+002
  0.6363636364E+000  0.6060606061E-001  0.1057855842E+004
  0.6363636364E+000  0.9090909091E-001  0.1002182360E+004
  0.6363636364E+000  0.1212121212E+000  0.9084753156E+003
  0.6363636364E+000  0.1515151515E+000  0.7037472364E+001
  0.6363636364E+000  0.1818181818E+000  0.1482658723E+003
  0.6363636364E+000  0.2121212121E+000  0.3806302511E+003
  0.6363636364E+000  0.2424242424E+000  0.1452638100E+003
  0.6363636364E+000  0.2727272727E+000  0.3811877965E+003
  0.6363636364E+000  0.3030303030E+000  0.5095622205E+003
  0.6363636364E+000  0.3333333333E+000  0.6333044912E+003
  0.6363636364E+000  0.3636363636E+000  0.9663164191E+003
  0.6363636364E+000  0.3939393939E+000  0.4141861125E+002
  0.6363636364E+000  0.4242424242E+000  0.5683162727E+003
  0.6363636364E+000  0.4545454545E+000  0.4045541644E+003
  0.6363636364E+000  0.4848484848E+000  0.1051388640E+004
  0.6363636364E+000  0.5151515152E+000  0.2948014803E+003
  0.6363636364E+000  0.5454545455E+000  0.8478000389E+003
  0.6363636364E+000  0.5757575758E+000  0.3357649124E+003
  0.6363636364E+000  0.6060606061E+000  0.2341212119E+003
  0.6363636364E+000  0.6363636364E+000  0.2262631240E+003
  0.6363636364E+000  0.6666666667E+000  0.2575211699E+002
  0.6363636364E+000  0.6969696970E+000  0.1030600125E+004
  0.6363636364E+000  0.7272727273E+000  0.1877432395E+003
  0.6363636364E+000  0.7575757576E+000  0.9575456803E+003
  0.6363636364E+000  0.7878787879E+000  0.1464132131E+003
  0.6363636364E+000  0.8181818182E+000  0.8574859181E+003
  0.6363636364E+000  0.8484848485E+000  0.2283752172E+002
  0.6363636364E+000  0.8787878788E+000  0.6271181083E+003
  0.6363636364E+000  0.9090909091E+000  0.5675670115E+003
  0.6363636364E+000  0.9393939394E+000  0.4671311740E+003
  0.6363636364E+000  0.9696969697E+000  0.9351348286E+003
  0.6363636364E+000  0.1000000000E+001  0.3993603480E+003

  0.6666666667E+000  0.3030303030E-001  0.6602107146E+003
  0.6666666667E+000  0.6060606061E-001  0.6575776719E+003
  0.6666666667E+000  0.9090909091E-001  0.1014681330E+004
  0.6666666667E+000  0.1212121212E+000  0.8125820358E+003
  0.6666666667E+000  0.1515151515E+000  0.7585651570E+003
  0.6666666667E+000  0.1818181818E+000  0.4163746035E+003
  0.6666666667E+000  0.2121212121E+000  0.7223913565E+003
  0.6666666667E+000  0.2424242424E+000  0.1932610216E+003
  0.6666666667E+000  0.2727272727E+000  0.6882966462E+003
  0.6666666667E+000  0.3030303030E+000  0.7087057307E+003
  0.6666666667E+000  0.3333333333E+000  0.4466809913E+003
  0.6666666667E+000  0.3636363636E+000  0.8761015601E+002
  0.6666666667E+000  0.3939393939E+000  0.3622859491E+003
  0.6666666667E+000  0.4242424242E+000  0.1997056642E+003
  0.6666666667E+000  0.4545454545E+000  0.3160040512E+003
  0.6666666667E+000  0.4848484848E+000  0.1087075136E+004
  0.6666666667E+000  0.5151515152E+000  0.6762354974E+003
  0.6666666667E+000  0.5454545455E+000  0.1006658364E+004
  0.6666666667E+000  0.5757575758E+000  0.1016244879E+004
  0.6666666667E+000  0.6060606061E+000  0.7979290881E+003
  0.6666666667E+000  0.6363636364E+000  0.5609184274E+003
  0.6666666667E+000  0.6666666667E+000  0.3365846395E+003
  0.6666666667E+000  0.6969696970E+000  0.8743145564E+003
  0.6666666667E+000  0.7272727273E+000  0.1989699661E+003
  0.6666666667E+000  0.7575757576E+000  0.8314898711E+003
  0.6666666667E+000  0.7878787879E+000  0.4056094530E+003
  0.6666666667E+000  0.8181818182E+000  0.1066975438E+004
  0.6666666667E+000  0.8484848485E+000  0.1187540721E+003
  0.6666666667E+000  0.8787878788E+000  0.7042143797E+003
  0.6666666667E+000  0.9090909091E+000  0.9712499093E+003
  0.6666666667E+000  0.9393939394E+000  0.7550072546E+003
  0.6666666667E+000  0.9696969697E+000  0.1457794149E+002
  0.6666666667E+000  0.1000000000E+001  0.1947212839E+003

  0.6969696970E+000  0.3030303030E-001  0.1038600899E+004
  0.6969696970E+000  0.6060606061E-001  0.7216249451E+003
  0.6969696970E+000  0.9090909091E-001  0.8151453272E+003
  0.6969696970E+000  0.1212121212E+000  0.5492686832E+003
  0.6969696970E+000  0.1515151515E+000  0.3500303209E+003
  0.6969696970E+000  0.1818181818E+000  0.1206290226E+003
  0.6969696970E+000  0.2121212121E+000  0.9120723547E+003
  0.6969696970E+000  0.2424242424E+000  0.8953320939E+003
  0.6969696970E+000  0.2727272727E+000  0.4437091010E+003
  0.6969696970E+000  0.3030303030E+000  0.7770752035E+003
  0.6969696970E+000  0.3333333333E+000  0.6888813497E+003
  0.6969696970E+000  0.3636363636E+000  0.5855036228E+003
  0.6969696970E+000  0.3939393939E+000  0.4878571520E+003
  0.6969696970E+000  0.4242424242E+000  0.2566274762E+003
  0.6969696970E+000  0.4545454545E+000  0.4337660186E+002
  0.6969696970E+000  0.4848484848E+000  0.9936373769E+003
  0.6969696970E+000  0.5151515152E+000  0.5889267242E+003
  0.6969696970E+000  0.5454545455E+000  0.2469103125E+003
  0.6969696970E+000  0.5757575758E+000  0.7082538062E+003
  0.6969696970E+000  0.6060606061E+000  0.8055994593E+003
  0.6969696970E+000  0.6363636364E+000  0.6865560574E+003
  0.6969696970E+000  0.6666666667E+000  0.5344832763E+003
  0.6969696970E+000  0.6969696970E+000  0.1034194782E+004
  0.6969696970E+000  0.7272727273E+000  0.1153553007E+003
  0.6969696970E+000  0.7575757576E+000  0.4109996109E+003
  0.6969696970E+000  0.7878787879E+000  0.5502478529E+003
  0.6969696970E+000  0.8181818182E+000  0.7401071778E+003
  0.6969696970E+000  0.8484848485E+000  0.6930687627E+003
  0.6969696970E+000  0.8787878788E+000  0.9621151874E+003
  0.6969696970E+000  0.9090909091E+000  0.2318645365E+003
  0.6969696970E+000  0.9393939394E+000  0.8619153193E+003
  0.6969696970E+000  0.9696969697E+000  0.7633350409E+002
  0.6969696970E+000  0.1000000000E+001  0.1078750016E+004

  0.7272727273E+000  0.3030303030E-001  0.2604594207E+003
  0.7272727273E+000  0.6060606061E-001  0.6579017617E+003
  0.7272727273E+000  0.9090909091E-001  0.1274540983E+002
  0.7272727273E+000  0.1212121212E+000  0.9966514350E+003
  0.7272727273E+000  0.1515151515E+000  0.8036820393E+003
  0.7272727273E+000  0.1818181818E+000  0.4907651334E+003
  0.7272727273E+000  0.2121212121E+000  0.3762070715E+003
  0.7272727273E+000  0.2424242424E+000  0.4775518316E+003
  0.7272727273E+000  0.2727272727E+000  0.7188813808E+003
  0.7272727273E+000  0.3030303030E+000  0.5044816131E+003
  0.7272727273E+000  0.3333333333E+000  0.3530417728E+003
  0.7272727273E+000  0.3636363636E+000  0.6782546482E+003
  0.7272727273E+000  0.3939393939E+000  0.1080345396E+004
  0.7272727273E+000  0.4242424242E+000  0.4546592094E+003
  0.7272727273E+000  0.4545454545E+000  0.7753937450E+003
  0.7272727273E+000  0.4848484848E+000  0.5182294434E+003
  0.7272727273E+000  0.5151515152E+000  0.7792502984E+003
  0.7272727273E+000  0.5454545455E+000  0.6362926071E+003
  0.7272727273E+000  0.5757575758E+000  0.5147723736E+002
  0.7272727273E+000  0.6060606061E+000  0.3366125648E+003
  0.7272727273E+000  0.6363636364E+000  0.6008959980E+003
  0.7272727273E+000  0.6666666667E+000  0.1032064306E+004
  0.7272727273E+000  0.6969696970E+000  0.6816164690E+003
  0.7272727273E+000  0.7272727273E+000  0.1043759581E+004
  0.7272727273E+000  0.7575757576E+000  0.6278085719E+003
  0.7272727273E+000  0.7878787879E+000  0.7619387150E+003
  0.7272727273E+000  0.8181818182E+000  0.6500850534E+003
  0.7272727273E+000  0.8484848485E+000  0.2396230732E+003
  0.7272727273E+000  0.8787878788E+000  0.7881652091E+003
  0.7272727273E+000  0.9090909091E+000  0.1180233907E+003
  0.7272727273E+000  0.9393939394E+000  0.1667313395E+003
  0.7272727273E+000  0.9696969697E+000  0.1836113160E+002
  0.7272727273E+000  0.1000000000E+001  0.8860275409E+003

  0.7575757576E+000  0.3030303030E-001  0.3871372169E+002
  0.7575757576E+000  0.6060606061E-001  0.1571348800E+003
  0.7575757576E+000  0.9090909091E-001  0.1808902807E+003
  0.7575757576E+000  0.1212121212E+000  0.7536810737E+003
  0.7575757576E+000  0.1515151515E+000  0.5152865469E+003
  0.7575757576E+000  0.1818181818E+000  0.3448743654E+003
  0.7575757576E+000  0.2121212121E+000  0.1960539086E+003
  0.7575757576E+000  0.2424242424E+000  0.3035173445E+003
  0.7575757576E+000  0.2727272727E+000  0.3958635727E+003
  0.7575757576E+000  0.3030303030E+000  0.8716346837E+003
  0.7575757576E+000  0.3333333333E+000  0.3994817476E+003
  0.7575757576E+000  0.3636363636E+000  0.5470087375E+003
  0.7575757576E+000  0.3939393939E+000  0.1276634523E+002
  0.7575757576E+000  0.4242424242E+000  0.4326503999E+003
  0.7575757576E+000  0.4545454545E+000  0.9044756784E+003
  0.7575757576E+000  0.4848484848E+000  0.6125005755E+002
  0.7575757576E+000  0.5151515152E+000  0.2740385552E+003
  0.7575757576E+000  0.5454545455E+000  0.4383220130E+003
  0.7575757576E+000  0.5757575758E+000  0.4683258238E+003
  0.7575757576E+000  0.6060606061E+000  0.9499957299E+003
  0.7575757576E+000  0.6363636364E+000  0.6460492764E+003
  0.7575757576E+000  0.6666666667E+000  0.1027915828E+003
  0.7575757576E+000  0.6969696970E+000  0.6124891769E+003
  0.7575757576E+000  0.7272727273E+000  0.4594380277E+002
  0.7575757576E+000  0.7575757576E+000  0.4084580031E+003
  0.7575757576E+000  0.7878787879E+000  0.9682335328E+003
  0.7575757576E+000  0.8181818182E+000  0.6068098953E+003
  0.7575757576E+000  0.8484848485E+000  0.2573278135E+003
  0.7575757576E+000  0.8787878788E+000  0.9876181362E+003
  0.7575757576E+000  0.9090909091E+000  0.1094386783E+003
  0.7575757576E+000  0.9393939394E+000  0.1362451770E+003
  0.7575757576E+000  0.9696969697E+000  0.7855065121E+002
  0.7575757576E+000  0.1000000000E+001  0.5486527041E+003

  0.7878787879E+000  0.3030303030E-001  0.7685110642E+003
  0.7878787879E+000  0.6060606061E-001  0.7685687603E+003
  0.7878787879E+000  0.9090909091E-001  0.3867673166E+003
  0.7878787879E+000  0.1212121212E+000  0.4944173685E+002
  0.7878787879E+000  0.1515151515E+000  0.2879967888E+003
  0.7878787879E+000  0.1818181818E+000  0.9229741125E+003
  0.7878787879E+000  0.2121212121E+000  0.1086968792E+004
  0.7878787879E+000  0.2424242424E+000  0.1017908323E+004
  0.7878787879E+000  0.2727272727E+000  0.8599365477E+003
  0.7878787879E+000  0.3030303030E+000  0.8170136349E+003
  0.7878787879E+000  0.3333333333E+000  0.7474954695E+003
  0.7878787879E+000  0.3636363636E+000  0.5221300059E+003
  0.7878787879E+000  0.3939393939E+000  0.6528589215E+003
  0.7878787879E+000  0.4242424242E+000  0.1047403872E+004
  0.7878787879E+000  0.4545454545E+000  0.7627839215E+003
  0.7878787879E+000  0.4848484848E+000  0.4201329958E+003
  0.7878787879E+000  0.5151515152E+000  0.9557989046E+003
  0.7878787879E+000  0.5454545455E+000  0.2764244683E+003
  0.7878787879E+000  0.5757575758E+000  0.6380598075E+003
  0.7878787879E+000  0.6060606061E+000  0.2726790149E+003
  0.7878787879E+000  0.6363636364E+000  0.5954219758E+003
  0.7878787879E+000  0.6666666667E+000  0.4837449215E+003
  0.7878787879E+000  0.6969696970E+000  0.8868891325E+003
  0.7878787879E+000  0.7272727273E+000  0.4081571415E+003
  0.7878787879E+000  0.7575757576E+000  0.2009892560E+003
  0.7878787879E+000  0.7878787879E+000  0.7934080321E+003
  0.7878787879E+000  0.8181818182E+000  0.1053273758E+004
  0.7878787879E+000  0.8484848485E+000  0.2638557239E+003
  0.7878787879E+000  0.8787878788E+000  0.2161662446E+003
  0.7878787879E+000  0.9090909091E+000  0.6459196742E+003
  0.7878787879E+000  0.9393939394E+000  0.7255772324E+003
  0.7878787879E+000  0.9696969697E+000  0.1014305572E+004
  0.7878787879E+000  0.1000000000E+001  0.5791312205E+003

  0.8181818182E+000  0.3030303030E-001  0.7685417761E+003
  0.8181818182E+000  0.6060606061E-001  0.3471533461E+003
  0.8181818182E+000  0.9090909091E-001  0.4598914896E+002
  0.8181818182E+000  0.1212121212E+000  0.6930392643E+003
  0.8181818182E+000  0.1515151515E+000  0.8906697950E+003
  0.8181818182E+000  0.1818181818E+000  0.3066018401E+003
  0.8181818182E+000  0.2121212121E+000  0.1026841161E+004
  0.8181818182E+000  0.2424242424E+000  0.4037317414E+003
  0.8181818182E+000  0.2727272727E+000  0.5929049256E+003
  0.8181818182E+000  0.3030303030E+000  0.9619806576E+003
  0.8181818182E+000  0.3333333333E+000  0.9720909331E+003
  0.8181818182E+000  0.3636363636E+000  0.9859234147E+003
  0.8181818182E+000  0.3939393939E+000  0.4932586937E+002
  0.8181818182E+000  0.4242424242E+000  0.1237310780E+003
  0.8181818182E+000  0.4545454545E+000  0.8716229574E+002
  0.8181818182E+000  0.4848484848E+000  0.3116753780E+003
  0.8181818182E+000  0.5151515152E+000  0.5912173204E+002
  0.8181818182E+000  0.5454545455E+000  0.1027014166E+004
  0.8181818182E+000  0.5757575758E+000  0.1788496996E+003
  0.8181818182E+000  0.6060606061E+000  0.1057033422E+004
  0.8181818182E+000  0.6363636364E+000  0.8441890877E+003
  0.8181818182E+000  0.6666666667E+000  0.1008543259E+004
  0.8181818182E+000  0.6969696970E+000  0.4643402720E+002
  0.8181818182E+000  0.7272727273E+000  0.4194897897E+003
  0.8181818182E+000  0.7575757576E+000  0.6958564160E+003
  0.8181818182E+000  0.7878787879E+000  0.7755077575E+003
  0.8181818182E+000  0.8181818182E+000  0.7291748283E+003
  0.8181818182E+000  0.8484848485E+000  0.3926069902E+003
  0.8181818182E+000  0.8787878788E+000  0.5195825340E+003
  0.8181818182E+000  0.9090909091E+000  0.4940454284E+002
  0.8181818182E+000  0.9393939394E+000  0.1044877632E+004
  0.8181818182E+000  0.9696969697E+000  0.4869909936E+003
  0.8181818182E+000  0.1000000000E+001  0.7130775820E+003

  0.8484848485E+000  0.3030303030E-001  0.8407761465E+003
  0.8484848485E+000  0.6060606061E-001  0.8436255851E+003
  0.8484848485E+000  0.9090909091E-001  0.5681646797E+002
  0.8484848485E+000  0.1212121212E+000  0.1069222303E+004
  0.8484848485E+000  0.1515151515E+000  0.2524256170E+003
  0.8484848485E+000  0.1818181818E+000  0.9005396141E+003
  0.8484848485E+000  0.2121212121E+000  0.2182528342E+003
  0.8484848485E+000  0.2424242424E+000  0.5883685545E+003
  0.8484848485E+000  0.2727272727E+000  0.1485441003E+003
  0.8484848485E+000  0.3030303030E+000  0.7102799729E+003
  0.8484848485E+000  0.3333333333E+000  0.6690672230E+003
  0.8484848485E+000  0.3636363636E+000  0.3914146364E+003
  0.8484848485E+000  0.3939393939E+000  0.7901631407E+003
  0.8484848485E+000  0.4242424242E+000  0.4958820747E+003
  0.8484848485E+000  0.4545454545E+000  0.6475645349E+002
  0.8484848485E+000  0.4848484848E+000  0.4942869492E+003
  0.8484848485E+000  0.5151515152E+000  0.5301144968E+003
  0.8484848485E+000  0.5454545455E+000  0.6797302688E+003
  0.8484848485E+000  0.5757575758E+000  0.2008533553E+003
  0.8484848485E+000  0.6060606061E+000  0.2866507342E+002
  0.8484848485E+000  0.6363636364E+000  0.9056978546E+003
  0.8484848485E+000  0.6666666667E+000  0.7710085286E+003
  0.8484848485E+000  0.6969696970E+000  0.1663518486E+003
  0.8484848485E+000  0.7272727273E+000  0.7759342229E+003
  0.8484848485E+000  0.7575757576E+000  0.8941571088E+003
  0.8484848485E+000  0.7878787879E+000  0.6074483631E+003
  0.8484848485E+000  0.8181818182E+000  0.4246599584E+003
  0.8484848485E+000  0.8484848485E+000  0.8968076371E+003
  0.8484848485E+000  0.8787878788E+000  0.1049382557E+004
  0.8484848485E+000  0.9090909091E+000  0.1055358615E+004
  0.8484848485E+000  0.9393939394E+000  0.1086267613E+004
  0.8484848485E+000  0.9696969697E+000  0.8245339745E+002
  0.8484848485E+000  0.1000000000E+001  0.1952199647E+003

  0.8787878788E+000  0.3030303030E-001  0.3665133742E+003
  0.8787878788E+000  0.6060606061E-001  0.7743358862E+003
  0.8787878788E+000  0.9090909091E-001  0.1022906956E+004
  0.8787878788E+000  0.1212121212E+000  0.9022639630E+003
  0.8787878788E+000  0.1515151515E+000  0.1719452882E+003
  0.8787878788E+000  0.1818181818E+000  0.3522491485E+003
  0.8787878788E+000  0.2121212121E+000  0.2275601845E+003
  0.8787878788E+000  0.2424242424E+000  0.9113616318E+003
  0.8787878788E+000  0.2727272727E+000  0.8436616241E+003
  0.8787878788E+000  0.3030303030E+000  0.3421094625E+003
  0.8787878788E+000  0.3333333333E+000  0.6242126126E+003
  0.8787878788E+000  0.3636363636E+000  0.5134549804E+003
  0.8787878788E+000  0.3939393939E+000  0.2749016437E+003
  0.8787878788E+000  0.4242424242E+000  0.2590851358E+003
  0.8787878788E+000  0.4545454545E+000  0.4513171554E+003
  0.8787878788E+000  0.4848484848E+000  0.9231058373E+003
  0.8787878788E+000  0.5151515152E+000  0.1659411645E+003
  0.8787878788E+000  0.5454545455E+000  0.4792697407E+003
  0.8787878788E+000  0.5757575758E+000  0.8023245773E+003
  0.8787878788E+000  0.6060606061E+000  0.2076458201E+003
  0.8787878788E+000  0.6363636364E+000  0.3207158949E+003
  0.8787878788E+000  0.6666666667E+000  0.3490530766E+003
  0.8787878788E+000  0.6969696970E+000  0.8888489218E+003
  0.8787878788E+000  0.7272727273E+000  0.5235007108E+003
  0.8787878788E+000  0.7575757576E+000  0.7103560357E+003
  0.8787878788E+000  0.7878787879E+000  0.3888576226E+003
  0.8787878788E+000  0.8181818182E+000  0.6003702062E+003
  0.8787878788E+000  0.8484848485E+000  0.1087385827E+004
  0.8787878788E+000  0.8787878788E+000  0.7366874709E+003
  0.8787878788E+000  0.9090909091E+000  0.9397431179E+002
  0.8787878788E+000  0.9393939394E+000  0.7352646369E+003
  0.8787878788E+000  0.9696969697E+000  0.7694055495E+003
  0.8787878788E+000  0.1000000000E+001  0.1979990447E+003

  0.9090909091E+000  0.3030303030E-001  0.8642223890E+003
  0.9090909091E+000  0.6060606061E-001  0.2307548186E+003
  0.9090909091E+000  0.9090909091E-001  0.5742485714E+003
  0.9090909091E+000  0.1212121212E+000  0.4500382420E+003
  0.9090909091E+000  0.1515151515E+000  0.8218638466E+003
  0.9090909091E+000  0.1818181818E+000  0.5386987284E+003
  0.9090909091E+000  0.2121212121E+000  0.6282163968E+003
  0.9090909091E+000  0.2424242424E+000  0.9966370142E+003
  0.9090909091E+000  0.2727272727E+000  0.8459418420E+003
  0.9090909091E+000  0.3030303030E+000  0.4001102634E+003
  0.9090909091E+000  0.3333333333E+000  0.9553439628E+003
  0.9090909091E+000  0.3636363636E+000  0.8379647394E+003
  0.9090909091E+000  0.3939393939E+000  0.7084387360E+003
  0.9090909091E+000  0.4242424242E+000  0.5960423561E+003
  0.9090909091E+000  0.4545454545E+000  0.3895222463E+003
  0.9090909091E+000  0.4848484848E+000  0.3361555175E+003
  0.9090909091E+000  0.5151515152E+000  0.9941333278E+003
  0.9090909091E+000  0.5454545455E+000  0.2732977249E+003
  0.9090909091E+000  0.5757575758E+000  0.8414488020E+003
  0.9090909091E+000  0.6060606061E+000  0.7212578112E+003
  0.9090909091E+000  0.6363636364E+000  0.7808188977E+002
  0.9090909091E+000  0.6666666667E+000  0.1047450682E+004
  0.9090909091E+000  0.6969696970E+000  0.7666978041E+003
  0.9090909091E+000  0.7272727273E+000  0.5336599081E+003
  0.9090909091E+000  0.7575757576E+000  0.9375393330E+003
  0.9090909091E+000  0.7878787879E+000  0.4460791136E+003
  0.9090909091E+000  0.8181818182E+000  0.1031896619E+004
  0.9090909091E+000  0.8484848485E+000  0.1019433999E+004
  0.9090909091E+000  0.8787878788E+000  0.1065752962E+004
  0.9090909091E+000  0.9090909091E+000  0.6469313723E+003
  0.9090909091E+000  0.9393939394E+000  0.5458780520E+003
  0.9090909091E+000  0.9696969697E+000  0.8163782429E+003
  0.9090909091E+000  0.1000000000E+001  0.6081259298E+003

  0.9393939394E+000  0.3030303030E-001  0.7502820593E+003
  0.9393939394E+000  0.6060606061E-001  0.1141477951E+003
  0.9393939394E+000  0.9090909091E-001  0.1461502767E+003
  0.9393939394E+000  0.1212121212E+000  0.4271178069E+003
  0.9393939394E+000  0.1515151515E+000  0.8686069304E+003
  0.9393939394E+000  0.1818181818E+000  0.5658660853E+003
  0.9393939394E+000  0.2121212121E+000  0.1767415747E+003
  0.9393939394E+000  0.2424242424E+000  0.9157724987E+003
  0.9393939394E+000  0.2727272727E+000  0.5208185806E+003
  0.9393939394E+000  0.3030303030E+000  0.1087099677E+004
  0.9393939394E+000  0.3333333333E+000  0.7868549037E+003
  0.9393939394E+000  0.3636363636E+000  0.8525538459E+003
  0.9393939394E+000  0.3939393939E+000  0.6739243517E+003
  0.9393939394E+000  0.4242424242E+000  0.1672491398E+003
  0.9393939394E+000  0.4545454545E+000  0.4238562046E+003
  0.9393939394E+000  0.4848484848E+000  0.7204664863E+002
  0.9393939394E+000  0.5151515152E+000  0.9347604062E+003
  0.9393939394E+000  0.5454545455E+000  0.9563666053E+002
  0.9393939394E+000  0.5757575758E+000  0.4544464767E+003
  0.9393939394E+000  0.6060606061E+000  0.1201594083E+003
  0.9393939394E+000  0.6363636364E+000  0.4409435857E+003
  0.9393939394E+000  0.6666666667E+000  0.3076500654E+002
  0.9393939394E+000  0.6969696970E+000  0.1084895291E+004
  0.9393939394E+000  0.7272727273E+000  0.9911707289E+002
  0.9393939394E+000  0.7575757576E+000  0.8426087110E+003
  0.9393939394E+000  0.7878787879E+000  0.5988842598E+003
  0.9393939394E+000  0.8181818182E+000  0.1028839462E+004
  0.9393939394E+000  0.8484848485E+000  0.6047692763E+003
  0.9393939394E+000  0.8787878788E+000  0.3275684524E+003
  0.9393939394E+000  0.9090909091E+000  0.6165911954E+003
  0.9393939394E+000  0.9393939394E+000  0.8803158869E+003
  0.9393939394E+000  0.9696969697E+000  0.1077301267E+004
  0.9393939394E+000  0.1000000000E+001  0.4788941519E+003

  0.9696969697E+000  0.3030303030E-001  0.1702118630E+002
  0.9696969697E+000  0.6060606061E-001  0.7926729346E+003
  0.9696969697E+000  0.9090909091E-001  0.1070260016E+004
  0.9696969697E+000  0.1212121212E+000  0.3934377445E+002
  0.9696969697E+000  0.1515151515E+000  0.5850495988E+003
  0.9696969697E+000  0.1818181818E+000  0.8457482169E+003
  0.9696969697E+000  0.2121212121E+000  0.7639083919E+003
  0.9696969697E+000  0.2424242424E+000  0.2718442863E+003
  0.9696969697E+000  0.2727272727E+000  0.8969304017E+003
  0.9696969697E+000  0.3030303030E+000  0.2257259329E+003
  0.9696969697E+000  0.3333333333E+000  0.3728711892E+003
  0.9696969697E+000  0.3636363636E+000  0.2908661514E+003
  0.9696969697E+000  0.3939393939E+000  0.9714166128E+002
  0.9696969697E+000  0.4242424242E+000  0.5036972930E+003
  0.9696969697E+000  0.4545454545E+000  0.4252878649E+003
  0.9696969697E+000  0.4848484848E+000  0.4434067788E+003
  0.9696969697E+000  0.5151515152E+000  0.9566039580E+003
  0.9696969697E+000  0.5454545455E+000  0.5156506052E+003
  0.9696969697E+000  0.5757575758E+000  0.3025266979E+003
  0.9696969697E+000  0.6060606061E+000  0.6205888283E+003
  0.9696969697E+000  0.6363636364E+000  0.5068717970E+002
  0.9696969697E+000  0.6666666667E+000  0.7376038512E+003
  0.9696969697E+000  0.6969696970E+000  0.1029649551E+004
  0.9696969697E+000  0.7272727273E+000  0.9041220456E+003
  0.9696969697E+000  0.7575757576E+000  0.6912927228E+003
  0.9696969697E+000  0.7878787879E+000  0.8417698018E+003
  0.9696969697E+000  0.8181818182E+000  0.2642555200E+003
  0.9696969697E+000  0.8484848485E+000  0.2881204747E+003
  0.9696969697E+000  0.8787878788E+000  0.2972515165E+003
  0.9696969697E+000  0.9090909091E+000  0.7392073285E+003
  0.9696969697E+000  0.9393939394E+000  0.1729540034E+003
  0.9696969697E+000  0.9696969697E+000  0.8153258070E+002
  0.9696969697E+000  0.1000000000E+001  0.6572172181E+003

  0.1000000000E+001  0.3030303030E-001  0.4396966443E+003
  0.1000000000E+001  0.6060606061E-001  0.6060016088E+003
  0.1000000000E+001  0.9090909091E-001  0.3148950429E+003
  0.1000000000E+001  0.1212121212E+000  0.4022915500E+002
  0.1000000000E+001  0.1515151515E+000  0.2023628618E+003
  0.1000000000E+001  0.1818181818E+000  0.9059324908E+003
  0.1000000000E+001  0.2121212121E+000  0.5711485712E+003
  0.1000000000E+001  0.2424242424E+000  0.8954907355E+003
  0.1000000000E+001  0.2727272727E+000  0.1178831366E+003
  0.1000000000E+001  0.3030303030E+000  0.7674863808E+003
  0.1000000000E+001  0.3333333333E+000  0.8076648374E+003
  0.1000000000E+001  0.3636363636E+000  0.1082894534E+004
  0.1000000000E+001  0.3939393939E+000  0.1060468193E+004
  0.1000000000E+001  0.4242424242E+000  0.3216725750E+003
  0.1000000000E+001  0.4545454545E+000  0.5250208983E+003
  0.1000000000E+001  0.4848484848E+000  0.9280406979E+003
  0.1000000000E+001  0.5151515152E+000  0.7028557073E+003
  0.1000000000E+001  0.5454545455E+000  0.4620454931E+002
  0.1000000000E+001  0.5757575758E+000  0.1296744790E+003
  0.1000000000E+001  0.6060606061E+000  0.1515980244E+003
  0.1000000000E+001  0.6363636364E+000  0.3134418925E+003
  0.1000000000E+001  0.6666666667E+000  0.6608366882E+003
  0.1000000000E+001  0.6969696970E+000  0.3976997148E+003
  0.1000000000E+001  0.7272727273E+000  0.9616802721E+003
  0.1000000000E+001  0.7575757576E+000  0.6214225348E+003
  0.1000000000E+001  0.7878787879E+000  0.3186283734E+003
  0.1000000000E+001  0.8181818182E+000  0.8136500691E+003
  0.1000000000E+001  0.8484848485E+000  0.5672764055E+003
  0.1000000000E+001  0.8787878788E+000  0.9921056874E+003
  0.1000000000E+001  0.9090909091E+000  0.4559888319E+003
  0.1000000000E+001  0.9393939394E+000  0.5212598999E+003
  0.1000000000E+001  0.9696969697E+000  0.1505061541E+000
  0.1000000000E+001  0.1000000000E+001  0.9476806635E+003

