  0.3030303030E-001  0.3030303030E-001  0.0000000000E+000
  0.3030303030E-001  0.6060606061E-001  0.0000000000E+000
  0.3030303030E-001  0.9090909091E-001  0.0000000000E+000
  0.3030303030E-001  0.1212121212E+000  0.0000000000E+000
  0.3030303030E-001  0.1515151515E+000  0.0000000000E+000
  0.3030303030E-001  0.1818181818E+000  0.0000000000E+000
  0.3030303030E-001  0.2121212121E+000  0.0000000000E+000
  0.3030303030E-001  0.2424242424E+000  0.0000000000E+000
  0.3030303030E-001  0.2727272727E+000  0.0000000000E+000
  0.3030303030E-001  0.3030303030E+000  0.0000000000E+000
  0.3030303030E-001  0.3333333333E+000  0.0000000000E+000
  0.3030303030E-001  0.3636363636E+000  0.0000000000E+000
  0.3030303030E-001  0.3939393939E+000  0.0000000000E+000
  0.3030303030E-001  0.4242424242E+000  0.0000000000E+000
  0.3030303030E-001  0.4545454545E+000  0.0000000000E+000
  0.3030303030E-001  0.4848484848E+000  0.0000000000E+000
  0.3030303030E-001  0.5151515152E+000  0.0000000000E+000
  0.3030303030E-001  0.5454545455E+000  0.0000000000E+000
  0.3030303030E-001  0.5757575758E+000  0.0000000000E+000
  0.3030303030E-001  0.6060606061E+000  0.0000000000E+000
  0.3030303030E-001  0.6363636364E+000  0.0000000000E+000
  0.3030303030E-001  0.6666666667E+000  0.0000000000E+000
  0.3030303030E-001  0.6969696970E+000  0.0000000000E+000
  0.3030303030E-001  0.7272727273E+000  0.0000000000E+000
  0.3030303030E-001  0.7575757576E+000  0.0000000000E+000
  0.3030303030E-001  0.7878787879E+000  0.0000000000E+000
  0.3030303030E-001  0.8181818182E+000  0.0000000000E+000
  0.3030303030E-001  0.8484848485E+000  0.0000000000E+000
  0.3030303030E-001  0.8787878788E+000  0.0000000000E+000
  0.3030303030E-001  0.9090909091E+000  0.0000000000E+000
  0.3030303030E-001  0.9393939394E+000  0.0000000000E+000
  0.3030303030E-001  0.9696969697E+000  0.0000000000E+000
  0.3030303030E-001  0.1000000000E+001  0.0000000000E+000

  0.6060606061E-001  0.3030303030E-001  0.0000000000E+000
  0.6060606061E-001  0.6060606061E-001  0.9670440818E-013
  0.6060606061E-001  0.9090909091E-001  0.1924778176E-012
  0.6060606061E-001  0.1212121212E+000  0.2863981744E-012
  0.6060606061E-001  0.1515151515E+000  0.3775612498E-012
  0.6060606061E-001  0.1818181818E+000  0.4650893224E-012
  0.6060606061E-001  0.2121212121E+000  0.5481396525E-012
  0.6060606061E-001  0.2424242424E+000  0.6259125576E-012
  0.6060606061E-001  0.2727272727E+000  0.6976591287E-012
  0.6060606061E-001  0.3030303030E+000  0.7626884243E-012
  0.6060606061E-001  0.3333333333E+000  0.8203741295E-012
  0.6060606061E-001  0.3636363636E+000  0.8701605826E-012
  0.6060606061E-001  0.3939393939E+000  0.9115681587E-012
  0.6060606061E-001  0.4242424242E+000  0.9441978696E-012
  0.6060606061E-001  0.4545454545E+000  0.9677352183E-012
  0.6060606061E-001  0.4848484848E+000  0.9819532502E-012
  0.6060606061E-001  0.5151515152E+000  0.9867147253E-012
  0.6060606061E-001  0.5454545455E+000  0.9819734638E-012
  0.6060606061E-001  0.5757575758E+000  0.9677748675E-012
  0.6060606061E-001  0.6060606061E+000  0.9442554285E-012
  0.6060606061E-001  0.6363636364E+000  0.9116414124E-012
  0.6060606061E-001  0.6666666667E+000  0.8702467130E-012
  0.6060606061E-001  0.6969696970E+000  0.8204698235E-012
  0.6060606061E-001  0.7272727273E+000  0.7627900024E-012
  0.6060606061E-001  0.7575757576E+000  0.6977626860E-012
  0.6060606061E-001  0.7878787879E+000  0.6260141145E-012
  0.6060606061E-001  0.8181818182E+000  0.5482353074E-012
  0.6060606061E-001  0.8484848485E+000  0.4651754016E-012
  0.6060606061E-001  0.8787878788E+000  0.3776344482E-012
  0.6060606061E-001  0.9090909091E+000  0.2864556821E-012
  0.6060606061E-001  0.9393939394E+000  0.1925174276E-012
  0.6060606061E-001  0.9696969697E+000  0.9672460057E-013
  0.6060606061E-001  0.1000000000E+001  0.0000000000E+000

  0.9090909091E-001  0.3030303030E-001  0.0000000000E+000
  0.9090909091E-001  0.6060606061E-001  0.1924816369E-012
  0.9090909091E-001  0.9090909091E-001  0.3831101893E-012
  0.9090909091E-001  0.1212121212E+000  0.5700504093E-012
  0.9090909091E-001  0.1515151515E+000  0.7515024857E-012
  0.9090909091E-001  0.1818181818E+000  0.9257193919E-012
  0.9090909091E-001  0.2121212121E+000  0.1091023724E-011
  0.9090909091E-001  0.2424242424E+000  0.1245823799E-011
  0.9090909091E-001  0.2727272727E+000  0.1388628958E-011
  0.9090909091E-001  0.3030303030E+000  0.1518063977E-011
  0.9090909091E-001  0.3333333333E+000  0.1632882197E-011
  0.9090909091E-001  0.3636363636E+000  0.1731977642E-011
  0.9090909091E-001  0.3939393939E+000  0.1814395645E-011
  0.9090909091E-001  0.4242424242E+000  0.1879342093E-011
  0.9090909091E-001  0.4545454545E+000  0.1926190977E-011
  0.9090909091E-001  0.4848484848E+000  0.1954490609E-011
  0.9090909091E-001  0.5151515152E+000  0.1963967801E-011
  0.9090909091E-001  0.5454545455E+000  0.1954530592E-011
  0.9090909091E-001  0.5757575758E+000  0.1926269405E-011
  0.9090909091E-001  0.6060606061E+000  0.1879455948E-011
  0.9090909091E-001  0.6363636364E+000  0.1814540544E-011
  0.9090909091E-001  0.6666666667E+000  0.1732148012E-011
  0.9090909091E-001  0.6969696970E+000  0.1633071485E-011
  0.9090909091E-001  0.7272727273E+000  0.1518264904E-011
  0.9090909091E-001  0.7575757576E+000  0.1388833801E-011
  0.9090909091E-001  0.7878787879E+000  0.1246024685E-011
  0.9090909091E-001  0.8181818182E+000  0.1091212936E-011
  0.9090909091E-001  0.8484848485E+000  0.9258896623E-012
  0.9090909091E-001  0.8787878788E+000  0.7516472770E-012
  0.9090909091E-001  0.9090909091E+000  0.5701641636E-012
  0.9090909091E-001  0.9393939394E+000  0.3831885407E-012
  0.9090909091E-001  0.9696969697E+000  0.1925215788E-012
  0.9090909091E-001  0.1000000000E+001  0.0000000000E+000

  0.1212121212E+000  0.3030303030E-001  0.0000000000E+000
  0.1212121212E+000  0.6060606061E-001  0.2864132697E-012
  0.1212121212E+000  0.9090909091E-001  0.5700691435E-012
  0.1212121212E+000  0.1212121212E+000  0.8482367325E-012
  0.1212121212E+000  0.1515151515E+000  0.1118237919E-011
  0.1212121212E+000  0.1818181818E+000  0.1377473131E-011
  0.1212121212E+000  0.2121212121E+000  0.1623446365E-011
  0.1212121212E+000  0.2424242424E+000  0.1853789181E-011
  0.1212121212E+000  0.2727272727E+000  0.2066283519E-011
  0.1212121212E+000  0.3030303030E+000  0.2258882969E-011
  0.1212121212E+000  0.3333333333E+000  0.2429732573E-011
  0.1212121212E+000  0.3636363636E+000  0.2577186596E-011
  0.1212121212E+000  0.3939393939E+000  0.2699824540E-011
  0.1212121212E+000  0.4242424242E+000  0.2796464710E-011
  0.1212121212E+000  0.4545454545E+000  0.2866175689E-011
  0.1212121212E+000  0.4848484848E+000  0.2908285293E-011
  0.1212121212E+000  0.5151515152E+000  0.2922387019E-011
  0.1212121212E+000  0.5454545455E+000  0.2908344173E-011
  0.1212121212E+000  0.5757575758E+000  0.2866291183E-011
  0.1212121212E+000  0.6060606061E+000  0.2796632373E-011
  0.1212121212E+000  0.6363636364E+000  0.2700037921E-011
  0.1212121212E+000  0.6666666667E+000  0.2577437486E-011
  0.1212121212E+000  0.6969696970E+000  0.2430011321E-011
  0.1212121212E+000  0.7272727273E+000  0.2259178858E-011
  0.1212121212E+000  0.7575757576E+000  0.2066585174E-011
  0.1212121212E+000  0.7878787879E+000  0.1854085010E-011
  0.1212121212E+000  0.8181818182E+000  0.1623725003E-011
  0.1212121212E+000  0.8484848485E+000  0.1377723875E-011
  0.1212121212E+000  0.8787878788E+000  0.1118451143E-011
  0.1212121212E+000  0.9090909091E+000  0.8484042502E-012
  0.1212121212E+000  0.9393939394E+000  0.5701845261E-012
  0.1212121212E+000  0.9696969697E+000  0.2864720895E-012
  0.1212121212E+000  0.1000000000E+001  0.0000000000E+000

  0.1515151515E+000  0.3030303030E-001  0.0000000000E+000
  0.1515151515E+000  0.6060606061E-001  0.3775983589E-012
  0.1515151515E+000  0.9090909091E-001  0.7515614350E-012
  0.1515151515E+000  0.1212121212E+000  0.1118288884E-011
  0.1515151515E+000  0.1515151515E+000  0.1474249984E-011
  0.1515151515E+000  0.1818181818E+000  0.1816017452E-011
  0.1515151515E+000  0.2121212121E+000  0.2140300705E-011
  0.1515151515E+000  0.2424242424E+000  0.2443977240E-011
  0.1515151515E+000  0.2727272727E+000  0.2724122784E-011
  0.1515151515E+000  0.3030303030E+000  0.2978039516E-011
  0.1515151515E+000  0.3333333333E+000  0.3203281822E-011
  0.1515151515E+000  0.3636363636E+000  0.3397680082E-011
  0.1515151515E+000  0.3939393939E+000  0.3559361532E-011
  0.1515151515E+000  0.4242424242E+000  0.3686768338E-011
  0.1515151515E+000  0.4545454545E+000  0.3778672516E-011
  0.1515151515E+000  0.4848484848E+000  0.3834187869E-011
  0.1515151515E+000  0.5151515152E+000  0.3852778694E-011
  0.1515151515E+000  0.5454545455E+000  0.3834264369E-011
  0.1515151515E+000  0.5757575758E+000  0.3778822572E-011
  0.1515151515E+000  0.6060606061E+000  0.3686986175E-011
  0.1515151515E+000  0.6363636364E+000  0.3559638769E-011
  0.1515151515E+000  0.6666666667E+000  0.3398006054E-011
  0.1515151515E+000  0.6969696970E+000  0.3203643990E-011
  0.1515151515E+000  0.7272727273E+000  0.2978423955E-011
  0.1515151515E+000  0.7575757576E+000  0.2724514716E-011
  0.1515151515E+000  0.7878787879E+000  0.2444361603E-011
  0.1515151515E+000  0.8181818182E+000  0.2140662733E-011
  0.1515151515E+000  0.8484848485E+000  0.1816343239E-011
  0.1515151515E+000  0.8787878788E+000  0.1474527022E-011
  0.1515151515E+000  0.9090909091E+000  0.1118506537E-011
  0.1515151515E+000  0.9393939394E+000  0.7517113498E-012
  0.1515151515E+000  0.9696969697E+000  0.3776747826E-012
  0.1515151515E+000  0.1000000000E+001  0.0000000000E+000

  0.1818181818E+000  0.3030303030E-001  0.0000000000E+000
  0.1818181818E+000  0.6060606061E-001  0.4651619468E-012
  0.1818181818E+000  0.9090909091E-001  0.9258455729E-012
  0.1818181818E+000  0.1212121212E+000  0.1377615615E-011
  0.1818181818E+000  0.1515151515E+000  0.1816122526E-011
  0.1818181818E+000  0.1818181818E+000  0.2237144325E-011
  0.1818181818E+000  0.2121212121E+000  0.2636627286E-011
  0.1818181818E+000  0.2424242424E+000  0.3010724764E-011
  0.1818181818E+000  0.2727272727E+000  0.3355834453E-011
  0.1818181818E+000  0.3030303030E+000  0.3668632774E-011
  0.1818181818E+000  0.3333333333E+000  0.3946107143E-011
  0.1818181818E+000  0.3636363636E+000  0.4185584719E-011
  0.1818181818E+000  0.3939393939E+000  0.4384758568E-011
  0.1818181818E+000  0.4242424242E+000  0.4541709538E-011
  0.1818181818E+000  0.4545454545E+000  0.4654924952E-011
  0.1818181818E+000  0.4848484848E+000  0.4723313155E-011
  0.1818181818E+000  0.5151515152E+000  0.4746214052E-011
  0.1818181818E+000  0.5454545455E+000  0.4723405635E-011
  0.1818181818E+000  0.5757575758E+000  0.4655106354E-011
  0.1818181818E+000  0.6060606061E+000  0.4541972882E-011
  0.1818181818E+000  0.6363636364E+000  0.4385093719E-011
  0.1818181818E+000  0.6666666667E+000  0.4185978787E-011
  0.1818181818E+000  0.6969696970E+000  0.3946544971E-011
  0.1818181818E+000  0.7272727273E+000  0.3669097526E-011
  0.1818181818E+000  0.7575757576E+000  0.3356308265E-011
  0.1818181818E+000  0.7878787879E+000  0.3011189427E-011
  0.1818181818E+000  0.8181818182E+000  0.2637064949E-011
  0.1818181818E+000  0.8484848485E+000  0.2237538177E-011
  0.1818181818E+000  0.8787878788E+000  0.1816457444E-011
  0.1818181818E+000  0.9090909091E+000  0.1377878742E-011
  0.1818181818E+000  0.9393939394E+000  0.9260268096E-012
  0.1818181818E+000  0.9696969697E+000  0.4652543378E-012
  0.1818181818E+000  0.1000000000E+001  0.0000000000E+000

  0.2121212121E+000  0.3030303030E-001  0.0000000000E+000
  0.2121212121E+000  0.6060606061E-001  0.5482634003E-012
  0.2121212121E+000  0.9090909091E-001  0.1091248380E-011
  0.2121212121E+000  0.1212121212E+000  0.1623727291E-011
  0.2121212121E+000  0.1515151515E+000  0.2140573510E-011
  0.2121212121E+000  0.1818181818E+000  0.2636810789E-011
  0.2121212121E+000  0.2121212121E+000  0.3107661109E-011
  0.2121212121E+000  0.2424242424E+000  0.3548590719E-011
  0.2121212121E+000  0.2727272727E+000  0.3955353590E-011
  0.2121212121E+000  0.3030303030E+000  0.4324032633E-011
  0.2121212121E+000  0.3333333333E+000  0.4651076837E-011
  0.2121212121E+000  0.3636363636E+000  0.4933336011E-011
  0.2121212121E+000  0.3939393939E+000  0.5168090982E-011
  0.2121212121E+000  0.4242424242E+000  0.5353080042E-011
  0.2121212121E+000  0.4545454545E+000  0.5486520049E-011
  0.2121212121E+000  0.4848484848E+000  0.5567124531E-011
  0.2121212121E+000  0.5151515152E+000  0.5594115477E-011
  0.2121212121E+000  0.5454545455E+000  0.5567231039E-011
  0.2121212121E+000  0.5757575758E+000  0.5486728967E-011
  0.2121212121E+000  0.6060606061E+000  0.5353383331E-011
  0.2121212121E+000  0.6363636364E+000  0.5168476973E-011
  0.2121212121E+000  0.6666666667E+000  0.4933789857E-011
  0.2121212121E+000  0.6969696970E+000  0.4651581082E-011
  0.2121212121E+000  0.7272727273E+000  0.4324567890E-011
  0.2121212121E+000  0.7575757576E+000  0.3955899283E-011
  0.2121212121E+000  0.7878787879E+000  0.3549125877E-011
  0.2121212121E+000  0.8181818182E+000  0.3108165171E-011
  0.2121212121E+000  0.8484848485E+000  0.2637264395E-011
  0.2121212121E+000  0.8787878788E+000  0.2140959243E-011
  0.2121212121E+000  0.9090909091E+000  0.1624030341E-011
  0.2121212121E+000  0.9393939394E+000  0.1091457115E-011
  0.2121212121E+000  0.9696969697E+000  0.5483698096E-012
  0.2121212121E+000  0.1000000000E+001  0.0000000000E+000

  0.2424242424E+000  0.3030303030E-001  0.0000000000E+000
  0.2424242424E+000  0.6060606061E-001  0.6261043727E-012
  0.2424242424E+000  0.9090909091E-001  0.1246180862E-011
  0.2424242424E+000  0.1212121212E+000  0.1854259554E-011
  0.2424242424E+000  0.1515151515E+000  0.2444485954E-011
  0.2424242424E+000  0.1818181818E+000  0.3011177221E-011
  0.2424242424E+000  0.2121212121E+000  0.3548877015E-011
  0.2424242424E+000  0.2424242424E+000  0.4052407723E-011
  0.2424242424E+000  0.2727272727E+000  0.4516920726E-011
  0.2424242424E+000  0.3030303030E+000  0.4937942476E-011
  0.2424242424E+000  0.3333333333E+000  0.5311418127E-011
  0.2424242424E+000  0.3636363636E+000  0.5633750035E-011
  0.2424242424E+000  0.3939393939E+000  0.5901833259E-011
  0.2424242424E+000  0.4242424242E+000  0.6113084690E-011
  0.2424242424E+000  0.4545454545E+000  0.6265468436E-011
  0.2424242424E+000  0.4848484848E+000  0.6357515140E-011
  0.2424242424E+000  0.5151515152E+000  0.6388336369E-011
  0.2424242424E+000  0.5454545455E+000  0.6357633471E-011
  0.2424242424E+000  0.5757575758E+000  0.6265700544E-011
  0.2424242424E+000  0.6060606061E+000  0.6113421644E-011
  0.2424242424E+000  0.6363636364E+000  0.5902262097E-011
  0.2424242424E+000  0.6666666667E+000  0.5634254260E-011
  0.2424242424E+000  0.6969696970E+000  0.5311978349E-011
  0.2424242424E+000  0.7272727273E+000  0.4938537155E-011
  0.2424242424E+000  0.7575757576E+000  0.4517527002E-011
  0.2424242424E+000  0.7878787879E+000  0.4053002298E-011
  0.2424242424E+000  0.8181818182E+000  0.3549437044E-011
  0.2424242424E+000  0.8484848485E+000  0.3011681194E-011
  0.2424242424E+000  0.8787878788E+000  0.2444914518E-011
  0.2424242424E+000  0.9090909091E+000  0.1854596255E-011
  0.2424242424E+000  0.9393939394E+000  0.1246412776E-011
  0.2424242424E+000  0.9696969697E+000  0.6262225982E-012
  0.2424242424E+000  0.1000000000E+001  0.0000000000E+000

  0.2727272727E+000  0.3030303030E-001  0.0000000000E+000
  0.2727272727E+000  0.6060606061E-001  0.6979364359E-012
  0.2727272727E+000  0.9090909091E-001  0.1389153349E-011
  0.2727272727E+000  0.1212121212E+000  0.2066995884E-011
  0.2727272727E+000  0.1515151515E+000  0.2724937750E-011
  0.2727272727E+000  0.1818181818E+000  0.3356644192E-011
  0.2727272727E+000  0.2121212121E+000  0.3956032660E-011
  0.2727272727E+000  0.2424242424E+000  0.4517331755E-011
  0.2727272727E+000  0.2727272727E+000  0.5035136157E-011
  0.2727272727E+000  0.3030303030E+000  0.5504459708E-011
  0.2727272727E+000  0.3333333333E+000  0.5920781748E-011
  0.2727272727E+000  0.3636363636E+000  0.6280092379E-011
  0.2727272727E+000  0.3939393939E+000  0.6578930010E-011
  0.2727272727E+000  0.4242424242E+000  0.6814415943E-011
  0.2727272727E+000  0.4545454545E+000  0.6984280135E-011
  0.2727272727E+000  0.4848484848E+000  0.7086884963E-011
  0.2727272727E+000  0.5151515152E+000  0.7121240378E-011
  0.2727272727E+000  0.5454545455E+000  0.7087012723E-011
  0.2727272727E+000  0.5757575758E+000  0.6984530739E-011
  0.2727272727E+000  0.6060606061E+000  0.6814779750E-011
  0.2727272727E+000  0.6363636364E+000  0.6579393025E-011
  0.2727272727E+000  0.6666666667E+000  0.6280636793E-011
  0.2727272727E+000  0.6969696970E+000  0.5921386623E-011
  0.2727272727E+000  0.7272727273E+000  0.5505101790E-011
  0.2727272727E+000  0.7575757576E+000  0.5035790764E-011
  0.2727272727E+000  0.7878787879E+000  0.4517973730E-011
  0.2727272727E+000  0.8181818182E+000  0.3956637338E-011
  0.2727272727E+000  0.8484848485E+000  0.3357188348E-011
  0.2727272727E+000  0.8787878788E+000  0.2725400486E-011
  0.2727272727E+000  0.9090909091E+000  0.2067359433E-011
  0.2727272727E+000  0.9393939394E+000  0.1389403756E-011
  0.2727272727E+000  0.9696969697E+000  0.6980640890E-012
  0.2727272727E+000  0.1000000000E+001  0.0000000000E+000

  0.3030303030E+000  0.3030303030E-001  0.0000000000E+000
  0.3030303030E+000  0.6060606061E-001  0.7630682265E-012
  0.3030303030E+000  0.9090909091E-001  0.1518789802E-011
  0.3030303030E+000  0.1212121212E+000  0.2259888730E-011
  0.3030303030E+000  0.1515151515E+000  0.2979229696E-011
  0.3030303030E+000  0.1818181818E+000  0.3669886614E-011
  0.3030303030E+000  0.2121212121E+000  0.4325209447E-011
  0.3030303030E+000  0.2424242424E+000  0.4938887906E-011
  0.3030303030E+000  0.2727272727E+000  0.5505012662E-011
  0.3030303030E+000  0.3030303030E+000  0.6018131592E-011
  0.3030303030E+000  0.3333333333E+000  0.6473302896E-011
  0.3030303030E+000  0.3636363636E+000  0.6866141973E-011
  0.3030303030E+000  0.3939393939E+000  0.7192864831E-011
  0.3030303030E+000  0.4242424242E+000  0.7450323460E-011
  0.3030303030E+000  0.4545454545E+000  0.7636036720E-011
  0.3030303030E+000  0.4848484848E+000  0.7748213924E-011
  0.3030303030E+000  0.5151515152E+000  0.7785772538E-011
  0.3030303030E+000  0.5454545455E+000  0.7748348606E-011
  0.3030303030E+000  0.5757575758E+000  0.7636300902E-011
  0.3030303030E+000  0.6060606061E+000  0.7450706979E-011
  0.3030303030E+000  0.6363636364E+000  0.7193352936E-011
  0.3030303030E+000  0.6666666667E+000  0.6866715889E-011
  0.3030303030E+000  0.6969696970E+000  0.6473940555E-011
  0.3030303030E+000  0.7272727273E+000  0.6018808477E-011
  0.3030303030E+000  0.7575757576E+000  0.5505702755E-011
  0.3030303030E+000  0.7878787879E+000  0.4939564687E-011
  0.3030303030E+000  0.8181818182E+000  0.4325846912E-011
  0.3030303030E+000  0.8484848485E+000  0.3670460277E-011
  0.3030303030E+000  0.8787878788E+000  0.2979717527E-011
  0.3030303030E+000  0.9090909091E+000  0.2260271996E-011
  0.3030303030E+000  0.9393939394E+000  0.1519053791E-011
  0.3030303030E+000  0.9696969697E+000  0.7632028035E-012
  0.3030303030E+000  0.1000000000E+001  0.0000000000E+000

  0.3333333333E+000  0.3030303030E-001  0.0000000000E+000
  0.3333333333E+000  0.6060606061E-001  0.8208720917E-012
  0.3333333333E+000  0.9090909091E-001  0.1633840927E-011
  0.3333333333E+000  0.1212121212E+000  0.2431079269E-011
  0.3333333333E+000  0.1515151515E+000  0.3204911195E-011
  0.3333333333E+000  0.1818181818E+000  0.3947885936E-011
  0.3333333333E+000  0.2121212121E+000  0.4652849583E-011
  0.3333333333E+000  0.2424242424E+000  0.5313013913E-011
  0.3333333333E+000  0.2727272727E+000  0.5922021723E-011
  0.3333333333E+000  0.3030303030E+000  0.6474008234E-011
  0.3333333333E+000  0.3333333333E+000  0.6963656972E-011
  0.3333333333E+000  0.3636363636E+000  0.7386251440E-011
  0.3333333333E+000  0.3939393939E+000  0.7737720851E-011
  0.3333333333E+000  0.4242424242E+000  0.8014679429E-011
  0.3333333333E+000  0.4545454545E+000  0.8214457516E-011
  0.3333333333E+000  0.4848484848E+000  0.8335129212E-011
  0.3333333333E+000  0.5151515152E+000  0.8375530135E-011
  0.3333333333E+000  0.5454545455E+000  0.8335268267E-011
  0.3333333333E+000  0.5757575758E+000  0.8214730276E-011
  0.3333333333E+000  0.6060606061E+000  0.8015075403E-011
  0.3333333333E+000  0.6363636364E+000  0.7738224807E-011
  0.3333333333E+000  0.6666666667E+000  0.7386843999E-011
  0.3333333333E+000  0.6969696970E+000  0.6964315347E-011
  0.3333333333E+000  0.7272727273E+000  0.6474707115E-011
  0.3333333333E+000  0.7575757576E+000  0.5922734246E-011
  0.3333333333E+000  0.7878787879E+000  0.5313712695E-011
  0.3333333333E+000  0.8181818182E+000  0.4653507776E-011
  0.3333333333E+000  0.8484848485E+000  0.3948478256E-011
  0.3333333333E+000  0.8787878788E+000  0.3205414892E-011
  0.3333333333E+000  0.9090909091E+000  0.2431475003E-011
  0.3333333333E+000  0.9393939394E+000  0.1634113503E-011
  0.3333333333E+000  0.9696969697E+000  0.8210110470E-012
  0.3333333333E+000  0.1000000000E+001  0.0000000000E+000

  0.3636363636E+000  0.3030303030E-001  0.0000000000E+000
  0.3636363636E+000  0.6060606061E-001  0.8707901416E-012
  0.3636363636E+000  0.9090909091E-001  0.1733196331E-011
  0.3636363636E+000  0.1212121212E+000  0.2578915255E-011
  0.3636363636E+000  0.1515151515E+000  0.3399804139E-011
  0.3636363636E+000  0.1818181818E+000  0.4187959019E-011
  0.3636363636E+000  0.2121212121E+000  0.4935790958E-011
  0.3636363636E+000  0.2424242424E+000  0.5636098810E-011
  0.3636363636E+000  0.2727272727E+000  0.6282138961E-011
  0.3636363636E+000  0.3030303030E+000  0.6867689641E-011
  0.3636363636E+000  0.3333333333E+000  0.7387111436E-011
  0.3636363636E+000  0.3636363636E+000  0.7835400926E-011
  0.3636363636E+000  0.3939393939E+000  0.8208240301E-011
  0.3636363636E+000  0.4242424242E+000  0.8502037164E-011
  0.3636363636E+000  0.4545454545E+000  0.8713960457E-011
  0.3636363636E+000  0.4848484848E+000  0.8841966738E-011
  0.3636363636E+000  0.5151515152E+000  0.8884820916E-011
  0.3636363636E+000  0.5454545455E+000  0.8842107648E-011
  0.3636363636E+000  0.5757575758E+000  0.8714236857E-011
  0.3636363636E+000  0.6060606061E+000  0.8502438423E-011
  0.3636363636E+000  0.6363636364E+000  0.8208750986E-011
  0.3636363636E+000  0.6666666667E+000  0.7836001400E-011
  0.3636363636E+000  0.6969696970E+000  0.7387778610E-011
  0.3636363636E+000  0.7272727273E+000  0.6868397866E-011
  0.3636363636E+000  0.7575757576E+000  0.6282861016E-011
  0.3636363636E+000  0.7878787879E+000  0.5636806945E-011
  0.3636363636E+000  0.8181818182E+000  0.4936457965E-011
  0.3636363636E+000  0.8484848485E+000  0.4188559274E-011
  0.3636363636E+000  0.8787878788E+000  0.3400314588E-011
  0.3636363636E+000  0.9090909091E+000  0.2579316295E-011
  0.3636363636E+000  0.9393939394E+000  0.1733472563E-011
  0.3636363636E+000  0.9696969697E+000  0.8709309608E-012
  0.3636363636E+000  0.1000000000E+001  0.0000000000E+000

  0.3939393939E+000  0.3030303030E-001  0.0000000000E+000
  0.3939393939E+000  0.6060606061E-001  0.9123396936E-012
  0.3939393939E+000  0.9090909091E-001  0.1815895284E-011
  0.3939393939E+000  0.1212121212E+000  0.2701967207E-011
  0.3939393939E+000  0.1515151515E+000  0.3562024009E-011
  0.3939393939E+000  0.1818181818E+000  0.4387784583E-011
  0.3939393939E+000  0.2121212121E+000  0.5171297680E-011
  0.3939393939E+000  0.2424242424E+000  0.5905018819E-011
  0.3939393939E+000  0.2727272727E+000  0.6581882100E-011
  0.3939393939E+000  0.3030303030E+000  0.7195369590E-011
  0.3939393939E+000  0.3333333333E+000  0.7739572030E-011
  0.3939393939E+000  0.3636363636E+000  0.8209248228E-011
  0.3939393939E+000  0.3939393939E+000  0.8599873133E-011
  0.3939393939E+000  0.4242424242E+000  0.8907685049E-011
  0.3939393939E+000  0.4545454545E+000  0.9129715916E-011
  0.3939393939E+000  0.4848484848E+000  0.9263826421E-011
  0.3939393939E+000  0.5151515152E+000  0.9308721897E-011
  0.3939393939E+000  0.5454545455E+000  0.9263966769E-011
  0.3939393939E+000  0.5757575758E+000  0.9129991215E-011
  0.3939393939E+000  0.6060606061E+000  0.8908084712E-011
  0.3939393939E+000  0.6363636364E+000  0.8600381791E-011
  0.3939393939E+000  0.6666666667E+000  0.8209846322E-011
  0.3939393939E+000  0.6969696970E+000  0.7740236565E-011
  0.3939393939E+000  0.7272727273E+000  0.7196075019E-011
  0.3939393939E+000  0.7575757576E+000  0.6582601311E-011
  0.3939393939E+000  0.7878787879E+000  0.5905724170E-011
  0.3939393939E+000  0.8181818182E+000  0.5171962070E-011
  0.3939393939E+000  0.8484848485E+000  0.4388382487E-011
  0.3939393939E+000  0.8787878788E+000  0.3562532462E-011
  0.3939393939E+000  0.9090909091E+000  0.2702366680E-011
  0.3939393939E+000  0.9393939394E+000  0.1816170437E-011
  0.3939393939E+000  0.9696969697E+000  0.9124799633E-012
  0.3939393939E+000  0.1000000000E+001  0.0000000000E+000

  0.4242424242E+000  0.3030303030E-001  0.0000000000E+000
  0.4242424242E+000  0.6060606061E-001  0.9451179695E-012
  0.4242424242E+000  0.9090909091E-001  0.1881136143E-011
  0.4242424242E+000  0.1212121212E+000  0.2799042270E-011
  0.4242424242E+000  0.1515151515E+000  0.3689998330E-011
  0.4242424242E+000  0.1818181818E+000  0.4545425550E-011
  0.4242424242E+000  0.2121212121E+000  0.5357087071E-011
  0.4242424242E+000  0.2424242424E+000  0.6117167090E-011
  0.4242424242E+000  0.2727272727E+000  0.6818346245E-011
  0.4242424242E+000  0.3030303030E+000  0.7453871744E-011
  0.4242424242E+000  0.3333333333E+000  0.8017622883E-011
  0.4242424242E+000  0.3636363636E+000  0.8504169447E-011
  0.4242424242E+000  0.3939393939E+000  0.8908825110E-011
  0.4242424242E+000  0.4242424242E+000  0.9227691196E-011
  0.4242424242E+000  0.4545454545E+000  0.9457695075E-011
  0.4242424242E+000  0.4848484848E+000  0.9596619542E-011
  0.4242424242E+000  0.5151515152E+000  0.9643123768E-011
  0.4242424242E+000  0.5454545455E+000  0.9596757080E-011
  0.4242424242E+000  0.5757575758E+000  0.9457964861E-011
  0.4242424242E+000  0.6060606061E+000  0.9228082857E-011
  0.4242424242E+000  0.6363636364E+000  0.8909323587E-011
  0.4242424242E+000  0.6666666667E+000  0.8504755574E-011
  0.4242424242E+000  0.6969696970E+000  0.8018274127E-011
  0.4242424242E+000  0.7272727273E+000  0.7454563071E-011
  0.4242424242E+000  0.7575757576E+000  0.6819051083E-011
  0.4242424242E+000  0.7878787879E+000  0.6117858352E-011
  0.4242424242E+000  0.8181818182E+000  0.5357738195E-011
  0.4242424242E+000  0.8484848485E+000  0.4546011520E-011
  0.4242424242E+000  0.8787878788E+000  0.3690496638E-011
  0.4242424242E+000  0.9090909091E+000  0.2799433774E-011
  0.4242424242E+000  0.9393939394E+000  0.1881405809E-011
  0.4242424242E+000  0.9696969697E+000  0.9452554422E-012
  0.4242424242E+000  0.1000000000E+001  0.0000000000E+000

  0.4545454545E+000  0.3030303030E-001  0.0000000000E+000
  0.4545454545E+000  0.6060606061E-001  0.9688060779E-012
  0.4545454545E+000  0.9090909091E-001  0.1928284165E-011
  0.4545454545E+000  0.1212121212E+000  0.2869196061E-011
  0.4545454545E+000  0.1515151515E+000  0.3782482081E-011
  0.4545454545E+000  0.1818181818E+000  0.4659348341E-011
  0.4545454545E+000  0.2121212121E+000  0.5491351482E-011
  0.4545454545E+000  0.2424242424E+000  0.6270479913E-011
  0.4545454545E+000  0.2727272727E+000  0.6989230550E-011
  0.4545454545E+000  0.3030303030E+000  0.7640681544E-011
  0.4545454545E+000  0.3333333333E+000  0.8218558675E-011
  0.4545454545E+000  0.3636363636E+000  0.8717296027E-011
  0.4545454545E+000  0.3939393939E+000  0.9132089258E-011
  0.4545454545E+000  0.4242424242E+000  0.9458943062E-011
  0.4545454545E+000  0.4545454545E+000  0.9694706816E-011
  0.4545454545E+000  0.4848484848E+000  0.9837109532E-011
  0.4545454545E+000  0.5151515152E+000  0.9884775699E-011
  0.4545454545E+000  0.5454545455E+000  0.9837242231E-011
  0.4545454545E+000  0.5757575758E+000  0.9694967113E-011
  0.4545454545E+000  0.6060606061E+000  0.9459320949E-011
  0.4545454545E+000  0.6363636364E+000  0.9132570207E-011
  0.4545454545E+000  0.6666666667E+000  0.8717861548E-011
  0.4545454545E+000  0.6969696970E+000  0.8219187030E-011
  0.4545454545E+000  0.7272727273E+000  0.7641348580E-011
  0.4545454545E+000  0.7575757576E+000  0.6989910629E-011
  0.4545454545E+000  0.7878787879E+000  0.6271146899E-011
  0.4545454545E+000  0.8181818182E+000  0.5491979746E-011
  0.4545454545E+000  0.8484848485E+000  0.4659913743E-011
  0.4545454545E+000  0.8787878788E+000  0.3782962901E-011
  0.4545454545E+000  0.9090909091E+000  0.2869573828E-011
  0.4545454545E+000  0.9393939394E+000  0.1928544370E-011
  0.4545454545E+000  0.9696969697E+000  0.9689387280E-012
  0.4545454545E+000  0.1000000000E+001  0.0000000000E+000

  0.4848484848E+000  0.3030303030E-001  0.0000000000E+000
  0.4848484848E+000  0.6060606061E-001  0.9831722197E-012
  0.4848484848E+000  0.9090909091E-001  0.1956878028E-011
  0.4848484848E+000  0.1212121212E+000  0.2911742083E-011
  0.4848484848E+000  0.1515151515E+000  0.3838570236E-011
  0.4848484848E+000  0.1818181818E+000  0.4728438176E-011
  0.4848484848E+000  0.2121212121E+000  0.5572777271E-011
  0.4848484848E+000  0.2424242424E+000  0.6363457026E-011
  0.4848484848E+000  0.2727272727E+000  0.7092863096E-011
  0.4848484848E+000  0.3030303030E+000  0.7753970986E-011
  0.4848484848E+000  0.3333333333E+000  0.8340413579E-011
  0.4848484848E+000  0.3636363636E+000  0.8846542414E-011
  0.4848484848E+000  0.3939393939E+000  0.9267482410E-011
  0.4848484848E+000  0.4242424242E+000  0.9599178306E-011
  0.4848484848E+000  0.4545454545E+000  0.9838434190E-011
  0.4848484848E+000  0.4848484848E+000  0.9982944339E-011
  0.4848484848E+000  0.5151515152E+000  0.1003131215E-010
  0.4848484848E+000  0.5454545455E+000  0.9983070443E-011
  0.4848484848E+000  0.5757575758E+000  0.9838681549E-011
  0.4848484848E+000  0.6060606061E+000  0.9599537413E-011
  0.4848484848E+000  0.6363636364E+000  0.9267939460E-011
  0.4848484848E+000  0.6666666667E+000  0.8847079839E-011
  0.4848484848E+000  0.6969696970E+000  0.8341010723E-011
  0.4848484848E+000  0.7272727273E+000  0.7754604896E-011
  0.4848484848E+000  0.7575757576E+000  0.7093509408E-011
  0.4848484848E+000  0.7878787879E+000  0.6364090902E-011
  0.4848484848E+000  0.8181818182E+000  0.5573374354E-011
  0.4848484848E+000  0.8484848485E+000  0.4728975523E-011
  0.4848484848E+000  0.8787878788E+000  0.3839027201E-011
  0.4848484848E+000  0.9090909091E+000  0.2912101111E-011
  0.4848484848E+000  0.9393939394E+000  0.1957125327E-011
  0.4848484848E+000  0.9696969697E+000  0.9832982903E-012
  0.4848484848E+000  0.1000000000E+001  0.0000000000E+000

  0.5151515152E+000  0.3030303030E-001  0.0000000000E+000
  0.5151515152E+000  0.6060606061E-001  0.9880740367E-012
  0.5151515152E+000  0.9090909091E-001  0.1966634364E-011
  0.5151515152E+000  0.1212121212E+000  0.2926258698E-011
  0.5151515152E+000  0.1515151515E+000  0.3857707162E-011
  0.5151515152E+000  0.1818181818E+000  0.4752010447E-011
  0.5151515152E+000  0.2121212121E+000  0.5600557594E-011
  0.5151515152E+000  0.2424242424E+000  0.6395177141E-011
  0.5151515152E+000  0.2727272727E+000  0.7128217301E-011
  0.5151515152E+000  0.3030303030E+000  0.7792617710E-011
  0.5151515152E+000  0.3333333333E+000  0.8381980502E-011
  0.5151515152E+000  0.3636363636E+000  0.8890628357E-011
  0.5151515152E+000  0.3939393939E+000  0.9313662749E-011
  0.5151515152E+000  0.4242424242E+000  0.9647007429E-011
  0.5151515152E+000  0.4545454545E+000  0.9887451987E-011
  0.5151515152E+000  0.4848484848E+000  0.1003267712E-010
  0.5151515152E+000  0.5151515152E+000  0.1008128461E-010
  0.5151515152E+000  0.5454545455E+000  0.1003279517E-010
  0.5151515152E+000  0.5757575758E+000  0.9887683560E-011
  0.5151515152E+000  0.6060606061E+000  0.9647343619E-011
  0.5151515152E+000  0.6363636364E+000  0.9314090635E-011
  0.5151515152E+000  0.6666666667E+000  0.8891131495E-011
  0.5151515152E+000  0.6969696970E+000  0.8382539553E-011
  0.5151515152E+000  0.7272727273E+000  0.7793211189E-011
  0.5151515152E+000  0.7575757576E+000  0.7128822400E-011
  0.5151515152E+000  0.7878787879E+000  0.6395770604E-011
  0.5151515152E+000  0.8181818182E+000  0.5601116616E-011
  0.5151515152E+000  0.8484848485E+000  0.4752513546E-011
  0.5151515152E+000  0.8787878788E+000  0.3858135007E-011
  0.5151515152E+000  0.9090909091E+000  0.2926594849E-011
  0.5151515152E+000  0.9393939394E+000  0.1966865907E-011
  0.5151515152E+000  0.9696969697E+000  0.9881920754E-012
  0.5151515152E+000  0.1000000000E+001  0.0000000000E+000

  0.5454545455E+000  0.3030303030E-001  0.0000000000E+000
  0.5454545455E+000  0.6060606061E-001  0.9834601472E-012
  0.5454545455E+000  0.9090909091E-001  0.1957450860E-011
  0.5454545455E+000  0.1212121212E+000  0.2912593813E-011
  0.5454545455E+000  0.1515151515E+000  0.3839691948E-011
  0.5454545455E+000  0.1818181818E+000  0.4729818163E-011
  0.5454545455E+000  0.2121212121E+000  0.5574401177E-011
  0.5454545455E+000  0.2424242424E+000  0.6365308029E-011
  0.5454545455E+000  0.2727272727E+000  0.7094922116E-011
  0.5454545455E+000  0.3030303030E+000  0.7756216916E-011
  0.5454545455E+000  0.3333333333E+000  0.8342823536E-011
  0.5454545455E+000  0.3636363636E+000  0.8849092012E-011
  0.5454545455E+000  0.3939393939E+000  0.9270146037E-011
  0.5454545455E+000  0.4242424242E+000  0.9601929414E-011
  0.5454545455E+000  0.4545454545E+000  0.9841245583E-011
  0.5454545455E+000  0.4848484848E+000  0.9985788463E-011
  0.5454545455E+000  0.5151515152E+000  0.1003416137E-010
  0.5454545455E+000  0.5454545455E+000  0.9985897344E-011
  0.5454545455E+000  0.5757575758E+000  0.9841459161E-011
  0.5454545455E+000  0.6060606061E+000  0.9602239483E-011
  0.5454545455E+000  0.6363636364E+000  0.9270540681E-011
  0.5454545455E+000  0.6666666667E+000  0.8849556066E-011
  0.5454545455E+000  0.6969696970E+000  0.8343339168E-011
  0.5454545455E+000  0.7272727273E+000  0.7756764309E-011
  0.5454545455E+000  0.7575757576E+000  0.7095480234E-011
  0.5454545455E+000  0.7878787879E+000  0.6365855423E-011
  0.5454545455E+000  0.8181818182E+000  0.5574916810E-011
  0.5454545455E+000  0.8484848485E+000  0.4730282219E-011
  0.5454545455E+000  0.8787878788E+000  0.3840086594E-011
  0.5454545455E+000  0.9090909091E+000  0.2912903883E-011
  0.5454545455E+000  0.9393939394E+000  0.1957664439E-011
  0.5454545455E+000  0.9696969697E+000  0.9835690288E-012
  0.5454545455E+000  0.1000000000E+001  0.0000000000E+000

  0.5757575758E+000  0.3030303030E-001  0.0000000000E+000
  0.5757575758E+000  0.6060606061E-001  0.9693708658E-012
  0.5757575758E+000  0.9090909091E-001  0.1929407811E-011
  0.5757575758E+000  0.1212121212E+000  0.2870866781E-011
  0.5757575758E+000  0.1515151515E+000  0.3784682390E-011
  0.5757575758E+000  0.1818181818E+000  0.4662055271E-011
  0.5757575758E+000  0.2121212121E+000  0.5494536876E-011
  0.5757575758E+000  0.2424242424E+000  0.6274110774E-011
  0.5757575758E+000  0.2727272727E+000  0.6993269450E-011
  0.5757575758E+000  0.3030303030E+000  0.7645087079E-011
  0.5757575758E+000  0.3333333333E+000  0.8223285962E-011
  0.5757575758E+000  0.3636363636E+000  0.8722297230E-011
  0.5757575758E+000  0.3939393939E+000  0.9137314139E-011
  0.5757575758E+000  0.4242424242E+000  0.9464339544E-011
  0.5757575758E+000  0.4545454545E+000  0.9700221552E-011
  0.5757575758E+000  0.4848484848E+000  0.9842688474E-011
  0.5757575758E+000  0.5151515152E+000  0.9890364653E-011
  0.5757575758E+000  0.5454545455E+000  0.9842787394E-011
  0.5757575758E+000  0.5757575758E+000  0.9700415592E-011
  0.5757575758E+000  0.6060606061E+000  0.9464621249E-011
  0.5757575758E+000  0.6363636364E+000  0.9137672687E-011
  0.5757575758E+000  0.6666666667E+000  0.8722718845E-011
  0.5757575758E+000  0.6969696970E+000  0.8223754445E-011
  0.5757575758E+000  0.7272727273E+000  0.7645584426E-011
  0.5757575758E+000  0.7575757576E+000  0.6993776549E-011
  0.5757575758E+000  0.7878787879E+000  0.6274608137E-011
  0.5757575758E+000  0.8181818182E+000  0.5495005388E-011
  0.5757575758E+000  0.8484848485E+000  0.4662476926E-011
  0.5757575758E+000  0.8787878788E+000  0.3785040980E-011
  0.5757575758E+000  0.9090909091E+000  0.2871148526E-011
  0.5757575758E+000  0.9393939394E+000  0.1929601880E-011
  0.5757575758E+000  0.9696969697E+000  0.9694698020E-012
  0.5757575758E+000  0.1000000000E+001  0.0000000000E+000

  0.6060606061E+000  0.3030303030E-001  0.0000000000E+000
  0.6060606061E+000  0.6060606061E-001  0.9459379092E-012
  0.6060606061E+000  0.9090909091E-001  0.1882767414E-011
  0.6060606061E+000  0.1212121212E+000  0.2801467765E-011
  0.6060606061E+000  0.1515151515E+000  0.3693192665E-011
  0.6060606061E+000  0.1818181818E+000  0.4549355380E-011
  0.6060606061E+000  0.2121212121E+000  0.5361711520E-011
  0.6060606061E+000  0.2424242424E+000  0.6122438254E-011
  0.6060606061E+000  0.2727272727E+000  0.6824209788E-011
  0.6060606061E+000  0.3030303030E+000  0.7460267558E-011
  0.6060606061E+000  0.3333333333E+000  0.8024485809E-011
  0.6060606061E+000  0.3636363636E+000  0.8511430038E-011
  0.6060606061E+000  0.3939393939E+000  0.8916410433E-011
  0.6060606061E+000  0.4242424242E+000  0.9235525646E-011
  0.6060606061E+000  0.4545454545E+000  0.9465701208E-011
  0.6060606061E+000  0.4848484848E+000  0.9604718892E-011
  0.6060606061E+000  0.5151515152E+000  0.9651237656E-011
  0.6060606061E+000  0.5454545455E+000  0.9604807398E-011
  0.6060606061E+000  0.5757575758E+000  0.9465874821E-011
  0.6060606061E+000  0.6060606061E+000  0.9235777699E-011
  0.6060606061E+000  0.6363636364E+000  0.8916731243E-011
  0.6060606061E+000  0.6666666667E+000  0.8511807283E-011
  0.6060606061E+000  0.6969696970E+000  0.8024904995E-011
  0.6060606061E+000  0.7272727273E+000  0.7460712580E-011
  0.6060606061E+000  0.7575757576E+000  0.6824663543E-011
  0.6060606061E+000  0.7878787879E+000  0.6122883305E-011
  0.6060606061E+000  0.8181818182E+000  0.5362130762E-011
  0.6060606061E+000  0.8484848485E+000  0.4549732698E-011
  0.6060606061E+000  0.8787878788E+000  0.3693513554E-011
  0.6060606061E+000  0.9090909091E+000  0.2801719891E-011
  0.6060606061E+000  0.9393939394E+000  0.1882941083E-011
  0.6060606061E+000  0.9696969697E+000  0.9460264456E-012
  0.6060606061E+000  0.1000000000E+001  0.0000000000E+000

  0.6363636364E+000  0.3030303030E-001  0.0000000000E+000
  0.6363636364E+000  0.6060606061E-001  0.9133832698E-012
  0.6363636364E+000  0.9090909091E-001  0.1817971480E-011
  0.6363636364E+000  0.1212121212E+000  0.2705054251E-011
  0.6363636364E+000  0.1515151515E+000  0.3566089592E-011
  0.6363636364E+000  0.1818181818E+000  0.4392786268E-011
  0.6363636364E+000  0.2121212121E+000  0.5177183441E-011
  0.6363636364E+000  0.2424242424E+000  0.5911727688E-011
  0.6363636364E+000  0.2727272727E+000  0.6589344922E-011
  0.6363636364E+000  0.3030303030E+000  0.7203509863E-011
  0.6363636364E+000  0.3333333333E+000  0.7748306823E-011
  0.6363636364E+000  0.3636363636E+000  0.8218489155E-011
  0.6363636364E+000  0.3939393939E+000  0.8609527367E-011
  0.6363636364E+000  0.4242424242E+000  0.8917656368E-011
  0.6363636364E+000  0.4545454545E+000  0.9139905751E-011
  0.6363636364E+000  0.4848484848E+000  0.9274134904E-011
  0.6363636364E+000  0.5151515152E+000  0.9319048892E-011
  0.6363636364E+000  0.5454545455E+000  0.9274212863E-011
  0.6363636364E+000  0.5757575758E+000  0.9140058674E-011
  0.6363636364E+000  0.6060606061E+000  0.8917878384E-011
  0.6363636364E+000  0.6363636364E+000  0.8609809952E-011
  0.6363636364E+000  0.6666666667E+000  0.8218821456E-011
  0.6363636364E+000  0.6969696970E+000  0.7748676075E-011
  0.6363636364E+000  0.7272727273E+000  0.7203901880E-011
  0.6363636364E+000  0.7575757576E+000  0.6589744641E-011
  0.6363636364E+000  0.7878787879E+000  0.5912119747E-011
  0.6363636364E+000  0.8181818182E+000  0.5177552771E-011
  0.6363636364E+000  0.8484848485E+000  0.4393118671E-011
  0.6363636364E+000  0.8787878788E+000  0.3566372288E-011
  0.6363636364E+000  0.9090909091E+000  0.2705276371E-011
  0.6363636364E+000  0.9393939394E+000  0.1818124482E-011
  0.6363636364E+000  0.9696969697E+000  0.9134612705E-012
  0.6363636364E+000  0.1000000000E+001  0.0000000000E+000

  0.6666666667E+000  0.3030303030E-001  0.0000000000E+000
  0.6666666667E+000  0.6060606061E-001  0.8720172447E-012
  0.6666666667E+000  0.9090909091E-001  0.1735637654E-011
  0.6666666667E+000  0.1212121212E+000  0.2582545198E-011
  0.6666666667E+000  0.1515151515E+000  0.3404584710E-011
  0.6666666667E+000  0.1818181818E+000  0.4193840321E-011
  0.6666666667E+000  0.2121212121E+000  0.4942711815E-011
  0.6666666667E+000  0.2424242424E+000  0.5643987534E-011
  0.6666666667E+000  0.2727272727E+000  0.6290914235E-011
  0.6666666667E+000  0.3030303030E+000  0.6877261511E-011
  0.6666666667E+000  0.3333333333E+000  0.7397382388E-011
  0.6666666667E+000  0.3636363636E+000  0.7846267031E-011
  0.6666666667E+000  0.3939393939E+000  0.8219592408E-011
  0.6666666667E+000  0.4242424242E+000  0.8513762130E-011
  0.6666666667E+000  0.4545454545E+000  0.8725942379E-011
  0.6666666667E+000  0.4848484848E+000  0.8854088185E-011
  0.6666666667E+000  0.5151515152E+000  0.8896964140E-011
  0.6666666667E+000  0.5454545455E+000  0.8854155753E-011
  0.6666666667E+000  0.5757575758E+000  0.8726074920E-011
  0.6666666667E+000  0.6060606061E+000  0.8513954559E-011
  0.6666666667E+000  0.6363636364E+000  0.8219837337E-011
  0.6666666667E+000  0.6666666667E+000  0.7846555056E-011
  0.6666666667E+000  0.6969696970E+000  0.7397702447E-011
  0.6666666667E+000  0.7272727273E+000  0.6877601310E-011
  0.6666666667E+000  0.7575757576E+000  0.6291260718E-011
  0.6666666667E+000  0.7878787879E+000  0.5644327385E-011
  0.6666666667E+000  0.8181818182E+000  0.4943031971E-011
  0.6666666667E+000  0.8484848485E+000  0.4194128472E-011
  0.6666666667E+000  0.8787878788E+000  0.3404829775E-011
  0.6666666667E+000  0.9090909091E+000  0.2582737753E-011
  0.6666666667E+000  0.9393939394E+000  0.1735770293E-011
  0.6666666667E+000  0.9696969697E+000  0.8720848644E-012
  0.6666666667E+000  0.1000000000E+001  0.0000000000E+000

  0.6969696970E+000  0.3030303030E-001  0.0000000000E+000
  0.6969696970E+000  0.6060606061E-001  0.8222355593E-012
  0.6969696970E+000  0.9090909091E-001  0.1636553547E-011
  0.6969696970E+000  0.1212121212E+000  0.2435112598E-011
  0.6969696970E+000  0.1515151515E+000  0.3210223020E-011
  0.6969696970E+000  0.1818181818E+000  0.3954420816E-011
  0.6969696970E+000  0.2121212121E+000  0.4660539545E-011
  0.6969696970E+000  0.2424242424E+000  0.5321779302E-011
  0.6969696970E+000  0.2727272727E+000  0.5931772189E-011
  0.6969696970E+000  0.3030303030E+000  0.6484643828E-011
  0.6969696970E+000  0.3333333333E+000  0.6975069343E-011
  0.6969696970E+000  0.3636363636E+000  0.7398325113E-011
  0.6969696970E+000  0.3939393939E+000  0.7750334546E-011
  0.6969696970E+000  0.4242424242E+000  0.8027707430E-011
  0.6969696970E+000  0.4545454545E+000  0.8227771041E-011
  0.6969696970E+000  0.4848484848E+000  0.8348597781E-011
  0.6969696970E+000  0.5151515152E+000  0.8389022914E-011
  0.6969696970E+000  0.5454545455E+000  0.8348655369E-011
  0.6969696970E+000  0.5757575758E+000  0.8227884008E-011
  0.6969696970E+000  0.6060606061E+000  0.8027871442E-011
  0.6969696970E+000  0.6363636364E+000  0.7750543308E-011
  0.6969696970E+000  0.6666666667E+000  0.7398570612E-011
  0.6969696970E+000  0.6969696970E+000  0.6975342153E-011
  0.6969696970E+000  0.7272727273E+000  0.6484933471E-011
  0.6969696970E+000  0.7575757576E+000  0.5932067537E-011
  0.6969696970E+000  0.7878787879E+000  0.5322069004E-011
  0.6969696970E+000  0.8181818182E+000  0.4660812464E-011
  0.6969696970E+000  0.8484848485E+000  0.3954666458E-011
  0.6969696970E+000  0.8787878788E+000  0.3210431937E-011
  0.6969696970E+000  0.9090909091E+000  0.2435276753E-011
  0.6969696970E+000  0.9393939394E+000  0.1636666624E-011
  0.6969696970E+000  0.9696969697E+000  0.8222932067E-012
  0.6969696970E+000  0.1000000000E+001  0.0000000000E+000

  0.7272727273E+000  0.3030303030E-001  0.0000000000E+000
  0.7272727273E+000  0.6060606061E-001  0.7645156571E-012
  0.7272727273E+000  0.9090909091E-001  0.1521669468E-011
  0.7272727273E+000  0.1212121212E+000  0.2264170435E-011
  0.7272727273E+000  0.1515151515E+000  0.2984868630E-011
  0.7272727273E+000  0.1818181818E+000  0.3676823921E-011
  0.7272727273E+000  0.2121212121E+000  0.4333372971E-011
  0.7272727273E+000  0.2424242424E+000  0.4948193088E-011
  0.7272727273E+000  0.2727272727E+000  0.5515363590E-011
  0.7272727273E+000  0.3030303030E+000  0.6029422163E-011
  0.7272727273E+000  0.3333333333E+000  0.6485418091E-011
  0.7272727273E+000  0.3636363636E+000  0.6878959204E-011
  0.7272727273E+000  0.3939393939E+000  0.7206255353E-011
  0.7272727273E+000  0.4242424242E+000  0.7464153815E-011
  0.7272727273E+000  0.4545454545E+000  0.7650170197E-011
  0.7272727273E+000  0.4848484848E+000  0.7762512009E-011
  0.7272727273E+000  0.5151515152E+000  0.7800096340E-011
  0.7272727273E+000  0.5454545455E+000  0.7762560238E-011
  0.7272727273E+000  0.5757575758E+000  0.7650264805E-011
  0.7272727273E+000  0.6060606061E+000  0.7464291174E-011
  0.7272727273E+000  0.6363636364E+000  0.7206430194E-011
  0.7272727273E+000  0.6666666667E+000  0.6879164817E-011
  0.7272727273E+000  0.6969696970E+000  0.6485646583E-011
  0.7272727273E+000  0.7272727273E+000  0.6029664761E-011
  0.7272727273E+000  0.7575757576E+000  0.5515610973E-011
  0.7272727273E+000  0.7878787879E+000  0.4948435749E-011
  0.7272727273E+000  0.8181818182E+000  0.4333601580E-011
  0.7272727273E+000  0.8484848485E+000  0.3677029687E-011
  0.7272727273E+000  0.8787878788E+000  0.2985043636E-011
  0.7272727273E+000  0.9090909091E+000  0.2264307947E-011
  0.7272727273E+000  0.9393939394E+000  0.1521764193E-011
  0.7272727273E+000  0.9696969697E+000  0.7645639492E-012
  0.7272727273E+000  0.1000000000E+001  0.0000000000E+000

  0.7575757576E+000  0.3030303030E-001  0.0000000000E+000
  0.7575757576E+000  0.6060606061E-001  0.6994122034E-012
  0.7575757576E+000  0.9090909091E-001  0.1392089391E-011
  0.7575757576E+000  0.1212121212E+000  0.2071361415E-011
  0.7575757576E+000  0.1515151515E+000  0.2730687083E-011
  0.7575757576E+000  0.1818181818E+000  0.3363717320E-011
  0.7575757576E+000  0.2121212121E+000  0.3964356014E-011
  0.7575757576E+000  0.2424242424E+000  0.4526819125E-011
  0.7575757576E+000  0.2727272727E+000  0.5045689754E-011
  0.7575757576E+000  0.3030303030E+000  0.5515971353E-011
  0.7575757576E+000  0.3333333333E+000  0.5933134171E-011
  0.7575757576E+000  0.3636363636E+000  0.6293160596E-011
  0.7575757576E+000  0.3939393939E+000  0.6592582756E-011
  0.7575757576E+000  0.4242424242E+000  0.6828517148E-011
  0.7575757576E+000  0.4545454545E+000  0.6998690412E-011
  0.7575757576E+000  0.4848484848E+000  0.7101463087E-011
  0.7575757576E+000  0.5151515152E+000  0.7135844739E-011
  0.7575757576E+000  0.5454545455E+000  0.7101502733E-011
  0.7575757576E+000  0.5757575758E+000  0.6998768185E-011
  0.7575757576E+000  0.6060606061E+000  0.6828630066E-011
  0.7575757576E+000  0.6363636364E+000  0.6592726489E-011
  0.7575757576E+000  0.6666666667E+000  0.6293329631E-011
  0.7575757576E+000  0.6969696970E+000  0.5933322021E-011
  0.7575757576E+000  0.7272727273E+000  0.5516170805E-011
  0.7575757576E+000  0.7575757576E+000  0.5045893146E-011
  0.7575757576E+000  0.7878787879E+000  0.4527018641E-011
  0.7575757576E+000  0.8181818182E+000  0.3964543983E-011
  0.7575757576E+000  0.8484848485E+000  0.3363886510E-011
  0.7575757576E+000  0.8787878788E+000  0.2730830984E-011
  0.7575757576E+000  0.9090909091E+000  0.2071474488E-011
  0.7575757576E+000  0.9393939394E+000  0.1392167283E-011
  0.7575757576E+000  0.9696969697E+000  0.6994519141E-012
  0.7575757576E+000  0.1000000000E+001  0.0000000000E+000

  0.7878787879E+000  0.3030303030E-001  0.0000000000E+000
  0.7878787879E+000  0.6060606061E-001  0.6275517642E-012
  0.7878787879E+000  0.9090909091E-001  0.1249060451E-011
  0.7878787879E+000  0.1212121212E+000  0.1858541146E-011
  0.7878787879E+000  0.1515151515E+000  0.2450124741E-011
  0.7878787879E+000  0.1818181818E+000  0.3018114353E-011
  0.7878787879E+000  0.2121212121E+000  0.3557040338E-011
  0.7878787879E+000  0.2424242424E+000  0.4061712687E-011
  0.7878787879E+000  0.2727272727E+000  0.4527271421E-011
  0.7878787879E+000  0.3030303030E+000  0.4949232808E-011
  0.7878787879E+000  0.3333333333E+000  0.5323533082E-011
  0.7878787879E+000  0.3636363636E+000  0.5646567032E-011
  0.7878787879E+000  0.3939393939E+000  0.5915223560E-011
  0.7878787879E+000  0.4242424242E+000  0.6126914842E-011
  0.7878787879E+000  0.4545454545E+000  0.6279601734E-011
  0.7878787879E+000  0.4848484848E+000  0.6371813074E-011
  0.7878787879E+000  0.5151515152E+000  0.6402660051E-011
  0.7878787879E+000  0.5454545455E+000  0.6371845016E-011
  0.7878787879E+000  0.5757575758E+000  0.6279664395E-011
  0.7878787879E+000  0.6060606061E+000  0.6127005821E-011
  0.7878787879E+000  0.6363636364E+000  0.5915339369E-011
  0.7878787879E+000  0.6666666667E+000  0.5646703230E-011
  0.7878787879E+000  0.6969696970E+000  0.5323684444E-011
  0.7878787879E+000  0.7272727273E+000  0.4949393524E-011
  0.7878787879E+000  0.7575757576E+000  0.4527435319E-011
  0.7878787879E+000  0.7878787879E+000  0.4061873466E-011
  0.7878787879E+000  0.8181818182E+000  0.3557191817E-011
  0.7878787879E+000  0.8484848485E+000  0.3018250703E-011
  0.7878787879E+000  0.8787878788E+000  0.2450240714E-011
  0.7878787879E+000  0.9090909091E+000  0.1858632276E-011
  0.7878787879E+000  0.9393939394E+000  0.1249123228E-011
  0.7878787879E+000  0.9696969697E+000  0.6275837693E-012
  0.7878787879E+000  0.1000000000E+001  0.0000000000E+000

  0.8181818182E+000  0.3030303030E-001  0.0000000000E+000
  0.8181818182E+000  0.6060606061E-001  0.5496267956E-012
  0.8181818182E+000  0.9090909091E-001  0.1093960858E-011
  0.8181818182E+000  0.1212121212E+000  0.1627760411E-011
  0.8181818182E+000  0.1515151515E+000  0.2145885065E-011
  0.8181818182E+000  0.1818181818E+000  0.2643345344E-011
  0.8181818182E+000  0.2121212121E+000  0.3115350701E-011
  0.8181818182E+000  0.2424242424E+000  0.3557355703E-011
  0.8181818182E+000  0.2727272727E+000  0.3965103626E-011
  0.8181818182E+000  0.3030303030E+000  0.4334667785E-011
  0.8181818182E+000  0.3333333333E+000  0.4662488766E-011
  0.8181818182E+000  0.3636363636E+000  0.4945409252E-011
  0.8181818182E+000  0.3939393939E+000  0.5180704268E-011
  0.8181818182E+000  0.4242424242E+000  0.5366107668E-011
  0.8181818182E+000  0.4545454545E+000  0.5499833242E-011
  0.8181818182E+000  0.4848484848E+000  0.5580592820E-011
  0.8181818182E+000  0.5151515152E+000  0.5607608034E-011
  0.8181818182E+000  0.5454545455E+000  0.5580617982E-011
  0.8181818182E+000  0.5757575758E+000  0.5499882603E-011
  0.8181818182E+000  0.6060606061E+000  0.5366179336E-011
  0.8181818182E+000  0.6363636364E+000  0.5180795499E-011
  0.8181818182E+000  0.6666666667E+000  0.4945516548E-011
  0.8181818182E+000  0.6969696970E+000  0.4662608012E-011
  0.8181818182E+000  0.7272727273E+000  0.4334794405E-011
  0.8181818182E+000  0.7575757576E+000  0.3965232757E-011
  0.8181818182E+000  0.7878787879E+000  0.3557482382E-011
  0.8181818182E+000  0.8181818182E+000  0.3115470056E-011
  0.8181818182E+000  0.8484848485E+000  0.2643452782E-011
  0.8181818182E+000  0.8787878788E+000  0.2145976450E-011
  0.8181818182E+000  0.9090909091E+000  0.1627832221E-011
  0.8181818182E+000  0.9393939394E+000  0.1094010327E-011
  0.8181818182E+000  0.9696969697E+000  0.5496520161E-012
  0.8181818182E+000  0.1000000000E+001  0.0000000000E+000

  0.8484848485E+000  0.3030303030E-001  0.0000000000E+000
  0.8484848485E+000  0.6060606061E-001  0.4663889554E-012
  0.8484848485E+000  0.9090909091E-001  0.9282867097E-012
  0.8484848485E+000  0.1212121212E+000  0.1381245284E-011
  0.8484848485E+000  0.1515151515E+000  0.1820902744E-011
  0.8484848485E+000  0.1818181818E+000  0.2243025204E-011
  0.8484848485E+000  0.2121212121E+000  0.2643547661E-011
  0.8484848485E+000  0.2424242424E+000  0.3018612959E-011
  0.8484848485E+000  0.2727272727E+000  0.3364609166E-011
  0.8484848485E+000  0.3030303030E+000  0.3678204067E-011
  0.8484848485E+000  0.3333333333E+000  0.3956377517E-011
  0.8484848485E+000  0.3636363636E+000  0.4196450260E-011
  0.8484848485E+000  0.3939393939E+000  0.4396110141E-011
  0.8484848485E+000  0.4242424242E+000  0.4553434015E-011
  0.8484848485E+000  0.4545454545E+000  0.4666906440E-011
  0.8484848485E+000  0.4848484848E+000  0.4735434237E-011
  0.8484848485E+000  0.5151515152E+000  0.4758356987E-011
  0.8484848485E+000  0.5454545455E+000  0.4735453531E-011
  0.8484848485E+000  0.5757575758E+000  0.4666944291E-011
  0.8484848485E+000  0.6060606061E+000  0.4553488974E-011
  0.8484848485E+000  0.6363636364E+000  0.4396180104E-011
  0.8484848485E+000  0.6666666667E+000  0.4196532545E-011
  0.8484848485E+000  0.6969696970E+000  0.3956468970E-011
  0.8484848485E+000  0.7272727273E+000  0.3678301178E-011
  0.8484848485E+000  0.7575757576E+000  0.3364708206E-011
  0.8484848485E+000  0.7878787879E+000  0.3018710123E-011
  0.8484848485E+000  0.8181818182E+000  0.2643639210E-011
  0.8484848485E+000  0.8484848485E+000  0.2243107615E-011
  0.8484848485E+000  0.8787878788E+000  0.1820972844E-011
  0.8484848485E+000  0.9090909091E+000  0.1381300370E-011
  0.8484848485E+000  0.9393939394E+000  0.9283246579E-012
  0.8484848485E+000  0.9696969697E+000  0.4664083026E-012
  0.8484848485E+000  0.1000000000E+001  0.0000000000E+000

  0.8787878788E+000  0.3030303030E-001  0.0000000000E+000
  0.8787878788E+000  0.6060606061E-001  0.3786418329E-012
  0.8787878788E+000  0.9090909091E-001  0.7536374294E-012
  0.8787878788E+000  0.1212121212E+000  0.1121375632E-011
  0.8787878788E+000  0.1515151515E+000  0.1478315184E-011
  0.8787878788E+000  0.1818181818E+000  0.1821018679E-011
  0.8787878788E+000  0.2121212121E+000  0.2146185944E-011
  0.8787878788E+000  0.2424242424E+000  0.2450685537E-011
  0.8787878788E+000  0.2727272727E+000  0.2731584998E-011
  0.8787878788E+000  0.3030303030E+000  0.2986179163E-011
  0.8787878788E+000  0.3333333333E+000  0.3212015988E-011
  0.8787878788E+000  0.3636363636E+000  0.3406920399E-011
  0.8787878788E+000  0.3939393939E+000  0.3569015188E-011
  0.8787878788E+000  0.4242424242E+000  0.3696739127E-011
  0.8787878788E+000  0.4545454545E+000  0.3788861883E-011
  0.8787878788E+000  0.4848484848E+000  0.3844495958E-011
  0.8787878788E+000  0.5151515152E+000  0.3863105375E-011
  0.8787878788E+000  0.5454545455E+000  0.3844510237E-011
  0.8787878788E+000  0.5757575758E+000  0.3788889895E-011
  0.8787878788E+000  0.6060606061E+000  0.3696779800E-011
  0.8787878788E+000  0.6363636364E+000  0.3569066966E-011
  0.8787878788E+000  0.6666666667E+000  0.3406981298E-011
  0.8787878788E+000  0.6969696970E+000  0.3212083675E-011
  0.8787878788E+000  0.7272727273E+000  0.2986251040E-011
  0.8787878788E+000  0.7575757576E+000  0.2731658306E-011
  0.8787878788E+000  0.7878787879E+000  0.2450757458E-011
  0.8787878788E+000  0.8181818182E+000  0.2146253712E-011
  0.8787878788E+000  0.8484848485E+000  0.1821079685E-011
  0.8787878788E+000  0.8787878788E+000  0.1478367077E-011
  0.8787878788E+000  0.9090909091E+000  0.1121416412E-011
  0.8787878788E+000  0.9393939394E+000  0.7536655227E-012
  0.8787878788E+000  0.9696969697E+000  0.3786561560E-012
  0.8787878788E+000  0.1000000000E+001  0.0000000000E+000

  0.9090909091E+000  0.3030303030E-001  0.0000000000E+000
  0.9090909091E+000  0.6060606061E-001  0.2872331149E-012
  0.9090909091E+000  0.9090909091E-001  0.5717002279E-012
  0.9090909091E+000  0.1212121212E+000  0.8506619544E-012
  0.9090909091E+000  0.1515151515E+000  0.1121431900E-011
  0.9090909091E+000  0.1818181818E+000  0.1381402538E-011
  0.9090909091E+000  0.2121212121E+000  0.1628070331E-011
  0.9090909091E+000  0.2424242424E+000  0.1859059816E-011
  0.9090909091E+000  0.2727272727E+000  0.2072146501E-011
  0.9090909091E+000  0.3030303030E+000  0.2265278205E-011
  0.9090909091E+000  0.3333333333E+000  0.2436594919E-011
  0.9090909091E+000  0.3636363636E+000  0.2584446623E-011
  0.9090909091E+000  0.3939393939E+000  0.2707409328E-011
  0.9090909091E+000  0.4242424242E+000  0.2804298671E-011
  0.9090909091E+000  0.4545454545E+000  0.2874181390E-011
  0.9090909091E+000  0.4848484848E+000  0.2916384278E-011
  0.9090909091E+000  0.5151515152E+000  0.2930500618E-011
  0.9090909091E+000  0.5454545455E+000  0.2916394283E-011
  0.9090909091E+000  0.5757575758E+000  0.2874201017E-011
  0.9090909091E+000  0.6060606061E+000  0.2804327170E-011
  0.9090909091E+000  0.6363636364E+000  0.2707445609E-011
  0.9090909091E+000  0.6666666667E+000  0.2584489297E-011
  0.9090909091E+000  0.6969696970E+000  0.2436642350E-011
  0.9090909091E+000  0.7272727273E+000  0.2265328575E-011
  0.9090909091E+000  0.7575757576E+000  0.2072197874E-011
  0.9090909091E+000  0.7878787879E+000  0.1859110220E-011
  0.9090909091E+000  0.8181818182E+000  0.1628117825E-011
  0.9090909091E+000  0.8484848485E+000  0.1381445294E-011
  0.9090909091E+000  0.8787878788E+000  0.1121468270E-011
  0.9090909091E+000  0.9090909091E+000  0.8506905366E-012
  0.9090909091E+000  0.9393939394E+000  0.5717199186E-012
  0.9090909091E+000  0.9696969697E+000  0.2872431541E-012
  0.9090909091E+000  0.1000000000E+001  0.0000000000E+000

  0.9393939394E+000  0.3030303030E-001  0.0000000000E+000
  0.9393939394E+000  0.6060606061E-001  0.1930463524E-012
  0.9393939394E+000  0.9090909091E-001  0.3842336926E-012
  0.9393939394E+000  0.1212121212E+000  0.5717209207E-012
  0.9393939394E+000  0.1515151515E+000  0.7537025243E-012
  0.9393939394E+000  0.1818181818E+000  0.9284259979E-012
  0.9393939394E+000  0.2121212121E+000  0.1094208748E-011
  0.9393939394E+000  0.2424242424E+000  0.1249454255E-011
  0.9393939394E+000  0.2727272727E+000  0.1392667428E-011
  0.9393939394E+000  0.3030303030E+000  0.1522469070E-011
  0.9393939394E+000  0.3333333333E+000  0.1637609041E-011
  0.9393939394E+000  0.3636363636E+000  0.1736978413E-011
  0.9393939394E+000  0.3939393939E+000  0.1819620117E-011
  0.9393939394E+000  0.4242424242E+000  0.1884738200E-011
  0.9393939394E+000  0.4545454545E+000  0.1931705382E-011
  0.9393939394E+000  0.4848484848E+000  0.1960069272E-011
  0.9393939394E+000  0.5151515152E+000  0.1969556533E-011
  0.9393939394E+000  0.5454545455E+000  0.1960075595E-011
  0.9393939394E+000  0.5757575758E+000  0.1931717788E-011
  0.9393939394E+000  0.6060606061E+000  0.1884756214E-011
  0.9393939394E+000  0.6363636364E+000  0.1819643050E-011
  0.9393939394E+000  0.6666666667E+000  0.1737005387E-011
  0.9393939394E+000  0.6969696970E+000  0.1637639023E-011
  0.9393939394E+000  0.7272727273E+000  0.1522500910E-011
  0.9393939394E+000  0.7575757576E+000  0.1392699905E-011
  0.9393939394E+000  0.7878787879E+000  0.1249486119E-011
  0.9393939394E+000  0.8181818182E+000  0.1094238774E-011
  0.9393939394E+000  0.8484848485E+000  0.9284530291E-012
  0.9393939394E+000  0.8787878788E+000  0.7537255188E-012
  0.9393939394E+000  0.9090909091E+000  0.5717389914E-012
  0.9393939394E+000  0.9393939394E+000  0.3842461419E-012
  0.9393939394E+000  0.9696969697E+000  0.1930526997E-012
  0.9393939394E+000  0.1000000000E+001  0.0000000000E+000

  0.9696969697E+000  0.3030303030E-001  0.0000000000E+000
  0.9696969697E+000  0.6060606061E-001  0.9699229654E-013
  0.9696969697E+000  0.9090909091E-001  0.1930505723E-012
  0.9696969697E+000  0.1212121212E+000  0.2872497904E-012
  0.9696969697E+000  0.1515151515E+000  0.3786828156E-012
  0.9696969697E+000  0.1818181818E+000  0.4664691331E-012
  0.9696969697E+000  0.2121212121E+000  0.5497633579E-012
  0.9696969697E+000  0.2424242424E+000  0.6277633415E-012
  0.9696969697E+000  0.2727272727E+000  0.6997179161E-012
  0.9696969697E+000  0.3030303030E+000  0.7649341141E-012
  0.9696969697E+000  0.3333333333E+000  0.8227838466E-012
  0.9696969697E+000  0.3636363636E+000  0.8727099469E-012
  0.9696969697E+000  0.3939393939E+000  0.9142315649E-012
  0.9696969697E+000  0.4242424242E+000  0.9469487749E-012
  0.9696969697E+000  0.4545454545E+000  0.9705464323E-012
  0.9696969697E+000  0.4848484848E+000  0.9847972233E-012
  0.9696969697E+000  0.5151515152E+000  0.9895638325E-012
  0.9696969697E+000  0.5454545455E+000  0.9848002791E-012
  0.9696969697E+000  0.5757575758E+000  0.9705524273E-012
  0.9696969697E+000  0.6060606061E+000  0.9469574800E-012
  0.9696969697E+000  0.6363636364E+000  0.9142426473E-012
  0.9696969697E+000  0.6666666667E+000  0.8727229824E-012
  0.9696969697E+000  0.6969696970E+000  0.8227983360E-012
  0.9696969697E+000  0.7272727273E+000  0.7649495018E-012
  0.9696969697E+000  0.7575757576E+000  0.6997336114E-012
  0.9696969697E+000  0.7878787879E+000  0.6277787411E-012
  0.9696969697E+000  0.8181818182E+000  0.5497778694E-012
  0.9696969697E+000  0.8484848485E+000  0.4664821974E-012
  0.9696969697E+000  0.8787878788E+000  0.3786939291E-012
  0.9696969697E+000  0.9090909091E+000  0.2872585243E-012
  0.9696969697E+000  0.9393939394E+000  0.1930565894E-012
  0.9696969697E+000  0.9696969697E+000  0.9699536435E-013
  0.9696969697E+000  0.1000000000E+001  0.0000000000E+000

  0.1000000000E+001  0.3030303030E-001  0.0000000000E+000
  0.1000000000E+001  0.6060606061E-001  0.0000000000E+000
  0.1000000000E+001  0.9090909091E-001  0.0000000000E+000
  0.1000000000E+001  0.1212121212E+000  0.0000000000E+000
  0.1000000000E+001  0.1515151515E+000  0.0000000000E+000
  0.1000000000E+001  0.1818181818E+000  0.0000000000E+000
  0.1000000000E+001  0.2121212121E+000  0.0000000000E+000
  0.1000000000E+001  0.2424242424E+000  0.0000000000E+000
  0.1000000000E+001  0.2727272727E+000  0.0000000000E+000
  0.1000000000E+001  0.3030303030E+000  0.0000000000E+000
  0.1000000000E+001  0.3333333333E+000  0.0000000000E+000
  0.1000000000E+001  0.3636363636E+000  0.0000000000E+000
  0.1000000000E+001  0.3939393939E+000  0.0000000000E+000
  0.1000000000E+001  0.4242424242E+000  0.0000000000E+000
  0.1000000000E+001  0.4545454545E+000  0.0000000000E+000
  0.1000000000E+001  0.4848484848E+000  0.0000000000E+000
  0.1000000000E+001  0.5151515152E+000  0.0000000000E+000
  0.1000000000E+001  0.5454545455E+000  0.0000000000E+000
  0.1000000000E+001  0.5757575758E+000  0.0000000000E+000
  0.1000000000E+001  0.6060606061E+000  0.0000000000E+000
  0.1000000000E+001  0.6363636364E+000  0.0000000000E+000
  0.1000000000E+001  0.6666666667E+000  0.0000000000E+000
  0.1000000000E+001  0.6969696970E+000  0.0000000000E+000
  0.1000000000E+001  0.7272727273E+000  0.0000000000E+000
  0.1000000000E+001  0.7575757576E+000  0.0000000000E+000
  0.1000000000E+001  0.7878787879E+000  0.0000000000E+000
  0.1000000000E+001  0.8181818182E+000  0.0000000000E+000
  0.1000000000E+001  0.8484848485E+000  0.0000000000E+000
  0.1000000000E+001  0.8787878788E+000  0.0000000000E+000
  0.1000000000E+001  0.9090909091E+000  0.0000000000E+000
  0.1000000000E+001  0.9393939394E+000  0.0000000000E+000
  0.1000000000E+001  0.9696969697E+000  0.0000000000E+000
  0.1000000000E+001  0.1000000000E+001  0.0000000000E+000

