  0.781250000      0.802785039      -1.81548558E-02  0.802785039       1.81548558E-02  0.802785039    
   2.34375000      0.804235637       8.27074020E-10  0.865301907       1.80995148E-02  0.834768772    
   3.90625000      0.804132819      -3.40273060E-10  0.826278508       1.76270436E-02  0.815205634    
   5.46875000      0.803932965       1.26851543E-10  0.820711017       1.55451205E-02  0.812322021    
   7.03125000      0.803494692      -3.88431162E-11  0.808997869       9.91791766E-03  0.806246281    
   8.59375000      0.803068817       9.55013412E-12  0.804810703       3.76551808E-03  0.803939760    
   10.1562500      0.802885056      -2.34213148E-12  0.803323984       1.20687799E-03  0.803104520    
   11.7187500      0.802816272       1.66595839E-12  0.802923501       3.43332824E-04  0.802869916    
   13.2812500      0.802793562       1.25474657E-11  0.802815855       8.83082394E-05  0.802804708    
   14.8437500      0.802786589       8.98665604E-12  0.802790999       2.08088859E-05  0.802788794    
   16.4062500      0.802784920      -2.36213299E-10  0.802785516       4.14630995E-06  0.802785218    
   17.9687500      0.802784920      -9.14246623E-10  0.802784741       1.84109908E-07  0.802784801    
   19.5312500      0.802784979       1.48471768E-09  0.802784920      -2.49327258E-07  0.802784979    
   21.0937500      0.802785039       2.05728448E-08  0.802785039      -6.30014370E-08  0.802785039    
   22.6562500      0.802785039       4.25626432E-08  0.802785039       4.93638952E-09  0.802785039    
   24.2187500      0.802785039      -1.68893351E-07  0.802785039       4.72583039E-09  0.802785039    
   25.7812500      0.802784681      -1.14885609E-06  0.802784860       2.91662694E-10  0.802784801    
   27.3437500      0.802783549      -1.70771625E-06  0.802784264       1.41759238E-09  0.802783906    
   28.9062500      0.802783787       7.54217308E-06  0.802784562      -1.42897916E-08  0.802784145    
   30.4687500      0.802798212       4.40327021E-05  0.802794695       1.11450142E-07  0.802796483    
   32.0312500      0.802846849       8.27510303E-05  0.802828789      -7.59282500E-07  0.802837789    
   33.5937500      0.802886724      -7.76642773E-05  0.802843451       4.42955070E-06  0.802865088    
   35.1562500      0.802624583      -9.01127351E-04  0.802556217      -2.16711451E-05  0.802590370    
   36.7187500      0.801379561      -2.84640351E-03  0.801272869       8.66806004E-05  0.801326215    
   38.2812500      0.798112869      -5.78278070E-03  0.797962070      -2.76089500E-04  0.798037469    
   39.8437500      0.792808354      -8.86515807E-03  0.792440891       6.97247160E-04  0.792624652    
   41.4062500      0.784101546      -1.09646320E-02  0.783734083      -1.40220474E-03  0.783917844    
   42.9687500      0.778580368      -9.99108423E-03  0.778429568      -4.48456313E-03  0.778504968    
   44.5312500      0.775269926      -1.03528742E-02  0.775163054      -7.42093753E-03  0.775216460    
   46.0937500      0.773987710      -1.02439635E-02  0.773918688      -9.36621614E-03  0.773953199    
   47.6562500      0.773700297      -1.02793146E-02  0.773656249      -1.01896636E-02  0.773678243    
   49.2187500      0.773700476      -1.03106154E-02  0.773685932      -1.03502050E-02  0.773693204    
   50.7812500      0.773685932      -1.03502050E-02  0.773700476      -1.03106154E-02  0.773693204    
   52.3437500      0.773656249      -1.01896636E-02  0.773700297      -1.02793146E-02  0.773678243    
   53.9062500      0.773918688      -9.36621614E-03  0.773987710      -1.02439635E-02  0.773953199    
   55.4687500      0.775163054      -7.42093753E-03  0.775269926      -1.03528742E-02  0.775216460    
   57.0312500      0.778429568      -4.48456313E-03  0.778580368      -9.99108423E-03  0.778504968    
   58.5937500      0.783734083      -1.40220474E-03  0.784101546      -1.09646320E-02  0.783917844    
   60.1562500      0.792440891       6.97247160E-04  0.792808354      -8.86515807E-03  0.792624652    
   61.7187500      0.797962070      -2.76089500E-04  0.798112869      -5.78278070E-03  0.798037469    
   63.2812500      0.801272869       8.66806004E-05  0.801379561      -2.84640351E-03  0.801326215    
