 12.955055732612946,  907.8947368421052,  10.200831285522003,  10.065294289528769,  1.6666666666666665,  10.80743124246748,  0.27764613254699605,  3.000641487238672,  5.79836624911826172E-3,  0.
 13.369572791858879,  907.8947368421052,  10.527222670755021,  9.75322476761548,  1.6666666666666665,  10.638572534247627,  0.35957572978789387,  3.8253724829035343,  6.49554943855296368E-3,  8.67520347954270181E-3
 13.720206483087715,  907.8947368421052,  10.803312191407649,  9.5039712883862144,  1.6666666666666665,  10.501753020310204,  0.43706951324483095,  4.589996080804414,  7.0692673417214703E-3,  1.75304834650558267E-2
 14.029222185402922,  907.8947368421052,  11.046631642049544,  9.2946313603665427,  1.6666666666666667,  10.385450195417043,  0.50895982512359816,  5.2857769152892971,  7.54404772195915903E-3,  2.65263041297825325E-2
 14.309663378790692,  907.8947368421052,  11.267451479362748,  9.1124749083381893,  1.6666666666666665,  10.283179464430614,  0.57455055247870357,  5.9082064425262679,  7.93649755743001603E-3,  3.56393166383583149E-2
 14.569883324794873,  907.8947368421052,  11.472349074641631,  8.9497249620447388,  1.6666666666666665,  10.190936301852432,  0.63345869983335368,  6.4555372598559666,  8.25867903307883448E-3,  4.48543772839190766E-2
 14.81559841798987,  907.8947368421052,  11.665825525976274,  8.8012947440355784,  1.6666666666666667,  10.106075190943191,  0.68552657179444887,  6.9279830799442159,  8.51985140115184975E-3,  5.41610820964027601E-2
 15.050937126977317,  907.8947368421052,  11.85113159604513,  8.6636763801420251,  1.6666666666666665,  10.026753845916431,  0.73076478671620448,  7.3271986356670036,  8.72743268064421485E-3,  6.35520232157588127E-2
 15.279022349099019,  907.8947368421052,  12.030726259133084,  8.5343450324676926,  1.6666666666666665,  9.9516327568917688,  0.76931111894231763,  7.655901731507428,  8.88756303554613658E-3,  7.30218170177782261E-2
 15.502310772788002,  907.8947368421052,  12.206543915581102,  8.411420103568533,  1.6666666666666665,  9.8797033505898462,  0.80139838798427476,  7.9175783389255407,  9.00545136692954343E-3,  8.25665232639792301E-2
 15.722807196448779,  907.8947368421052,  12.380163146810061,  8.2934584681193542,  1.6666666666666665,  9.8101823402054418,  0.82733019186377776,  8.1162600377408118,  9.08560526937939039E-3,  9.21832757618786247E-2
 15.942206680354133,  907.8947368421052,  12.552918645948134,  8.1793224175600443,  1.6666666666666665,  9.7424437379916675,  0.84746044971962875,  8.2563357515665992,  9.13198047778450601E-3,  0.10187003994969428
 16.16198643916988,  907.8947368421052,  12.72597357414951,  8.0680954025533467,  1.6666666666666665,  9.6759753882013708,  0.86217678601564285,  8.3424013617659192,  9.14808657610437226E-3,  0.11162544696028473
 16.383471880812213,  907.8947368421052,  12.900371559694655,  7.9590241576763781,  1.6666666666666665,  9.610348881017968,  0.871886685171534,  8.3791352292127179,  9.13706101605947334E-3,  0.12144867908046321
 16.607893314909532,  907.8947368421052,  13.077081350322466,  7.8514743570115684,  1.6666666666666665,  9.5451960059993297,  0.87700641998410467,  8.371198177268047,  9.10172239934808891E-3,  0.13133938733207789
 16.836417689899218,  907.8947368421052,  13.257021803070248,  7.7449045805168888,  1.6666666666666665,  9.480195169582041,  0.87795182731730903,  8.32315467245928,  9.04461260716149171E-3,  0.14129763332460771
 17.070173782064696,  907.8947368421052,  13.441081718161177,  7.6388471582521955,  1.6666666666666665,  9.4150613178907783,  0.8751306937818546,  8.2394091431244583,  8.96802807758733528E-3,  0.15132384746448929
 17.31028848171503,  907.8947368421052,  13.630148410799235,  7.5328870817915394,  1.6666666666666665,  9.3495341282135467,  0.86893674816411715,  8.1241537822193131,  8.87404040412918121E-3,  0.16141880142913395
 17.557897552175586,  907.8947368421052,  13.825116182815421,  7.4266550478783664,  1.6666666666666665,  9.2833744585206261,  0.85974500979455992,  7.9813348647673834,  8.76451823482270881E-3,  0.17158358774090829
 17.814179176254559,  907.8947368421052,  14.026912737208313,  7.319812335771732,  1.6666666666666665,  9.2163554496442597,  0.84790822038481461,  7.8146235477417525,  8.64113892009104635E-3,  0.18181960937921582
 18.080362426083973,  907.8947368421052,  14.236505847310214,  7.212048376744769,  1.6666666666666665,  9.1482612444669478,  0.83375437791645135,  7.6274028628977213,  8.50540445205651488E-3,  0.19212857490142596
 18.357751419935319,  907.8947368421052,  14.454922377901825,  7.1030730018706985,  1.6666666666666665,  9.0788822110384118,  0.81758475665104435,  7.4227557031753353,  8.35864966014203577E-3,  0.20251249843819791
 18.647750552697342,  907.8947368421052,  14.683268151730189,  6.9926100801007642,  1.6666666666666665,  9.0080108062076736,  0.79967327163025159,  7.203465472280751,  8.20205235298116647E-3,  0.21297370711639485
 18.95189080511442,  907.8947368421052,  14.922748665444423,  6.8803925596071309,  1.6666666666666665,  8.9354381145708768,  0.78026569058625883,  6.9720157911564238,  8.03663889780261397E-3,  0.2235148513552353
 19.271851332256698,  907.8947368421052,  15.1746860883911,  6.7661609794458109,  1.6666666666666665,  8.8609524423845656,  0.7595802908845628,  6.7306048337007454,  7.86329551997956566E-3,  0.23413892205929998
 19.431923203788266,  907.8947368421052,  15.300726932116744,  6.710424239458689,  1.6666666666666514,  8.824380602828894,  0.74320420768396556,  6.5583167942272027,  7.74596730525958094E-3,  0.2448492724845209
 19.778810292158163,  907.8947368421052,  15.573866371778079,  6.592734677155744,  1.6666666666666665,  8.7466559033184321,  0.72699818753700207,  6.3588029887223199,  7.59357093025316877E-3,  0.25
 20.146582958408114,  907.8947368421052,  15.863451148352844,  6.4723853546377939,  1.6666666666666665,  8.6664537924084417,  0.70391261626958912,  6.1004261627937284,  7.40351820656093371E-3,  0.26084513291366923
 20.537772033221025,  907.8947368421052,  16.171474041906318,  6.3491038986639969,  1.6666666666666665,  8.5835207147674595,  0.6801048774757007,  5.8376943040270621,  7.20760126205182046E-3,  0.27178662928770903
 20.955282821577381,  907.8947368421052,  16.500222694155415,  6.2226050393234766,  1.6666666666666665,  8.4975819332107658,  0.65568119388267743,  5.5717046670835053,  7.00614421813373391E-3,  0.28282937219211374
 21.402483795660256,  907.8947368421052,  16.852349445401774,  6.092584848139758,  1.6666666666666654,  8.4083355674505018,  0.63072736335773771,  5.3033673226851423,  6.79936288545235183E-3,  0.29397879874614724
 21.883320354042226,  907.8947368421052,  17.230960908694666,  5.9587140514493129,  1.6666666666666594,  8.3154453749759316,  0.60531030986499013,  5.0334248165920803,  6.58736759173779787E-3,  0.30524097219349328
 22.402458843577225,  907.8947368421052,  17.639731372895451,  5.8206310921710305,  1.6666666666666279,  8.218532558025613,  0.57948008750070945,  4.7624759658521114,  6.37016801066431389E-3,  0.31662267115055148
 22.965482682731135,  907.8947368421052,  18.083057230496955,  5.6779319767619763,  1.6666666666664742,  8.1171642725101982,  0.55327150549695048,  4.4909956974177758,  6.14767408264649089E-3,  0.32813149977601241
 23.579141668868466,  907.8947368421052,  18.566253282573594,  5.5301609497690851,  1.6666666666658028,  8.0108412994851381,  0.52670614653941228,  4.2193593513905947,  5.91969961480725421E-3,  0.33977602628494447
 24.251704180754821,  907.8947368421052,  19.095830063586472,  5.3767952765355878,  1.6666666666631733,  7.8989796138252775,  0.49979406163417028,  3.9478631039592451,  5.68596113922940471E-3,  0.35156595596455642
 24.99343618142489,  907.8947368421052,  19.679871008995974,  5.2172277370415232,  1.6666666666540177,  7.7808875658668928,  0.47253549769963382,  3.6767455784818046,  5.44607612584561192E-3,  0.36351234987543046
 25.81726657058023,  907.8947368421052,  20.32855635478758,  5.0507457147516064,  1.6666666666258954,  7.6557368055219799,  0.44492161710874534,  3.4062027996717794,  5.1995540416855052E-3,  0.37562790532279783
 26.739771928866709,  907.8947368421052,  21.0549385266667,  4.8764981566422385,  1.6666666665502479,  7.5225186765846077,  0.41693613927474227,  3.13640989463733,  4.94578682543924016E-3,  0.38792732046671502
 27.782600903560304,  907.8947368421052,  21.876063703590788,  4.6934572117542066,  1.6666666663731753,  7.3799883088951157,  0.38855567532554147,  2.8675363412573422,  4.68402981323806818E-3,  0.40042777594523737
 28.974680452273649,  907.8947368421052,  22.814709017538306,  4.5003584730543329,  1.6666666660141765,  7.226579694582755,  0.35975031761339077,  2.5997643403846267,  4.41337405913787891E-3,  0.41314957996879215
 30.355667437943612,  907.8947368421052,  23.902100344837489,  4.2956212090747501,  1.6666666653849198,  7.0602849727526671,  0.33048347088068608,  2.3333074832020517,  4.13270543182410379E-3,  0.42611705319415211
 31.981648559380542,  907.8947368421052,  25.182400440457119,  4.0772272542674752,  1.6666666644283152,  6.8784676714762467,  0.30071145994517223,  2.0684340556752914,  3.84064387587075041E-3,  0.43935977218178901
 33.934994637895002,  907.8947368421052,  26.720468218814961,  3.8425363230112226,  1.6666666631515519,  6.6775666444581452,  0.27038270542967235,  1.8054985350155324,  3.53545273124947256E-3,  0.45291436470673224
 36.342471527786934,  907.8947368421052,  28.616119313218057,  3.5879907030921645,  1.6666666616116717,  6.4526022307612818,  0.2394368611284908,  1.544990824244179,  3.21490207550899007E-3,  0.46682719606148215
 39.411084314109736,  907.8947368421052,  31.032349853629711,  3.3086237732284944,  1.6666666598349194,  6.1963070607444752,  0.2078041343498129,  1.2876182249236392,  2.87605623529206197E-3,  0.48115855064877283
 40.421852568961405,  907.8947368421052,  31.828230369260947,  3.2258900221712006,  1.666666658507304,  6.1183457587605012,  0.18675078869621478,  1.1426058959646643,  2.69217067413074409E-3,  0.49598948112721197
 44.905606408495743,  907.8947368421052,  35.358745203539954,  2.9037900110637693,  1.6666666569739861,  5.8048612031186462,  0.1662739672630881,  0.96519730165411999,  2.41013472897619362E-3,  0.5
 51.455004505854269,  907.8947368421052,  40.515751579412807,  2.5341840620123586,  1.666666653566399,  5.4228589946796184,  0.13279106667906665,  0.72010723035367752,  2.01210246907197743E-3,  0.51564104196434968
 62.234711131639628,  907.8947368421052,  49.003709552472145,  2.0952367541592269,  1.6666666473699667,  4.9308953162990923,  9.84326608444161116E-2,  0.48536114632858846,  1.57518928560111942E-3,  0.53212660154529567
 79.908840165498063,  907.8947368421052,  62.920346587006343,  1.6318151732169834,  1.6666666347290757,  4.3515572974054137,  6.59230899427360184E-2,  0.28686810310782634,  1.13762949065605748E-3,  0.54977319896457355
 102.55881691442745,  907.8947368421052,  80.754973948368061,  1.2714310532828508,  1.666666611699402,  3.8411000166999454,  4.15082290522533481E-2,  0.1594372593057955,  7.96819736233426805E-4,  0.56585669882107659
 131.56178596285571,  907.8947368421052,  103.59195745106747,  0.99114248529021454,  1.6666665745631208,  3.3913860686896791,  2.63361249326085692E-2,  8.9315967199719612E-2,  5.60390215763388838E-4,  0.57594833857535976
 168.66365492183567,  907.8947368421052,  132.80602749750838,  0.77311553703960489,  1.6666665178284215,  2.9952380975217832,  1.68688727218374301E-2,  5.05262902386934484E-2,  3.96106321800504394E-4,  0.58232412895078089
 216.07203795613754,  907.8947368421052,  170.1354629575886,  0.60348630414408788,  1.6666664378635319,  2.646322748668009,  1.0931738297408471E-2,  2.89289077389173269E-2,  2.81724643961681358E-4,  0.58638697801804696
 276.57026266222482,  907.8947368421052,  217.77186036395653,  0.47147710172127977,  1.6666663347686212,  2.3390491072645161,  7.18570960935342295E-3,  1.68077276468201788E-2,  2.01888516392260227E-4,  0.58900359317111961
 353.65628809406331,  907.8947368421052,  278.46951818430182,  0.36870992099172389,  1.6666662114555597,  2.0684802213173832,  4.8049236395212476E-3,  9.93888951329003657E-3,  1.45993022354605061E-4,  0.59071087763435481
 451.71017380503724,  907.8947368421052,  355.67730220869072,  0.28867320342234359,  1.6666660722243956,  1.8302571430496961,  3.27902966203106857E-3,  6.00146746120419454E-3,  1.06714222794973356E-4,  0.59184256659047441
 576.19278916525889,  907.8947368421052,  453.69510957894397,  0.2263073567394944,  1.6666659215812538,  1.6205338888188749,  2.29193886941381946E-3,  3.7141646089863126E-3,  7.89945626956937877E-5,  0.59260702235070262
 733.87460909922186,  907.8947368421052,  577.85402291277308,  0.1776825522195882,  1.6666657632080213,  1.4359227467144722,  1.64739098558495142E-3,  2.36552618893380497E-3,  5.93426629644444188E-5,  0.59313508201538645
 933.08547710552659,  907.8947368421052,  734.71297409883982,  0.13974792754828957,  1.6666655992742454,  1.2734481592674813,  1.22329264963696007E-3,  1.55779977292562683E-3,  4.53507124736137008E-5,  0.593509530313025
 1242.2675676940737,  907.8947368421052,  978.16343912919183,  0.10496677419052051,  1.6666654029115517,  1.1036576700511727,  9.26292100904821392E-4,  1.02230938187142088E-3,  3.42015733410203917E-5,  0.59378330339532337
 1794.2109930982112,  907.8947368421052,  1412.7645614946543,  7.26764548028598495E-2,  1.6666651476761312,  0.91834352765441374,  7.08215019919639934E-4,  6.50384679730843063E-4,  2.48843057997531286E-5,  0.59403330339532334
 2787.3723384901027,  907.8947368421052,  2194.7813688898445,  4.67813338713860133E-2,  1.6666648005516194,  0.73679112846673456,  5.9705269221922209E-4,  4.39903126854302568E-4,  1.83311036844313049E-5,  0.59428330339532331
