 12.433458631168737,  907.8947368421052,  9.7901249064320748,  10.487544323275626,  1.6666666666666665,  11.0317940927983,  4*Infinity,  Infinity,  Infinity,  2*0.
 12.716258770108746,  907.8947368421052,  10.012802181187988,  10.254309136309036,  1.6666666666666665,  10.908434934025783,  2.4963529865160461,  0.19631190884501856,  5.31338851397685288E-3,  1.49001930098427741E-3,  0.228846118,  1.79963404495982263E-2,  5950.9075047131373,  8.67520950762453412E-3
 12.962279911391342,  907.8947368421052,  10.206519615268773,  10.059684667926566,  1.6666666666666665,  10.804419206883361,  2.9397018429983359,  0.22678894612713127,  5.73838523904889736E-3,  1.5938557110787828E-3,  0.272083282,  2.0990387524268482E-2,  5005.2399860075711,  1.74485235145203435E-2
 13.181312240717421,  907.8947368421052,  10.378986016312929,  9.8925240601764965,  1.6666666666666665,  10.714275272952232,  3.3698605794874736,  0.25565439860336375,  6.11821461272035651E-3,  1.68517645677272406E-3,  0.314520627,  2.38611004562066138E-2,  4329.8977493413176,  2.63062995011304063E-2
 13.379774326084451,  907.8947368421052,  10.535255374869646,  9.7457883300604333,  1.6666666666666665,  10.634516021243464,  3.7854139542388152,  0.28292062456805483,  6.46030335479875865E-3,  1.76615378897609899E-3,  0.355955452,  2.66039962705302072E-2,  3825.8777692817293,  3.52385998725422561E-2
 13.562110116450629,  907.8947368421052,  10.678826863346952,  9.6147610782061985,  1.6666666666666665,  10.562786236955723,  4.185188092385296,  0.30859417821644669,  6.76992864500319813E-3,  1.83831723161362965E-3,  0.396220088,  2.92152251587537506E-2,  3437.0848498756745,  4.4237892817216358E-2
 13.731528335942741,  907.8947368421052,  10.812227036175386,  9.4961351202749178,  1.6666666666666665,  10.497422700400294,  4.5682378399958949,  0.33268241044874652,  7.05103790683989963E-3,  1.90280205053508706E-3,  0.435177088,  3.16918180722645798E-2,  3129.3974611884651,  5.32982981736332198E-2
 13.890424774971734,  907.8947368421052,  10.937342342497427,  9.3875061849043728,  1.6666666666666665,  10.437208531950485,  4.933825241801217,  0.35519613449453963,  7.30670220621491839E-3,  1.96048554296133788E-3,  0.47271502,  3.40317177152501746E-2,  2880.894539788213,  6.24151192954834969E-2
 14.040638156836806,  907.8947368421052,  11.055620595934492,  9.287074207699181,  1.6666666666666665,  10.381227306452674,  5.2813945444412012,  0.37615060531546801,  7.53938644947730729E-3,  2.01206766179562067E-3,  0.508744717,  3.623373173629129E-2,  2676.8673195277825,  7.15845370288776955E-2
 14.183612690278069,  907.8947368421052,  11.168198968722889,  9.1934580655444904,  1.6666666666666667,  10.328772034828337,  5.6105509649506713,  0.39556572788404704,  7.75111989650327949E-3,  2.05812156376210167E-3,  0.543196321,  3.82974594221084791E-2,  2507.0900268982004,  8.08034012512720556E-2
 14.320505439702568,  907.8947368421052,  11.275988535198872,  9.105575849612217,  1.6666666666666665,  10.279286027532486,  5.9210406637653561,  0.41346590107940495,  7.94360876541413963E-3,  2.09912679840774767E-3,  0.576016724,  4.02232119985726569E-2,  2364.2405563140192,  9.00690840136848248E-2
 14.452259598103675,  907.8947368421052,  11.379731967010766,  9.0225647830949409,  1.6666666666666665,  10.232323144971483,  6.2127326630030462,  0.4298796901283406,  8.11831339238661652E-3,  2.13549193433837381E-3,  0.607167363,  4.20119345370360345E-2,  2242.9434465993822,  9.9379373146963601E-2
 14.57965589957325,  907.8947368421052,  11.480044015412007,  8.9437260648800923,  1.6666666666666665,  10.187520295941791,  6.4856057368804079,  0.44483942354798311,  8.27650274732636901E-3,  2.1675704736445916E-3,  0.636622608,  4.36651324979627636E-2,  2139.1670529469093,  0.10873239334033306
 14.703349568845034,  907.8947368421052,  11.577440605389789,  8.8684859103325291,  1.6666666666666665,  10.144577930362537,  6.7397326846965422,  0.45838076390012222,  8.41929395695250986E-3,  2.19567234428867447E-3,  0.664367974,  4.51848038475999025E-2,  2049.8310794724985,  0.11812654640406962
 14.823897438583018,  907.8947368421052,  11.672360187860642,  8.79636742133723,  1.6666666666666665,  10.103245898974164,  6.9752701733668188,  0.47054227816659189,  8.54768159598482714E-3,  2.22007238817304537E-3,  0.690398932,  4.65733768010504964E-2,  1972.5436770037318,  0.12756046525776213
 14.941778222173335,  907.8947368421052,  11.765179702498688,  8.7269698791600359,  1.6666666666666665,  10.063313005893889,  7.1924493803674387,  0.48136502127906461,  8.66255981135143419E-3,  2.24101675348921305E-3,  0.714719832,  4.78336528931514252E-2,  1905.4208967215047,  0.13703297794892777
 15.057407921447187,  907.8947368421052,  11.856226709800934,  8.6599532380513153,  1.6666666666666665,  10.024599157815516,  7.3915633699125358,  0.49089213974441459,  8.76473931159352931E-3,  2.25872779126153143E-3,  0.737342536,  4.89687549613092021E-2,  1846.9599547476423,  0.14654307913965378
 15.171151711763356,  907.8947368421052,  11.945788749419965,  8.5950263344139994,  1.6666666666666665,  9.9869493745516014,  7.5729609100785034,  0.49916849869560825,  8.85496060395912603E-3,  2.27340786261719238E-3,  0.758285701,  4.99820796095724815E-2,  1795.9485225516564,  0.15608990724652991
 15.283333234036967,  907.8947368421052,  12.03412065672202,  8.5319377971550594,  1.6666666666666667,  9.9502291570129078,  7.7370395138263186,  0.50624033369555099,  8.93390444121287645E-3,  2.28524233864669385E-3,  0.777574003,  5.08772537503574471E-2,  1751.3986640589221,  0.16567272592426019
 15.394241949564774,  907.8947368421052,  12.12145035398801,  8.4704689528205463,  1.6666666666666667,  9.9143208605964244,  7.8842365981985436,  0.51215492750624692,  9.00220016117448708E-3,  2.2944019922932898E-3,  0.795237184,  5.16580948617227642E-2,  1712.497964761789,  0.17529090893188956
 15.504139028244792,  907.8947368421052,  12.207983486806922,  8.4104282249046722,  1.6666666666666665,  9.8791208237546275,  8.0150247382729329,  0.51696031141851584,  9.0604324126805965E-3,  2.30104492597377327E-3,  0.811309516,  5.23285746415278197E-2,  1678.5728643868053,  0.1849439276656652
 15.613262113082223,  907.8947368421052,  12.293907175655294,  8.3516466668895522,  1.6666666666666665,  9.8445370710631295,  8.1299033176098749,  0.52070499040287388,  9.10914663062175819E-3,  2.30531814017713096E-3,  0.82582891,  5.28927857799861012E-2,  1649.060790482825,  0.19463134081784358
 15.721829214353637,  907.8947368421052,  12.379393082168217,  8.2939743657148597,  1.6666666666666665,  9.8104874584378745,  8.229397799447586,  0.52343769116870908,  9.14885353035522521E-3,  2.30735882126848011E-3,  0.838836789,  5.33549116072216251E-2,  1623.4887313209592,  0.20435278574807889
 15.830041923086167,  907.8947368421052,  12.464599939437926,  8.2372775207770541,  1.6666666666666667,  9.7768981622774973,  8.3140507210603189,  0.52520713213723524,  9.18003282564213742E-3,  2.3072954074268852E-3,  0.850377142,  5.37191984021739982E-2,  1601.4565828761326,  0.21410797124782557
 15.93808808752571,  907.8947368421052,  12.549675659469061,  8.1814360524242336,  1.6666666666666665,  9.7437024387473592,  8.3844197270835661,  0.52606181430397292,  9.20313632616498629E-3,  2.30524847765314076E-3,  0.860496283,  5.39899301739763457E-2,  1582.6240785647801,  0.22389667144818709
 16.046144062657877,  907.8947368421052,  12.63475910445502,  8.1263416292921669,  1.6666666666666665,  9.7108395971602235,  8.4410714909410842,  0.52604983196556432,  9.21859053523933596E-3,  2.30133149849827716E-3,  0.869242191,  5.41714057473875951E-2,  1566.7004380385733,  0.23371872067450802
 16.154376617991538,  907.8947368421052,  12.719981588969715,  8.0718960297589071,  1.6666666666666665,  9.678254144439645,  8.4845808635573725,  0.52521870230024992,  9.22679884188842142E-3,  2.29565145550756624E-3,  0.8766644,  5.42679180006859774E-2,  1553.4361011391895,  0.24357400909138052
 16.224932198019069,  907.8947368421052,  12.775537163794541,  8.0367946623478872,  1.6666666666666665,  9.657187837075794,  8.5251275303633758,  0.52543377085085119,  9.23874806347549545E-3,  2.29362111970268269E-3,  0.882775366,  5.44085690073884964E-2,  1542.6825362216398,  0.25
 16.333800338798909,  907.8947368421052,  12.861260109290479,  7.983227771938382,  1.6666666666666665,  9.624950457876233,  8.5291797040837576,  0.52217976120841636,  9.2255069138046774E-3,  2.28268832390935176E-3,  0.886153102,  5.42527219743878589E-2,  1536.8022313106339,  0.25991004075043228
 16.443252254950135,  907.8947368421052,  12.947442720433177,  7.930088674929924,  1.6666666666666665,  9.592863490650382,  8.5406513539191486,  0.51940160248430112,  9.21630805908839161E-3,  2.27280995600500062E-3,  0.890313029,  5.41445839389388048E-2,  1529.6216339685657,  0.26985327374875745
 16.553432041639219,  907.8947368421052,  13.034198457983637,  7.877305936194448,  1.6666666666666665,  9.5608850985583302,  8.5410839715878364,  0.5159705876981725,  9.20116663347445539E-3,  2.26151186577229968E-3,  0.893336117,  5.39668223578981046E-2,  1524.4453515431233,  0.27982976565790185
 16.664480202590674,  907.8947368421052,  13.121637954795805,  7.8248134295676657,  1.6666666666666665,  9.5289761109096318,  8.5310444012859712,  0.5119298064219423,  9.18039909636842594E-3,  2.24887685961327197E-3,  0.895273983,  5.37234851324518356E-2,  1521.1456767664879,  0.28983962604357166
 16.77653454830752,  907.8947368421052,  13.209869723076787,  7.7725496949637236,  1.6666666666666667,  9.4970996790122157,  8.5110901655990023,  0.50732111654429024,  9.15430639222922227E-3,  2.23498347442981429E-3,  0.896177828,  5.34185313086085467E-2,  1519.6114549241242,  0.29988300571900506
 16.889731009968596,  907.8947368421052,  13.299000795250862,  7.7204573837815316,  1.6666666666666667,  9.4652209773779017,  8.4817708323906356,  0.50218507537639212,  9.12317476610480411E-3,  2.2199062194007968E-3,  0.896098554,  5.30558215784529622E-2,  1519.7459003873237,  0.30996009538159919
 17.004204385643202,  907.8947368421052,  13.38913731153008,  7.6684827780646323,  1.6666666666666665,  9.4333069427518765,  8.4436225746798428,  0.49656088273306043,  9.08727648084140839E-3,  2.20371579003425608E-3,  0.895086169,  5.26391100964434533E-2,  1521.4647766996513,  0.32007112450904723
 17.120089032901234,  907.8947368421052,  13.480385065276561,  7.6165753715066113,  1.6666666666666665,  9.4013260447723699,  8.3971695363023695,  0.49048633520480728,  9.04687045124232501E-3,  2.18647925881414965E-3,  0.893189907,  5.2172037526295921E-2,  1524.6948754878613,  0.33021636048841224
 17.237519519891471,  907.8947368421052,  13.572850015662574,  7.5646875024868407,  1.6666666666666665,  9.3692480831320371,  8.3429212367166983,  0.48399779086212091,  9.00220280791522859E-3,  2.16826024604016652E-3,  0.890457928,  5.16581252377646266E-2,  1529.3727427256661,  0.34039610795640013
 17.356631245397821,  907.8947368421052,  13.666638775903795,  7.5127740309958551,  1.6666666666666667,  9.3370440069644793,  8.2813722338977929,  0.47713014365902939,  8.95350740148013156E-3,  2.14911907387262775E-3,  0.886937261,  5.11007705761201414E-2,  1535.4436112135327,  0.35061070833316882
 17.477561037176887,  907.8947368421052,  13.761859084391249,  7.4607920526569451,  1.6666666666666665,  9.3046857528634987,  8.2129995581953512,  0.46991680682889569,  8.90100625611660139E-3,  2.12911290611477594E-3,  0.882673502,  5.05032431304066054E-2,  1542.8605062527904,  0.36086053953548675
 17.600447736964615,  907.8947368421052,  13.858620265326467,  7.4087006441396506,  1.6666666666666665,  9.2721460984943924,  8.1382657115780113,  0.46238970459134565,  8.8449099800337605E-3,  2.10829587587018589E-3,  0.877711117,  4.98686819296805875E-2,  1551.583497910548,  0.37114601585805329
 17.725432779866246,  907.8947368421052,  13.95703368493405,  7.3564606351450639,  1.6666666666666665,  9.2393985292024041,  8.0576144328791433,  0.45457927151531025,  8.7854181392912345E-3,  2.08671920288682226E-3,  0.872092962,  4.92000934994360553E-2,  1561.5790783845857,  0.38146758801442171
 17.852660775375011,  907.8947368421052,  14.0572132089567,  7.3040344028637891,  1.6666666666666665,  9.2064171153846424,  7.9714709323934301,  0.44651445890931279,  8.72271960043727486E-3,  2.06443130212820769E-3,  0.865860283,  4.85003507133249731E-2,  1572.8196470803002,  0.39182574333129833
 17.982280096974282,  907.8947368421052,  14.159275666908883,  7.2513856853968495,  1.6666666666666665,  9.1731763986842765,  7.8802443021557282,  0.43822274763629421,  8.65699284662463202E-3,  2.04147788488566245E-3,  0.859052956,  4.77721923781111654E-2,  1585.2830893300263,  0.40222100609210376
 18.114443487145817,  907.8947368421052,  14.263341328461271,  7.1984794111133787,  1.6666666666666665,  9.1396512853022962,  7.7843227868870812,  0.42973016677640297,  8.58840627118671006E-3,  2.01790205355546239E-3,  0.851708949,  4.70182234925596021E-2,  1598.9524373912591,  0.41265393802762468
 18.249308684620697,  907.8947368421052,  14.36953439733913,  7.145281541315887,  1.6666666666666667,  9.1058169449127409,  7.6840778390650781,  0.42106131758714965,  8.51711845208130355E-3,  1.99374439104406951E-3,  0.843864739,  4.62409161236641345E-2,  1613.8156045884318,  0.42312513895340864
 18.387039080861896,  907.8947368421052,  14.477983528237713,  7.0917589239106356,  1.6666666666666665,  9.0716487138195046,  7.5798621359557741,  0.41223940223610683,  8.44327841011869272E-3,  1.96904304562819281E-3,  0.835555077,  4.54426108462635328E-2,  1629.8651853173335,  0.43363524755530269
 18.527804413056668,  907.8947368421052,  14.588822372485565,  7.0378791560485556,  1.6666666666666665,  9.0371220011127615,  7.4720087181825523,  0.40328625680676905,  8.3670258534684766E-3,  1.94383381197969448E-3,  0.826812863,  4.46255186946808366E-2,  1647.0983151946621,  0.44418494232624423
 18.67178150132419,  907.8947368421052,  14.702190158522983,  6.9836104539220498,  1.6666666666666665,  9.0022121966755666,  7.3608344433459223,  0.39422238810324028,  8.28849141057266987E-3,  1.9181502089648441E-3,  0.817669511,  4.37917235775471883E-2,  1665.5165869738096,  0.45477494265911744
 18.819155038416685,  907.8947368421052,  14.818232313713924,  6.9289215280818812,  1.6666666666666667,  8.9668945799595612,  7.2466358809314526,  0.38506701380394315,  8.20779685327066577E-3,  1.89202355474013388E-3,  0.808154464,  4.29431851094294603E-2,  1685.1260190154715,  0.46540601010222238
 18.970118440921389,  907.8947368421052,  14.93710113458377,  6.8737814627826106,  1.6666666666666665,  8.9311442284958833,  7.1296932933281685,  0.37583810553853025,  8.12505531165543145E-3,  1.8654830395903987E-3,  0.798295617,  4.20817418152731049E-2,  1705.9370741427069,  0.47607894978569881
 19.1248747718723,  907.8947368421052,  15.058956513285274,  6.8181595979794407,  1.6666666666666665,  8.8949359251349964,  7.0102692275417811,  0.36655243448546931,  8.04037148192229476E-3,  1.83855579688730415E-3,  0.788119137,  4.12091146659840854E-2,  1727.96472766278,  0.48679461202913765
 19.28363774577597,  907.8947368421052,  15.183966728957454,  6.7620254126966097,  1.6666666666660643,  8.8582440630170787,  6.8886092598382733,  0.35722561911068407,  7.95384182824126172E-3,  1.81126697248705179E-3,  0.777649522,  4.03269109057506139E-2,  1751.2285842355034,  0.4975538941426339
 19.320545024050382,  907.8947368421052,  15.213027577992426,  6.749108181144857,  1.6666666666666665,  8.8497792407350602,  6.7863439734895277,  0.35125014064024063,  7.89080856212890334E-3,  1.79519578711511839E-3,  0.766837656,  3.96902714842258461E-2,  1775.9196577122013,  0.5
 19.484541408616064,  907.8947368421052,  15.342158589461466,  6.6923026696607133,  1.6666666666666665,  8.812457382323247,  6.7363874428076462,  0.34572984620880604,  7.84511644172731885E-3,  1.77727364041018062E-3,  0.764416456,  3.92319453257498202E-2,  1781.5447086143527,  0.51081418218428565
 19.653064833520489,  907.8947368421052,  15.474854199622431,  6.6349167211614946,  1.6666666666666665,  8.7745929855865779,  6.6105442919416699,  0.336362014915909,  7.75477952157640343E-3,  1.74925978258832766E-3,  0.753373325,  3.83336315961809102E-2,  1807.6589921456412,  0.52167416378169673
 19.826371488505355,  907.8947368421052,  15.611316132681381,  6.5769194611124586,  1.6666666666666665,  8.7361584907262628,  6.4831480008441638,  0.3269961962051095,  7.66285434462066206E-3,  1.72095276698017814E-3,  0.742105126,  3.74302041969851382E-2,  1835.1067040962691,  0.53258100870968428
 20.004733690519519,  907.8947368421052,  15.751758811432691,  6.5182796483710508,  1.6666666666666661,  8.6971254976118058,  6.3543775229493491,  0.31764369667289916,  7.56940468659423379E-3,  1.69237007578776529E-3,  0.730629623,  3.65228369718388901E-2,  1863.9294855867531,  0.5435358380092663
 20.18844156245693,  907.8947368421052,  15.896410679099944,  6.4589655463295186,  1.6666666666666659,  8.6574646415877847,  6.2243980169153321,  0.30831494147725858,  7.47448707240957154E-3,  1.66352754943554452E-3,  0.718963146,  3.56126134198930314E-2,  1894.1750728304503,  0.5545398329529152
 20.377804904669304,  907.8947368421052,  16.045515672967955,  6.3989447880187402,  1.6666666666666654,  8.6171454598880359,  6.0933615587776346,  0.29901952814740568,  7.37815095096946462E-3,  1.63443945032714635E-3,  0.707120657,  3.47005315785038279E-2,  1925.8977672429003,  0.56559423848178925
 20.573155287758368,  907.8947368421052,  16.199334872250681,  6.338184233878132,  1.6666666666666645,  8.5761362471567075,  5.9614068260660007,  0.28976628039203411,  7.28043886529468505E-3,  1.60511852593058879E-3,  0.695115685,  3.37875089715490365E-2,  1959.1589806918259,  0.57670036700723759
 20.774848399828542,  907.8947368421052,  16.358148346321684,  6.2766498208031782,  1.6666666666666632,  8.5344038984019601,  5.828659823785304,  0.28056330168442628,  7.18138661730930317E-3,  1.57557607115149483E-3,  0.682960391,  3.28743875992277418E-2,  1994.0278647956657,  0.58785960261659831
 20.983266686987072,  907.8947368421052,  16.522257233848087,  6.2143064009601501,  1.6666666666666607,  8.4919137374968034,  5.6952366312994185,  0.2714180284193905,  7.08102342640053086E-3,  1.54582198991797069E-3,  0.67066586,  3.19619389468029994E-2,  2030.5820351074424,  0.59907340572918832
 21.198822332622992,  907.8947368421052,  16.691986088679521,  6.1511175687024267,  1.6666666666666576,  8.4486293290855929,  5.5612415517782905,  0.26233728245331411,  6.97937208063064297E-3,  1.51586485586558306E-3,  0.658241868,  3.10508689912789952E-2,  2068.9084033139593,  0.61034331825519694
 21.42196062913888,  907.8947368421052,  16.867685534755022,  6.0870454737289803,  1.6666666666666521,  8.4045122714452116,  5.4267678393738965,  0.25332732285491488,  6.87644907922182851E-3,  1.48571197197616949E-3,  0.645696938,  3.01418231865290091E-2,  2109.104133329251,  0.6216709693181367
 21.653163805677188,  907.8947368421052,  17.049735280060776,  6.0220506183865083,  1.6666666666666439,  8.3595219674764127,  5.2919009157939616,  0.24439389671068321,  6.77226476465721001E-3,  1.45536942899003444E-3,  0.6330387,  2.92353914089254173E-2,  2151.2777404803487,  0.63305808161079846
 21.892955387393048,  907.8947368421052,  17.238547549128384,  5.9560916367232259,  1.666666666666631,  8.3136153705487743,  5.1567170435603389,  0.23554228884577755,  6.66682344243894626E-3,  1.42484216237741767E-3,  0.620273709,  2.83321128471005525E-2,  2195.5503570166279,  0.64450647846558784
 22.14190517650465,  907.8947368421052,  17.434571005121771,  5.889125052544224,  1.6666666666666115,  8.2667467013761904,  5.0212830465303488,  0.22677737033845863,  6.56012348621191205E-3,  1.39413400762194257E-3,  0.607407391,  2.74324808211078124E-2,  2242.0571921050941,  0.65601809173302761
 22.400634963379911,  907.8947368421052,  17.638295246755835,  5.8211050132815485,  1.6666666666665821,  8.2188671314361059,  4.8856599821132098,  0.21810364572432461,  6.4521574255937816E-3,  1.36324775353623357E-3,  0.594444454,  2.65369475179987185E-2,  2290.9492205370393,  0.66759497057752737
 22.669825098164559,  907.8947368421052,  17.850255982806736,  5.7519829959601614,  1.6666666666665388,  8.1699244276385308,  4.7499018395446626,  0.20952529880588305,  6.34291201364138926E-3,  1.33218519329798618E-3,  0.581388712,  2.56459286327138172E-2,  2342.3951418697993,  0.6792392913177846
 22.950222081054019,  907.8947368421052,  18.071041008703951,  5.6817074808917711,  1.6666666666664753,  8.1198625519649834,  4.6140557571692824,  0.20104623700369698,  6.23236827042029148E-3,  1.30094717286361903E-3,  0.568243086,  2.47598079052513478E-2,  2396.5836610534247,  0.69095336846104927
 23.242647363731535,  907.8947368421052,  18.301297136796482,  5.6102235879357396,  1.6666666666663832,  8.0686212085893345,  4.4781641814830158,  0.19267013420781059,  6.12050149861782886E-3,  1.2695336363863401E-3,  0.555009842,  2.3878941547374459E-2,  2453.7261532601342,  0.70273966710681146
 23.548007597676392,  907.8947368421052,  18.54173826588692,  5.537472669194508,  1.666666666666252,  8.0161353295047046,  4.3422636267097321,  0.18440047211274838,  6.00728126653475754E-3,  1.23794366823599088E-3,  0.541690409,  2.30036625547016538E-2,  2514.0597903210978,  0.71460081692731869
 23.867306619546174,  907.8947368421052,  18.793154818540291,  5.4633918508166976,  1.6666666666660668,  7.962334487840395,  4.2063877814165016,  0.17624058004654472,  5.89267135308777119E-3,  1.20617553118955922E-3,  0.528285742,  2.21342849029626774E-2,  2577.8512247785266,  0.72653962797105809
 24.201659533070483,  907.8947368421052,  19.056424829189353,  5.3879135151090463,  1.6666666666656367,  7.9071422257639572,  4.0705658076332991,  0.16819367333446872,  5.77662964863161644E-3,  1.1742267003339202E-3,  0.514796078,  2.1271107630572373E-2,  2645.4009512818679,  0.73855910858269935
 24.533120501927414,  907.8947368421052,  19.317417718053079,  5.3151187382012868,  1.6666666666654786,  7.8535448460497008,  3.9363129270934238,  0.16044892134867003,  5.66128487772056283E-3,  1.14297995300681877E-3,  0.501214802,  2.04301273493555126E-2,  2717.0829155850593,  0.75
 24.900474122755011,  907.8947368421052,  19.606672537602368,  5.236705447601123,  1.6666666666650103,  7.7953984035680328,  3.8064351587132217,  0.15286596701131891,  5.54645786935520444E-3,  1.11150625294567824E-3,  0.488292575,  1.96097696483800744E-2,  2788.9880209798444,  0.76218597803616606
 25.286988769401319,  907.8947368421052,  19.911014779056156,  5.1566617787425795,  1.6666666666643875,  7.7355921889342971,  3.6709145058145611,  0.14517009626301877,  5.42589358198434114E-3,  1.0790031532532439E-3,  0.474548608,  1.87665136317143807E-2,  2869.7630747671847,  0.77446285216696054
 25.694414217031259,  907.8947368421052,  20.231822218134848,  5.0748947761755892,  1.6666666666635725,  7.6740171159947206,  3.5355381943861426,  0.13759948548860806,  5.30367002025174204E-3,  1.04630219184207829E-3,  0.460715443,  1.79305679683478478E-2,  2955.9289432899077,  0.78683464254351421
 26.124731840402031,  907.8947368421052,  20.570654992442542,  4.9913028498747272,  1.6666666666625229,  7.6105528011903134,  3.4003248572637363,  0.13015730762627936,  5.17971242846221574E-3,  1.01339726590596248E-3,  0.446790785,  1.71022146519924749E-2,  3048.0533432034545,  0.79930570216631991
 26.580195706703336,  907.8947368421052,  20.92928795803412,  4.9057745821907801,  1.6666666666611936,  7.5450658923845424,  3.2652926615097275,  0.12284682641320285,  5.05393817300325496E-3,  9.80281569779655046E-4,  0.432771921,  1.62817433492788675E-2,  3146.7894002419716,  0.81188075781602698
 27.063382890792603,  907.8947368421052,  21.309750307710708,  4.81818732766222,  1.666666666659538,  7.4774080820508262,  3.1304601349379442,  0.11567142910241207,  4.92625605283053807E-3,  9.46947584362646663E-4,  0.418655783,  1.54694551685731867E-2,  3252.8920970628915,  0.82456495784357053
 27.577255558220106,  907.8947368421052,  21.71437445529142,  4.7284055591896745,  1.6666666666575107,  7.4074137294700799,  2.9958456936396822,  0.10863465971279868,  4.7965654565222714E-3,  9.13387057793903332E-4,  0.404438823,  1.46656665443973128E-2,  3367.2387269300598,  0.83736392828223549
 28.125238205369008,  907.8947368421052,  22.145856854621265,  4.6362789014354373,  1.6666666666550705,  7.3348969947654146,  2.8614688091040983,  0.10174025340604562,  4.66475533660014926E-3,  8.79590976772301578E-4,  0.390117109,  1.38707133145363933E-2,  3490.8545389566625,  0.85028383913037031
 28.711314620595392,  907.8947368421052,  22.607334346925505,  4.5416397755855007,  1.6666666666521823,  7.2596483582601667,  2.7273501266741098,  9.49921727142935129E-2,  4.53070296472642998E-3,  8.45549527955506697E-4,  0.375686258,  1.30849550868685806E-2,  3624.9451789157456,  0.86333148316249542
 29.340150786681274,  907.8947368421052,  23.102480934394702,  4.4443005572563115,  1.6666666666488208,  7.1814303587475994,  2.5935123383991856,  8.83946465028182943E-2,  4.39427242213392705E-3,  8.11252048956490057E-4,  0.361141473,  1.23087800183352084E-2,  3770.9381214373848,  0.87651437030483359
 30.017252314497551,  907.8947368421052,  23.635631743698855,  4.3440501191171146,  1.6666666666449701,  7.0999723293407904,  2.4599803002165541,  8.19522127535819711E-2,  4.25531276746552497E-3,  7.76686968627787527E-4,  0.346477449,  1.15426101612977651E-2,  3930.5361385115516,  0.88984084152563014
 30.749168440550996,  907.8947368421052,  24.211943653977158,  4.2406495884836319,  1.6666666666406247,  7.0149638329679389,  2.3267823675210813,  7.56697665131818298E-2,  4.11365580802624652E-3,  7.41841736640562271E-4,  0.331688434,  1.07869075757111854E-2,  4105.7870860236344,  0.90332020743872099
 31.543759708400895,  907.8947368421052,  24.837606069607002,  4.1338270929171506,  1.6666666666357863,  6.9260463911888417,  2.1939510365376713,  6.95526146839372805E-2,  3.96911337878531108E-3,  7.06702742934637988E-4,  0.316768169,  1.0042181463355563E-2,  4299.1761214384123,  0.91696291854583067
 32.410554111699653,  907.8947368421052,  25.520121347795001,  4.0232711865159967,  1.6666666666304595,  6.8328029442347002,  2.0615232090278237,  6.36065397806739874E-2,  3.82147400418029895E-3,  6.71255228620045363E-4,  0.301709741,  9.30899665917383698E-3,  4513.7492265672508,  0.93078077646860691
 33.361228240313267,  907.8947368421052,  26.268683653789971,  3.9086225350886741,  1.6666666666246437,  6.7347442524618684,  1.9295426106999891,  5.783787537354039E-2,  3.67049877782484437E-3,  6.35483191669823731E-4,  0.286505699,  8.58798392417023208E-3,  4753.2811537031203,  0.9447871989837997
 34.410268452209294,  907.8947368421052,  27.094699568668734,  3.7894632726065778,  1.6666666666183221,  6.631291110281258,  1.7980603085474451,  5.22535967558947906E-2,  3.51591624021284615E-3,  5.99369293822145529E-4,  0.271147847,  7.87985263908562092E-3,  5022.5075806717323,  0.95899755670674069
 35.575896860501075,  907.8947368421052,  28.012517212992972,  3.665303197091645,  1.6666666666114462,  6.5217507281155038,  1.667137363682935,  4.68614315160380129E-2,  3.35741595808016239E-3,  5.62894780521150081E-4,  0.255627275,  7.18540672123770072E-3,  5327.451986121232,  0.9734296067266266
 36.881396219403001,  907.8947368421052,  29.040469464096848,  3.5355616075114398,  1.6666666666027832,  6.4052848363882315,  1.5368475996030015,  4.16699963038825519E-2,  3.1946404019993521E-3,  5.26039435328421161E-4,  0.23993431,  6.50556491526443122E-3,  5675.8954737432368,  0.98810405979755178
 38.056452030043445,  907.8947368421052,  29.965710259876726,  3.4263953035721508,  1.6666666665972585,  6.305622621436588,  1.4126248823341785,  3.7119195998002355E-2,  3.03888849566971188E-3,  4.92607042698621381E-4,  0.224026233,  5.88668212902750902E-3,  6078.9402587809082,  1.
 39.698048980854281,  907.8947368421052,  31.258306284137227,  3.2847067263167471,  1.6666666665880423,  6.1738708796277111,  1.3033729395612053,  3.28321658753290418E-2,  2.88835431944631845E-3,  4.58422458786618176E-4,  0.211111143,  5.31792234004557687E-3,  6450.8300961487284,  1.0151774266786397
 41.592712031930503,  907.8947368421052,  32.750166954275983,  3.1350792516748824,  1.6666666665773744,  6.0316134975513522,  1.1754130286688791,  2.82600723710055464E-2,  2.71112383441355666E-3,  4.20378731561592126E-4,  0.194875389,  4.68532547426625708E-3,  6988.2712378111837,  1.0306787429299722
 43.811983785063376,  907.8947368421052,  34.497625027608954,  2.9762735500781292,  1.6666666665646186,  5.8768643291932703,  1.048567252657665,  2.39333430278317258E-2,  2.52759986023885601E-3,  3.81866766290964296E-4,  0.178422913,  4.07246818834034689E-3,  7632.6638977869316,  1.0465456622938958
 46.458684564086582,  907.8947368421052,  36.581641389044549,  2.8067184799584859,  1.6666666665487768,  5.707010473032736,  0.92305683491935853,  1.98683379355150021E-2,  2.33698490241892936E-3,  3.42864445852549449E-4,  0.161740869,  3.48139153229148728E-3,  8419.9008990343809,  1.0628303882360273
 49.686550248285023,  907.8947368421052,  39.123267912035445,  2.6243812032635518,  1.6666666665282401,  5.5185210276840495,  0.79917678148934146,  1.60843683804769363E-2,  2.13830734208436029E-3,  3.03354683803717733E-4,  0.144817203,  2.91461576385929674E-3,  9403.8697132987345,  1.0795997853577297
 53.736952371242552,  907.8947368421052,  42.312560922238227,  2.4265694793028918,  1.6666666665002874,  5.306468711804075,  0.67733107700250383,  1.26045674304872003E-2,  1.93037036401537496E-3,  2.6333229571517692E-4,  0.127642527,  2.375321162725172E-3,  10669.188477317033,  1.0969419544859977
 59.01298425352747,  907.8947368421052,  46.466916735060998,  2.2096230210361449,  1.6666666664599745,  5.0637042848699068,  0.558091908637951,  9.45710347369734319E-3,  1.71168709010694853E-3,  2.22818161520085562E-4,  0.110214159,  1.86762554479231557E-3,  12356.326486598648,  1.114977135733201
 66.080260422149379,  907.8947368421052,  52.031701119802655,  1.9733040961328654,  1.6666666663989091,  4.7852678403834616,  0.44283080555272053,  6.701408122532144E-3,  1.48220877738319845E-3,  1.82336455362261282E-4,  9.254044294E-2,  1.40042487611208299E-3,  14716.183521811525,  1.1334478970980706
 73.994235972363157,  907.8947368421052,  58.263177930994608,  1.7622514358566295,  1.6666666663210019,  4.522131414021934,  0.33904056436996433,  4.58198623511900816E-3,  1.26076682657558291E-3,  1.46566874920067892E-4,  7.497362047E-2,  1.01323597560908562E-3,  18164.283276076843,  1.1484130169506512
 82.856380938745417,  907.8947368421052,  65.241244833657802,  1.5737647135809767,  1.6666666662221248,  4.2734550871793271,  0.25984724709648244,  3.13611632987959498E-3,  1.07296605452207464E-3,  1.17875351938983401E-4,  6.080495566E-2,  7.33859667623083236E-4,  22396.893145121772,  1.1605505014685271
 92.780324524292936,  907.8947368421052,  73.055373641175535,  1.4054321249854091,  1.6666666660974045,  4.0384450723649898,  0.1993825696641591,  2.14897465234655709E-3,  9.13667188303071438E-4,  9.48549687174162572E-5,  4.937112331E-2,  5.32129226432211198E-4,  27583.778583668929,  1.1704060335522368
 103.89331207833055,  907.8947368421052,  81.805757541992548,  1.2550995448150661,  1.6666666659411993,  3.816351149689448,  0.15318432305205032,  1.47443870475690562E-3,  7.78518020735908286E-4,  7.63791593381761661E-5,  4.013894871E-2,  3.86347756515248008E-4,  33928.196260704717,  1.1784189326953314
 116.33783653300225,  907.8947368421052,  91.604595695277354,  1.1208429917705289,  1.6666666657471971,  3.6064642567801357,  0.1178584363714629,  1.01307053772805547E-3,  6.6383248196777195E-4,  6.15457413615404974E-5,  3.267977387E-2,  2.80904083777757578E-4,  41672.324079679791,  1.1849430010010695
 130.27346517080255,  907.8947368421052,  102.57753163055318,  1.0009440422481701,  1.6666666655086824,  3.4081142196032901,  9.08224617195564216E-2,  6.97167759554750423E-4,  5.66488436786475127E-4,  4.9632147504358183E-5,  2.664889023E-2,  2.04561148668280806E-4,  51103.146291228688,  1.1902632682627592
 145.87888508391359,  907.8947368421052,  114.86526384560123,  0.89386787426937275,  1.6666666652189517,  3.2206676136139167,  7.01108459578120985E-2,  4.80609950376248516E-4,  4.83841257907898696E-4,  4.0059606674573429E-5,  2.17690412E-2,  1.49226808859345548E-4,  62558.66482291495,  1.1946094464771158
 163.35419346668917,  907.8947368421052,  128.62534918636942,  0.79824365842923861,  1.6666666648717587,  3.0435257461323522,  5.42270365529636325E-2,  3.31959863587867555E-4,  4.13650707465834178E-4,  3.23644795505782741E-5,  1.781717688E-2,  1.09070824851642905E-4,  76434.226232328816,  1.1981667428307521
 182.92346197306003,  907.8947368421052,  144.0342220260315,  0.71284704392992193,  1.6666666644616734,  2.8761227520947457,  4.2031138208405476E-2,  2.29774459004327818E-4,  3.54019056281395573E-4,  2.61753160348444049E-5,  1.461381931E-2,  7.98903519806231646E-5,  93188.648272377512,  1.2010845514310284
 204.83760771162937,  907.8947368421052,  161.28945489104674,  0.63658451555704854,  1.6666666639843291,  2.7179237968829622,  3.26545482485539051E-2,  1.59416758189694926E-4,  3.03338700142833414E-4,  2.11944901562622554E-5,  1.201451942E-2,  5.86538733619100229E-5,  113349.6979052664,  1.2034834411015469
 229.37760677607619,  907.8947368421052,  180.61228880005999,  0.5684794224964127,  1.6666666634365952,  2.5684233825759137,  2.54350649841335597E-2,  1.10887304518388855E-4,  2.60247807087482909E-4,  1.71834977403027412E-5,  9.902987629E-3,  4.31732966109264142E-5,  137518.31134702405,  1.2054607741456924
 256.8580891188127,  907.8947368421052,  202.25046387308086,  0.50765950203432197,  1.6666666628167051,  2.4271437570338237,  1.98675938622879106E-2,  7.73485229184406504E-5,  2.2359275924693588E-4,  1.39511854500540313E-5,  8.185585961E-3,  3.18681259378583885E-5,  166370.75517969317,  1.2070952249550744
 287.63135628024321,  907.8947368421052,  226.48138289782929,  0.45334573916078441,  1.6666666621243145,  2.2936334247109222,  1.5566641710157432E-2,  5.4120113114953341E-5,  1.923963446106381E-4,  1.13443260959555974E-5,  6.786891725E-3,  2.35957989327672808E-5,  200657.70677698255,  1.2084504144421588
 322.09186763342996,  907.8947368421052,  253.61564380585034,  0.40484241654680292,  1.6666666613604728,  2.167465749942393,  1.22378046489943597E-2,  3.79947651178824444E-5,  1.65830814378615707E-4,  9.24007196559144976E-6,  5.646135192E-3,  1.75295803953959904E-5,  241198.9877225142,  1.2095778338756655
 360.68124864118658,  907.8947368421052,  284.00098318203663,  0.36152822132681683,  1.6666666605274822,  2.0482376314356481,  9.65608376816945967E-3,  2.67717924034216417E-5,  1.43195057187855756E-4,  7.53991144170627122E-6,  4.714337643E-3,  1.30706476594987618E-5,  288872.42640041024,  1.2105191976301848
 403.89388626164879,  907.8947368421052,  318.02668209578644,  0.32284829007393961,  1.6666666596286577,  1.9355682228089974,  7.64937879662541502E-3,  1.8939081465630902E-5,  1.23895258993916E-4,  6.16482919279103459E-6,  3.952006809E-3,  9.78476565302643815E-6,  344595.06543466524,  1.2113083369198936
 452.28318850219114,  907.8947368421052,  356.12849488361502,  0.28830709198934984,  1.6666666586680108,  1.8290976863517954,  6.08593855397178331E-3,  1.34560357212201302E-5,  1.07428519134513252E-4,  5.05143031901488915E-6,  3.327290062E-3,  7.35665231093190165E-6,  409294.66758926766,  1.2119727244977003
 506.46859267235686,  907.8947368421052,  398.79416745854866,  0.25746206777287872,  1.6666666576498947,  1.7284859885488508,  4.86479586315182507E-3,  9.60532616442830285E-6,  9.33689769971573884E-5,  4.14883669871359383E-6,  2.814483829E-3,  5.55707493613670968E-6,  483869.21413964668,  1.2125347025967148
 567.14340966244117,  907.8947368421052,  446.56961390743396,  0.22991795236297441,  1.6666666565786343,  1.6334117591182737,  3.90849468812918925E-3,  6.89154586154559449E-6,  8.13560698355674081E-5,  3.4162017869299252E-6,  2.392841037E-3,  4.21911120883915721E-6,  569131.86435625958,  1.2130124722548452
 635.08359415536029,  907.8947368421052,  500.06582216957497,  0.20532171351064299,  1.6666666554581804,  1.5435712309629686,  3.15754544644881443E-3,  4.9718581573050076E-6,  7.10845963206159596E-5,  2.82072049771803414E-6,  2.045610454E-3,  3.22100986178867602E-6,  665738.71954351605,  1.2134208908684199
 711.15753760668156,  907.8947368421052,  559.96656504463112,  0.18335803984518176,  1.6666666542917854,  1.4586772636203169,  2.56620116713546361E-3,  3.60848488096560279E-6,  6.2296308527614997E-5,  2.33603531435840605E-6,  1.759265899E-3,  2.47380621537189122E-6,  774096.79922700697,  1.2137721157504071
 796.33699216506432,  907.8947368421052,  627.03700170477498,  0.16374531605921178,  1.6666666530817209,  1.3784584407119573,  2.09923712606626019E-3,  2.63611647838325605E-6,  5.47727989007640211E-5,  1.94095956839694717E-6,  1.522887498E-3,  1.91236558210759942E-6,  894250.01698453922,  1.2140761241563309
 891.70924644568572,  907.8947368421052,  702.13326491786268,  0.14623202952090758,  1.6666666517912931,  1.3026582283866315,  1.7294944176833426E-3,  1.93952735323558383E-6,  4.83294870452651525E-5,  1.6184547094286482E-6,  1.327665523E-3,  1.48889962921258926E-6,  1025741.851047863,  1.2143411343592283
 1006.3573869646626,  907.8947368421052,  792.40739131075793,  0.12957270943041757,  1.6666666503119933,  1.2262132439817455,  1.43058449371952657E-3,  1.42154719370737019E-6,  4.26458833815168172E-5,  1.34431484834632134E-6,  1.166668604E-3,  1.15929851572254967E-6,  1167291.3023423734,  1.2145911343592284
 1153.4960802772596,  907.8947368421052,  908.26463013957436,  0.11304455735231499,  1.666666648545597,  1.1453390289659255,  1.17503465715301401E-3,  1.01867241388145835E-6,  3.73533638295358344E-5,  1.09982011008683394E-6,  1.025927369E-3,  8.89406881385305954E-7,  1327425.5144440918,  1.2148411343592285
 1345.900572541964,  907.8947368421052,  1059.7642303480031,  9.68841659528700272E-2,  1.6666666464199587,  1.0603167753378699,  9.53515636132594565E-4,  7.08459184828369248E-7,  3.23756932801123963E-5,  8.82495679912112411E-7,  8.992743096E-4,  6.6815804607318288E-7,  1514379.0404455834,  1.2150911343592286
 1601.4792710224067,  907.8947368421052,  1261.007300017643,  8.14225057677573222E-2,  1.6666666438447448,  0.97203400937824957,  7.67822865866857199E-4,  4.79446031524231997E-7,  2.78168923687130652E-5,  6.95101057562245905E-7,  7.899135817E-4,  4.93239976069257285E-7,  1724039.3841970081,  1.2153411343592286
 1943.4807760450942,  907.8947368421052,  1530.2998236575543,  6.70942865537846322E-2,  1.6666666407159085,  0.88237256429012823,  6.1977858598071076E-4,  3.18901321118576464E-7,  2.38112194594524447E-5,  5.40121559832325265E-7,  7.024001097E-4,  3.614134596026721E-7,  1938841.0352733592,  1.2155911343592287
 2396.4641140219837,  907.8947368421052,  1886.9796173401446,  5.44120216304811166E-2,  1.6666666369356606,  0.79461480999792544,  5.11382602581771377E-4,  2.13390467497913396E-7,  2.05252595234042393E-5,  4.19279078392388883E-7,  6.435603718E-4,  2.68545797049101712E-7,  2116106.3340619816,  1.2158411343592288
