  0.00000000000000000D+00
  0.14297707132714577D-01
  0.24924301761143436D-01
  0.36541421180762070D-01
  0.47644585599067833D-01
  0.58968597370359310D-01
  0.70336831060088312D-01
  0.82169937139733973D-01
  0.94365500972476327D-01
  0.10553079151267042D+00
  0.11586281437772546D+00
  0.12705828292647864D+00
  0.13906211118466405D+00
  0.14973428977541553D+00
  0.16026509278885315D+00
  0.17235494406218349D+00
  0.18351584780885891D+00
  0.19406493147910006D+00
  0.20661363349074452D+00
  0.21831396890260066D+00
  0.22866577516239200D+00
  0.24101939186383606D+00
  0.25211323148061832D+00
  0.26224483658880543D+00
  0.27459600155683073D+00
  0.28527788661020381D+00
  0.29641855649081039D+00
  0.30919671352742478D+00
  0.31960270727588186D+00
  0.33089409374202139D+00
  0.34343569103913257D+00
  0.35328989586160847D+00
  0.36464084728688961D+00
  0.37742703611886402D+00
  0.38721675488505536D+00
  0.39907723333101047D+00
  0.41195353164779175D+00
  0.42146522127119851D+00
  0.43337465866602820D+00
  0.44582391650083369D+00
  0.45527474857517158D+00
  0.46732528777310889D+00
  0.47922189737376997D+00
  0.48945631546172513D+00
  0.50193479817432429D+00
  0.51355267751109113D+00
  0.52368677758077831D+00
  0.53604150172221254D+00
  0.54705886690809158D+00
  0.55766713462948214D+00
  0.57026173842631978D+00
