  0.35616474828002924D+04
  0.70595364356501595D+04
  0.10556285386896414D+05
  0.14056530235847329D+05
  0.17554565029440073D+05
  0.21052933528283353D+05
  0.24550184203834779D+05
  0.28048259425365526D+05
  0.31544964954697512D+05
  0.35041852283230903D+05
  0.38538813060117856D+05
  0.42036416221643245D+05
  0.45534521090854309D+05
  0.49034940928078584D+05
  0.52533484348958722D+05
  0.56032309642778127D+05
  0.59531368517487812D+05
  0.63028232761894862D+05
  0.66524578730443362D+05
  0.70022892111445311D+05
  0.73518901678987357D+05
  0.77017237965048625D+05
  0.80514637074167316D+05
  0.84012572030465075D+05
  0.87509287908775717D+05
  0.91007513542759072D+05
  0.94504626816366886D+05
  0.98002855534041650D+05
  0.10150101731618532D+06
  0.10499811142091424D+06
  0.10849552198277377D+06
  0.11199495832097571D+06
  0.11549341259756610D+06
  0.11899100755363025D+06
  0.12248973725021190D+06
  0.12598874476767876D+06
  0.12948940904744466D+06
  0.13298744902137600D+06
  0.13648633699372102D+06
  0.13998530023689431D+06
  0.14348268708895970D+06
  0.14697908793446925D+06
  0.15047675943154938D+06
  0.15397349058707798D+06
  0.15747033138176682D+06
  0.16096840787407939D+06
  0.16446559717555135D+06
  0.16796303045941956D+06
  0.17146112755407105D+06
  0.17495831114880872D+06
  0.17845424158909649D+06
  0.18195443900272707D+06
  0.18545090586186506D+06
  0.18894867197806158D+06
  0.19244654126195493D+06
  0.19594389878303668D+06
  0.19944162045971723D+06
  0.20293866143102007D+06
  0.20643694134708436D+06
  0.20993269680556140D+06
  0.21343261506782763D+06
  0.21692843404588645D+06
  0.22042443376648257D+06
  0.22392149870050882D+06
  0.22742154962972421D+06
  0.23092152727434409D+06
  0.23441980899679413D+06
  0.23791827766824374D+06
  0.24141698857254421D+06
