 13.150070193784385,  907.8947368421052,  10.354385979357783,  9.9160268017147324,  1.6666666666666665,  10.726995254851312,  0.20066512583572205,  2.1525338526539319,  4.89273154787610905E-3,  0.
 13.769911065269646,  907.8947368421052,  10.842449657692633,  9.4696652627540097,  1.6666666666666665,  10.48278205013178,  0.24284612957879392,  2.5457030480925571,  5.25992434747716252E-3,  8.67460073480994659E-3
 14.351336578016541,  907.8947368421052,  11.300265022060268,  9.0860142382653084,  1.6666666666666665,  10.268238537897462,  0.27112114497629936,  2.7839365892845218,  5.44396083789244669E-3,  1.75962720970038455E-2
 14.927639288923219,  907.8947368421052,  11.754046684191509,  8.7352357571203072,  1.6666666666666665,  10.068077685437027,  0.28684923695794173,  2.8880204017008912,  5.49048558601981321E-3,  2.67257673310070804E-2
 15.522260251920079,  907.8947368421052,  12.222252166866202,  8.4006096000011468,  1.6666666666666667,  9.8733525260059203,  0.29206011833061346,  2.8836125070651506,  5.43298017700957325E-3,  3.60459972536282397E-2
 16.155262255626738,  907.8947368421052,  12.720678941438376,  8.0714535253415711,  1.6666666666666665,  9.6779888580130571,  0.28894156225112089,  2.7963732200832339,  5.2969695263963253E-3,  4.55515051810446714E-2
 16.846683030744114,  907.8947368421052,  13.265104748617411,  7.7401853081719949,  1.6666666666666665,  9.4773064031744489,  0.27954972501078157,  2.6493783988503368,  5.10213334440751294E-3,  5.52444680473984026E-2
 17.618966680240781,  907.8947368421052,  13.873202110425812,  7.400913507160003,  1.6666666666666665,  9.267271933771255,  0.26565169022866558,  2.4618664530150083,  4.86346222484982781E-3,  6.51330802513982315E-2
 18.499514451250011,  907.8947368421052,  14.566546812007882,  7.0486416727107759,  1.6666666666666665,  9.04402926808703,  0.24865604351591231,  2.2488525352446329,  4.59196762036638388E-3,  7.52310647561647283E-2
 19.524124674315463,  907.8947368421052,  15.373326515209024,  6.6787346762611213,  1.6666666666666665,  8.8035196493921024,  0.22960364658227123,  2.0213202142591045,  4.29519689400167937E-3,  8.55578898817548339E-2
 20.742456038978158,  907.8947368421052,  16.332642550376502,  6.2864517220605229,  1.6666666666666567,  8.5410651550384245,  0.20919805851342069,  1.7867742480706668,  3.97766503788497122E-3,  9.61395976267505337E-2
 22.227577061987212,  907.8947368421052,  17.502029182667094,  5.8664265620662626,  1.6666666666638701,  8.2508000346517374,  0.18786112756920334,  1.5500045978576973,  3.64126152678326482E-3,  0.10701036554527384
 24.094042771259652,  907.8947368421052,  18.97168722146429,  5.4119787953197012,  1.6666666663749505,  7.9247812941428775,  0.16580136449564639,  1.3139395518984636,  3.28563021837541833E-3,  0.11821514244671667
 26.53518473146865,  907.8947368421052,  20.893846245250902,  4.9140962346099961,  1.6666666568245625,  7.5514624126747272,  0.14308402769972772,  1.0804936570286034,  2.90846602252562911E-3,  0.12981406666386655
 29.909077715864857,  907.8947368421052,  23.550454894381776,  4.3597626076677383,  1.6666665638368201,  7.1128000457195109,  0.11969421677599539,  0.85136103055666101,  2.50561627988314922E-3,  0.14189011219992856
 34.968683462571683,  907.8947368421052,  27.534396427221797,  3.7289525683376392,  1.666666279733563,  6.5781297083329386,  9.55906919724842513E-2,  0.62880797070430161,  2.07084549330410284E-3,  0.15456309516686725
 43.627612507993604,  907.8947368421052,  34.352450793695745,  2.9888567371799217,  1.6666658653997413,  5.889267702576336,  7.07642953603513369E-2,  0.41674987916128958,  1.59516632402174311E-3,  0.16801756628979347
 55.455674168299367,  907.8947368421052,  43.665885171889265,  2.3513709512380974,  1.6666652595601885,  5.2235883671867462,  4.79892310452142215E-2,  0.25067598903801808,  1.16514131539888883E-3,  0.18256549341349776
 70.483277622998941,  907.8947368421052,  55.498643797636959,  1.8500439728611009,  1.6666642314765561,  4.6333889757407469,  3.19164862913989961E-2,  0.14788149572694878,  8.42838489288705198E-4,  0.19335666996154174
 89.569783372020552,  907.8947368421052,  70.527388481905945,  1.4558220017701586,  1.6666625328347275,  4.1101798283306019,  2.13370546108952071E-2,  8.76991314576899411E-2,  6.11317203971976681E-4,  0.20052709234762567
 113.80121060100845,  907.8947368421052,  89.607252441738936,  1.1458441092888656,  1.666659855674433,  3.6464292840477861,  1.43587202414831843E-2,  5.23580579699939805E-2,  4.4490266539967151E-4,  0.2053143775725311
 144.54730712519103,  907.8947368421052,  113.81677726392994,  0.90212407651081894,  1.6666559049029686,  3.2354576476250281,  9.74299308449650542E-3,  3.15230414859919775E-2,  3.25178946367802343E-4,  0.20853003613923218
 183.53159005868196,  907.8947368421052,  144.51306303833223,  0.71051093605109605,  1.66665046565954,  2.8713398582929264,  6.67964421374189592E-3,  1.9179528670132822E-2,  2.38947979538862336E-4,  0.21070653811708628
 232.91695260564234,  907.8947368421052,  183.39917528003332,  0.55987020426011325,  1.6666434448084391,  2.5488163761618554,  4.63840681788595631E-3,  1.18224472567285271E-2,  1.76753133921158946E-4,  0.21219375785725472
 295.40969375392478,  907.8947368421052,  232.60605807395649,  0.44144039570141519,  1.6666348894741603,  2.2632139564115823,  3.27194363124379186E-3,  7.40510849082294184E-3,  1.31818141093894208E-4,  0.21322204415373591
 374.38565931768295,  907.8947368421052,  294.79185773045901,  0.3483271362013054,  1.6666249637805199,  2.0103750608958633,  2.35248447232389371E-3,  4.72937611430472062E-3,  9.92864640869023282E-5,  0.21394343658785822
 474.04320430662438,  907.8947368421052,  373.26236559576722,  0.27510558979185851,  1.6666138854217798,  1.7865957008845115,  1.73048473910335601E-3,  3.09167659532831119E-3,  7.56768405801844902E-5,  0.21445860768547728
 599.58870335282643,  907.8947368421052,  472.11708925419401,  0.21750821276501228,  1.6666018492051955,  1.5885721994626005,  1.30766783335079461E-3,  2.07732476619256531E-3,  5.8494095233288953E-5,  0.21483449146682976
 784.03031004930972,  907.8947368421052,  617.34670082622813,  0.16634529544440563,  1.6665872428945887,  1.3892018389578185,  1.0102291937252139E-3,  1.4034122536919413E-3,  4.49609975183286767E-5,  0.21511583843358173
 1101.27290335417,  907.8947368421052,  867.14401838911022,  0.11843155577057551,  1.6665677870726001,  1.1721461461437701,  7.83285915905156289E-4,  9.18125567656922115E-4,  3.34047524253238025E-5,  0.21536583843358173
 1678.9582521918333,  907.8947368421052,  1322.0143718045931,  7.7686982903740015E-2,  1.6665414224799786,  0.94930519355380849,  6.23952200353811224E-4,  5.92321064325199501E-4,  2.41465773412278807E-5,  0.21561583843358173
 2687.6957591527535,  907.8947368421052,  2116.2958733486248,  4.85337949583126149E-2,  1.6665043759307596,  0.75029305313166339,  5.72046586829332623E-4,  4.29202580165727147E-4,  1.8273912784672519E-5,  0.21586583843358173
