 12.433457060340031,  907.8947368421052,  9.7901236695590779,  10.48754564825995,  1.6666666666666665,  11.031794789670386,  4*Infinity,  Infinity,  Infinity,  2*0.
 12.716350571454123,  907.8947368421052,  10.012874465711908,  10.254235108830057,  1.6666666666666665,  10.908395559096451,  2.4955195334746034,  0.19624495160456334,  5.31249189054742825E-3,  1.48976248583435078E-3,  0.228770539,  1.7990267270874289E-2,  5952.8734450613374,  8.67520895961657566E-3
 12.6795667905782,  907.8947368421052,  9.9839108587229912,  10.2839829340928,  1.6666666666666665,  10.924206881717417,  2.9712561600145224,  0.23433421262013632,  5.80099330504615582E-3,  1.62910905043739938E-3,  0.271988273,  2.1450913110434993E-2,  5006.9880868082064,  1.7448554634654341E-2
 12.967785155274813,  907.8947368421052,  10.210854452972292,  10.055414006682213,  1.6666666666666665,  10.80212555086273,  2.8633608550979068,  0.22080569477535525,  5.66278400985820857E-3,  1.5725233167725916E-3,  0.265073836,  2.0440948749917115E-2,  5137.5954247410918,  2.62092020698624084E-2
 12.898813351372164,  907.8947368421052,  10.156545945962334,  10.109181746716615,  1.6666666666666665,  10.830967303865927,  3.405402207460916,  0.26400895144528352,  6.18379631456919023E-3,  1.72179045880393555E-3,  0.314413488,  2.43753807059365855E-2,  4331.3730660197616,  3.50688588614238156E-2
 13.194854346539664,  907.8947368421052,  10.389649091763514,  9.882371192690913,  1.6666666666666665,  10.708775739083293,  3.2250875371344105,  0.24442008631799414,  5.98381291918138013E-3,  1.64731141093086143E-3,  0.301163048,  2.28242791027872712E-2,  4521.9430406622196,  4.39049232973159273E-2
 13.097231207635492,  907.8947368421052,  10.312780478453142,  9.9560316542306175,  1.6666666666666665,  10.748611771432111,  3.8327789500154892,  0.29264039595117569,  6.53537363580478092E-3,  1.80584584674334963E-3,  0.356583625,  2.72258782970431143E-2,  3819.1381147459556,  5.28418108866896621E-2
 13.402578636651755,  907.8947368421052,  10.553211524922641,  9.7292059999113594,  1.6666666666666665,  10.625464925234345,  3.5790284455636328,  0.26704028406069036,  6.27904928690819434E-3,  1.71514053107328732E-3,  0.336834997,  2.51321034834436456E-2,  4043.0541142958864,  6.17455769762196433E-2
 13.279168178456095,  907.8947368421052,  10.4560379357922,  9.8196247486005284,  1.6666666666666665,  10.674724822903762,  4.2496536423115314,  0.32002407360649876,  6.85792060153657835E-3,  1.88194539052372869E-3,  0.39810428,  2.99796087408129644E-2,  3420.8176606598695,  7.07525357938724453E-2
 13.594632802535603,  907.8947368421052,  10.704435277587088,  9.5917595112738283,  1.6666666666666667,  10.550143898966306,  3.9239747933164359,  0.28864146617792624,  6.55133249942678464E-3,  1.77683009284669894E-3,  0.371935666,  2.73590075113768899E-2,  3661.4991467928753,  7.97179308356873589E-2
 13.447852537825206,  907.8947368421052,  10.588860266004097,  9.6964513939475285,  1.6666666666666665,  10.607563858324367,  4.6529384653092869,  0.34599862139503912,  7.1533393651240151E-3,  1.95066351032612386E-3,  0.438643456,  3.26181040261675215E-2,  3104.6675743735746,  8.8789193362199148E-2
 13.773784075909241,  907.8947368421052,  10.84549927236948,  9.4670025148763077,  1.6666666666666665,  10.481308134879647,  4.2590253826200808,  0.30921244982009227,  6.80299597161290737E-3,  1.83304690699832417E-3,  0.406344831,  2.9501322338868808E-2,  3351.4442864887524,  9.78113521046040935E-2
 13.605742763163729,  907.8947368421052,  10.713183278081676,  9.5839272251296848,  1.6666666666666667,  10.545835585084964,  5.0401203848987732,  0.37044065809363808,  7.42332197539730555E-3,  2.01250593578030691E-3,  0.477925181,  3.5126724203585577E-2,  2849.48812160124,  0.10694218995121978
 13.942167640174459,  907.8947368421052,  10.978084756042881,  9.3526668055731683,  1.6666666666666665,  10.41782298566531,  4.583485973663592,  0.32874988094940555,  7.03596689806722068E-3,  1.88433726713742853E-3,  0.439965814,  3.15564855922161464E-2,  3095.336199563505,  0.11601715838097165
 13.754751970033034,  907.8947368421052,  10.830513362230734,  9.4801017691984519,  1.6666666666666665,  10.488556990036555,  5.4092037257324526,  0.39326072153318309,  7.66940879366452988E-3,  2.06792843663307271E-3,  0.515724301,  3.74942636920174155E-2,  2640.6397995488396,  0.12520363862081499
 14.101466283725623,  907.8947368421052,  11.103516758839072,  9.2470134567839537,  1.6666666666666665,  10.358812862088394,  4.896799155108484,  0.34725461552465992,  7.25184465216715049E-3,  1.93115154305074314E-3,  0.472718179,  3.35226265932032155E-2,  2880.8751978931114,  0.13432816595960065
 13.896396924398497,  907.8947368421052,  10.942044822361019,  9.3834717873561502,  1.6666666666666665,  10.434965530840959,  5.7586615845612865,  0.41439962621911092,  7.89302794621836272E-3,  2.11734942479989549E-3,  0.551862061,  3.97126013492173219E-2,  2467.7218751066903,  0.14356697800053037
 14.253031287045875,  907.8947368421052,  11.222859281138483,  9.1486818389649667,  1.6666666666666665,  10.303588478536964,  5.1985009462078038,  0.36472950229248891,  7.4519626069189538E-3,  1.97386318850232981E-3,  0.504533052,  3.5398298665774923E-2,  2699.2128317713896,  0.15273836670489604
 14.031899940292687,  907.8947368421052,  11.048740110466682,  9.2928576344506162,  1.6666666666666665,  10.384459202855719,  6.0873885416900118,  0.43382497158995592,  8.09552099935668089E-3,  2.16115822509295842E-3,  0.586201787,  4.17763663100197205E-2,  2323.1626446869777,  0.16202669622226329
 14.397966009796342,  907.8947368421052,  11.336981110075859,  9.0565881595549396,  1.6666666666666667,  10.251597631094128,  5.488189378765381,  0.38117808872211634,  7.6374373442842456E-3,  2.01278361507539185E-3,  0.535349667,  3.7182310742080317E-2,  2543.836752023693,  0.17124269130977654
 14.162260377194324,  907.8947368421052,  11.151386123775056,  9.2073189599010039,  1.6666666666666665,  10.336555400733605,  6.3946528988794675,  0.45152771836847488,  8.27815896771785277E-3,  2.19972036053740078E-3,  0.618644476,  4.36826100053049685E-2,  2201.3322872766435,  0.18057812647255769
 14.537185077523755,  907.8947368421052,  11.44660242324705,  8.96985542872428,  1.6666666666666665,  10.202391015540329,  5.7655050920315531,  0.39660394604086108,  7.80920827381374229E-3,  2.04817398647041092E-3,  0.565113127,  3.88736273131222027E-2,  2409.8575477919858,  0.18983683222991354
 14.288305956760532,  907.8947368421052,  11.250634611622464,  9.1260957653484986,  1.6666666666666667,  10.29086197751492,  6.6800525081417632,  0.46751884086339496,  8.44215174945960566E-3,  2.23338082852622731E-3,  0.649124682,  4.5430484043504131E-2,  2097.9669977754547,  0.19921729263906907
 14.671457177652995,  907.8947368421052,  11.55232848634094,  8.8877639696628759,  1.6666666666666665,  10.155597940579431,  6.0301217470132444,  0.41101041215730938,  7.96806989429702309E-3,  2.08025468989922208E-3,  0.593773186,  4.04713158754548968E-2,  2293.5392776276453,  0.20851710884582678
 14.410730342853169,  907.8947368421052,  11.347031766026117,  9.0485662685836488,  1.6666666666666667,  10.247056438785336,  6.9434661771272017,  0.48182610120937669,  8.58865325581714516E-3,  2.26246606446746552E-3,  0.677605927,  4.70209278232970596E-2,  2009.784865343825,  0.2179407907954235
 14.801436584146842,  907.8947368421052,  11.654674475706173,  8.8097157154095367,  1.6666666666666665,  10.110908719743342,  6.2817386623029492,  0.42440061455319361,  8.11469833716301457E-3,  2.10921302822640903E-3,  0.621283293,  4.19745273463379351E-2,  2191.9824579778374,  0.2272803631469294
 14.530121160510006,  907.8947368421052,  11.441040283866146,  8.9742161848166688,  1.6666666666666665,  10.20487069501508,  7.1850141910434706,  0.4944910010706392,  8.7187638646722479E-3,  2.28728508339047423E-3,  0.704076946,  4.84563710652590948E-2,  1934.2234106956575,  0.2367456968427151
 14.927686768157738,  907.8947368421052,  11.754084069415541,  8.735207973692539,  1.6666666666666665,  10.068061674081447,  6.5200802917861589,  0.43677767567626746,  8.24967339583323502E-3,  2.13520952632008723E-3,  0.647600353,  4.33824990167351737E-2,  2102.9051196567648,  0.24612387789568518
 14.577775536359358,  907.8947368421052,  11.478563414456186,  8.9448797013485351,  1.6666666666666665,  10.188177310472726,  7.4222390737975834,  0.50914755619295782,  8.85427602964839952E-3,  2.31903566311244787E-3,  0.72851491,  4.99743517095634082E-2,  1869.3401319459413,  0.25
 15.052561330445819,  907.8947368421052,  11.852410496414029,  8.6627415509845349,  1.6666666666666667,  10.026212877261655,  6.5968266825000557,  0.43825277091314213,  8.28082004861366815E-3,  2.13436231547197873E-3,  0.657957971,  4.37106987731181243E-2,  2069.8010494810669,  0.25939354725419078
 14.692518982631466,  907.8947368421052,  11.568912584749185,  8.8750233122136652,  1.6666666666666667,  10.148316277935423,  7.6245979477987298,  0.51894424154160679,  8.95659267741329319E-3,  2.33665553246519388E-3,  0.751316547,  5.11359941224832359E-2,  1812.6075876669988,  0.26893883879862268
 15.174405820592757,  907.8947368421052,  11.948351039836815,  8.5931831550885995,  1.6666666666666665,  9.985878480474458,  6.8133396048350399,  0.44900204946944439,  8.3986695813995059E-3,  2.15602924973963116E-3,  0.682297468,  4.49637005244340818E-2,  1995.9654360599841,  0.27836928246818771
 14.805530760628024,  907.8947368421052,  11.657898236714978,  8.807279562902,  1.6666666666666665,  10.109510637244673,  7.8056523023130788,  0.52721193371781649,  9.0449677287913529E-3,  2.3506882214873715E-3,  0.772109807,  5.2150094365151882E-2,  1763.7932569796417,  0.28795312881552004
 15.293619785023328,  907.8947368421052,  12.042220303167973,  8.5261991810264668,  1.6666666666666665,  9.9468823118045453,  7.0166700109825317,  0.45879721904721388,  8.50641116734800196E-3,  2.17516009170860315E-3,  0.705413997,  4.61247257849560013E-2,  1930.5571889479816,  0.29741977150813642
 14.917153093369514,  907.8947368421052,  11.74578983729883,  8.7413762981326268,  1.6666666666666665,  10.071615803044358,  7.9661547276558453,  0.53402647497724687,  9.12034550974268922E-3,  2.36139325148677134E-3,  0.790951014,  5.30229196010262929E-2,  1721.7780741359352,  0.30704119076293385
 15.410560995067925,  907.8947368421052,  12.134299996116475,  8.4614991321684396,  1.6666666666666665,  9.9090700748345348,  7.2065842296761504,  0.46763933391540324,  8.60435933689342701E-3,  2.19184235427078572E-3,  0.727271497,  4.71930595286674318E-2,  1872.5359969404481,  0.31654345205561257
 15.027688141826319,  907.8947368421052,  11.83282530852466,  8.6770797514133768,  1.6666666666666665,  10.034506926705641,  8.106976948909713,  0.53946935062910106,  9.18363980410192432E-3,  2.36902015044601708E-3,  0.807909846,  5.37614209217762221E-2,  1685.6361826401494,  0.32620158589433185
 15.525552660893212,  907.8947368421052,  12.224844614876544,  8.3988281341151385,  1.6666666666666665,  9.8723055797637933,  7.3828783995879084,  0.47553081158988819,  8.69279641299893109E-3,  2.20615475784518992E-3,  0.747837305,  4.81681617072945017E-2,  1821.040550545408,  0.33573898775164657
 15.137404913986725,  907.8947368421052,  11.919216467706081,  8.6141877836346836,  1.6666666666666665,  9.9980754537113565,  8.2290413690515223,  0.54362298125447583,  9.23570752653132994E-3,  2.37380181354388551E-3,  0.823062539,  5.43727624152585409E-2,  1654.6034724740816,  0.34543308850924181
 15.638889220803989,  907.8947368421052,  12.314086000633061,  8.3379610050906425,  1.6666666666666665,  9.8364677495305415,  7.5453870846352009,  0.4824759059266972,  8.77198138356599481E-3,  2.2181696034478263E-3,  0.767082989,  4.90497115643696371E-2,  1775.3516836591436,  0.3550052432147231
 15.246544874525846,  907.8947368421052,  12.005153444508538,  8.5525244938520064,  1.6666666666666665,  9.9622263689891888,  8.3332941777177538,  0.54656935423918196,  9.27734929408867426E-3,  2.3759548854004396E-3,  0.836489141,  5.48641773429847587E-2,  1628.0451677219266,  0.364734663107811
 15.750841031979782,  907.8947368421052,  12.402237033054945,  8.278697513437228,  1.6666666666666665,  9.8014482187169065,  7.6939881347269443,  0.48848111400397798,  8.84215728992354677E-3,  2.22795472924446417E-3,  0.784984827,  4.98376467541981616E-2,  1734.8641859476782,  0.37434126322461908
 15.355326542287214,  907.8947368421052,  12.090808301013553,  8.491935884716991,  1.6666666666666665,  9.9268759727928497,  8.420691189173791,  0.54838894901242452,  9.30931062476291794E-3,  2.37568028407446384E-3,  0.848272026,  5.52428528890080983E-2,  1605.4308436872482,  0.38410544529898283
 15.861658206254251,  907.8947368421052,  12.489494650593898,  8.2208585502479661,  1.6666666666666665,  9.7671493906290117,  7.8286085619793093,  0.49355550617462834,  8.90355729685025216E-3,  2.23557510228015316E-3,  0.801524401,  5.05321958777619346E-2,  1699.0650219252025,  0.39374625528414825
 15.463949291809159,  907.8947368421052,  12.176338025046581,  8.4322863471276115,  1.6666666666666667,  9.8919500700198331,  8.4921813914421556,  0.54915992023679117,  9.33228366617832629E-3,  2.37316384231388939E-3,  0.858494163,  5.55158402892838437E-2,  1586.3149708280296,  0.40354472576641826
 15.971573775022399,  907.8947368421052,  12.57604234253732,  8.1642830144841625,  1.6666666666666667,  9.7334828519287342,  7.9492273570382697,  0.49771097268651254,  8.95640958511153412E-3,  2.24109408894991417E-3,  0.816688895,  5.11339034812075335E-2,  1667.5163400589668,  0.41321957494403933
 15.572596523538181,  907.8947368421052,  12.261887026408015,  8.3734557874725741,  1.6666666666666665,  9.8573824848098042,  8.5486935870939593,  0.54895750251842745,  9.34690934838118201E-3,  2.36857703924905948E-3,  0.867237687,  5.56899870086576473E-2,  1570.3216180146767,  0.4230519367466839
 16.080806323860365,  907.8947368421052,  12.662052223512097,  8.1088252578800422,  1.6666666666666665,  9.7003680687692206,  8.0558787943001668,  0.50096238391547676,  9.00094119093649767E-3,  2.24457444208168164E-3,  0.830471456,  5.16436469589590177E-2,  1639.842102358466,  0.43276071340696648
 15.681438329428675,  907.8947368421052,  12.347589235770609,  8.3153372635013127,  1.6666666666666665,  9.8231138333415107,  8.5911325222347674,  0.54785360137954386,  9.35377985548796129E-3,  2.36207779610867917E-3,  0.874583423,  5.57718876798541097E-2,  1557.1323198349737,  0.44262664058844331
 16.189562205291413,  907.8947368421052,  12.747686775820009,  8.0543529733853543,  1.6666666666666665,  9.6677313063726498,  8.1486544872368967,  0.5033276645532091,  9.0373809058539728E-3,  2.24607903851859955E-3,  0.842871428,  5.20626451648932495E-2,  1615.7174781376384,  0.45236928702659873
 15.790633752415731,  907.8947368421052,  12.433569883791913,  8.2578350261620965,  1.6666666666666665,  9.7890905032632638,  8.6203679646498887,  0.54591653764801984,  9.35344131817715703E-3,  2.35381131157742828E-3,  0.880609691,  5.5767850697266981E-2,  1546.4763750918178,  0.46226852004902619
 16.298037414119872,  907.8947368421052,  12.833100326078638,  8.0007454377928067,  1.6666666666666667,  9.635504727300491,  8.2277019254657962,  0.5048277850137024,  9.06596134299753401E-3,  2.24567139825702401E-3,  0.853894234,  5.23924588593021601E-2,  1594.860367963269,  0.47204502839452533
 15.900332717058244,  907.8947368421052,  12.519947021305704,  8.200862887988734,  1.6666666666666665,  9.7552637997425826,  8.637234370178998,  0.5432109155721202,  9.34639663977189158E-3,  2.34391091534916348E-3,  0.885392189,  5.56838776196348709E-2,  1538.1230310029709,  0.48197737005264751
 16.406419191650322,  907.8947368421052,  12.91844030838608,  7.9478920392548771,  1.6666666666666665,  9.6036256336208741,  8.2932264417942854,  0.50548667582780127,  9.08692027093100166E-3,  2.2434160140947265E-3,  0.863551617,  5.26349834023274593E-2,  1577.0245835395376,  0.49178777876784036
 15.991267946870238,  907.8947368421052,  12.591549564464753,  8.1542282275069269,  1.6666666666666665,  9.7274873317113197,  8.6475721396062504,  0.54076839256470155,  9.33866475714564999E-3,  2.33530352608244405E-3,  0.88898313,  5.5591785846054273E-2,  1531.9099308227796,  0.5
 16.514854260060787,  907.8947368421052,  13.003822252016366,  7.8957068850037846,  1.6666666666666665,  9.5720454329555018,  8.3328697598462806,  0.50456816266770022,  9.09362453365757106E-3,  2.23768858237085146E-3,  0.870542228,  5.27126794583033798E-2,  1564.3607807631256,  0.50983842196206319
 16.102399642206993,  907.8947368421052,  12.679054836383459,  8.0979513229944846,  1.6666666666666665,  9.6938617898888797,  8.6418402732403194,  0.53668029072316359,  9.31941998336135308E-3,  2.32243508242945549E-3,  0.891475499,  5.5362898951473033E-2,  1527.6270275415311,  0.51983661155177252
 16.623519967779526,  907.8947368421052,  13.0893858014012,  7.8440937141313309,  1.6666666666666665,  9.5407085528296296,  8.3745074343177528,  0.50377460847228184,  9.10138099401858192E-3,  2.23226525778400962E-3,  0.877765775,  5.28026409865407706E-2,  1551.4869368355007,  0.5297091604981401
 16.214444891545423,  907.8947368421052,  12.767279442161749,  8.0419927637478157,  1.6666666666666665,  9.6603104082820348,  8.6261568894325915,  0.53200446670327783,  9.2948325659714965E-3,  2.30829084147076129E-3,  0.89294821,  5.50711565383216473E-2,  1525.1075652911227,  0.53974018958471837
 16.732586309970923,  907.8947368421052,  13.175264811000726,  7.7929643433718896,  1.6666666666666665,  9.5095635948858117,  8.4034614708556283,  0.50222131160051087,  9.10220783619916131E-3,  2.22518032294984546E-3,  0.883685291,  5.28122354500686619E-2,  1541.0940115498177,  0.54964702704182034
 16.327531341189491,  907.8947368421052,  12.856323890700386,  7.986292952753038,  1.6666666666666667,  9.6267980427760449,  8.6010434113773417,  0.52678162969730169,  9.26517982134751616E-3,  2.29294474666205802E-3,  0.893447995,  5.47203366432516963E-2,  1524.2544475654854,  0.55971090894818543
 16.842219034999196,  907.8947368421052,  13.261589791337949,  7.742236828473966,  1.6666666666666665,  9.4785622903119275,  8.4201204541689236,  0.49994126277811285,  9.09636188062614044E-3,  2.21650172696356753E-3,  0.888333082,  5.27444191920439856E-2,  1533.0309826293014,  0.56965223363109141
 16.441783943508987,  907.8947368421052,  12.946286569692115,  7.9307968608524941,  1.6666666666666665,  9.5932918199853159,  8.5671378752161829,  0.52105891390477876,  9.2307940098914406E-3,  2.27648394132780752E-3,  0.89303422,  5.43149237698865653E-2,  1524.9606811559083,  0.57974903123275068
 16.952580508324786,  907.8947368421052,  13.348488589232113,  7.6918347871560426,  1.6666666666666667,  9.4476591442805962,  8.4249121053498488,  0.49696930075540668,  9.08410499537945851E-3,  2.20629833603443659E-3,  0.891745985,  5.26023741083272364E-2,  1527.1637133796369,  0.58972507770312133
 16.557325865829942,  907.8947368421052,  13.037264461283417,  7.8754534121419164,  1.6666666666666667,  9.5597608048465048,  8.5250395661609417,  0.51488022185645843,  9.19197986174997636E-3,  2.25898821939113804E-3,  0.891762853,  5.38591113697562338E-2,  1527.1348132096705,  0.59985490177260381
 17.063830501274673,  907.8947368421052,  13.436087008877694,  7.6416868109569762,  1.6666666666666667,  9.4168111251320816,  8.4183001740847008,  0.49334176007173153,  9.06570289230887102E-3,  2.1946396321255203E-3,  0.893965065,  5.23894717135267862E-2,  1523.3728453338051,  0.60986593938679612
 16.6742793172752,  907.8947368421052,  13.129353793130077,  7.8202149553114575,  1.6666666666666667,  9.5261757124429511,  8.4753095970811039,  0.50828642491628762,  9.14901698575434387E-3,  2.24053069341160257E-3,  0.889686465,  5.33568181250710441E-2,  1530.6988723064042,  0.62002894719573287
 17.176126920604048,  907.8947368421052,  13.524509386302398,  7.5917259513013811,  1.6666666666666665,  9.3859773907944977,  8.4007768627289892,  0.48909610955711474,  9.04142376253899184E-3,  2.18159537572697702E-3,  0.89503485,  5.21092358518577339E-2,  1521.5520459340664,  0.63007527931146257
 16.792766309465275,  907.8947368421052,  13.222650637374231,  7.7650368070981726,  1.6666666666666665,  9.492508656900819,  8.4184748633565363,  0.50131556492733231,  9.10216210656199579E-3,  2.22117841139748843E-3,  0.886854589,  5.28117047923773314E-2,  1535.5866442870174,  0.6402716734657744
 17.289626492333813,  907.8947368421052,  13.6138791278219,  7.5418892677533282,  1.6666666666666665,  9.3551190462692073,  8.3728575755779424,  0.48427059136268513,  9.01153681491292415E-3,  2.16723524873532226E-3,  0.895002782,  5.17653050664075437E-2,  1521.6065477028651,  0.65035363688125425
 16.912909364748476,  907.8947368421052,  13.317251468305885,  7.7098768564195659,  1.6666666666666665,  9.4587329314111965,  8.355029092953389,  0.49400305207125594,  9.05165112658888951E-3,  2.20099292251943034E-3,  0.883313775,  5.22271910681331719E-2,  1541.7422257295552,  0.66058366436959137
 17.404485411445695,  907.8947368421052,  13.704319221610781,  7.4921174285476742,  1.6666666666666665,  9.324198927073196,  8.3350751630077795,  0.47890386915029032,  8.97631077310154582E-3,  2.15162849125005978E-3,  0.893918633,  5.13613955360575983E-2,  1523.4519282782655,  0.67070162897372798
 17.034832183871281,  907.8947368421052,  13.413253688087622,  7.6546952196838465,  1.6666666666666667,  9.4248228144057915,  8.2854333128672302,  0.48638185538434076,  8.99770101329014187E-3,  2.18003079278644664E-3,  0.879107594,  5.16064720750939385E-2,  1549.1188093291876,  0.68096558041325828
 17.52085996754079,  907.8947368421052,  13.795952730347079,  7.4423543551839915,  1.6666666666666667,  9.2931814043818477,  8.2879747822541443,  0.4730346927588443,  8.9360123790370883E-3,  2.13484354392427149E-3,  0.891833961,  5.09012653660029374E-2,  1527.0130908216611,  0.69111994902947438
 17.158660283631338,  907.8947368421052,  13.510756128843573,  7.5994539393258425,  1.6666666666666665,  9.3907533976980027,  8.2101219064428594,  0.47848268348948486,  8.94051151541473688E-3,  2.1583440724479569E-3,  0.874277234,  5.09525341818450328E-2,  1557.6776643823641,  0.70141815809648722
 17.638907155436986,  907.8947368421052,  13.888903271997625,  7.3925469042339662,  1.6666666666666665,  9.2620322083000666,  8.2321060514236422,  0.4667015852772422,  8.8909049422621917E-3,  2.11694770537486669E-3,  0.888801277,  5.03886808835552064E-2,  1532.2234123026253,  0.71160936650618312
 17.284521614006486,  907.8947368421052,  13.609859538587783,  7.5441167188757765,  1.6666666666666665,  9.3565004330350643,  8.1295007370045038,  0.47033415399874767,  8.88026671417223822E-3,  2.13598071739562467E-3,  0.868861258,  5.02681699600136256E-2,  1567.3872826625866,  0.72194220954188715
 17.758785278836157,  907.8947368421052,  13.98329549514658,  7.3426445806174963,  1.6666666666666665,  9.2307182662410892,  8.168021367758552,  0.45994255706024323,  8.84124696694784176E-3,  2.09800681212366511E-3,  0.884873867,  4.98273854530217331E-2,  1539.0240335195974,  0.73217072667657357
 17.412547163469675,  907.8947368421052,  13.710667057850136,  7.4886486888925061,  1.6666666666666665,  9.3220401940211257,  8.043951429996639,  0.46196295074827165,  8.81713641693975154E-3,  2.11298496719265413E-3,  0.862896025,  4.95559921576567211E-2,  1578.2226656311004,  0.74253862246102287
 17.847360175786282,  907.8947368421052,  14.053039508493134,  7.3062036739139957,  1.6666666666666665,  9.2077841497110935,  8.1035821426619776,  0.4540493492929018,  8.79535627568211152E-3,  2.08193152847033994E-3,  0.880079508,  4.93114675485901988E-2,  1547.4080137184096,  0.75
 17.542226838971139,  907.8947368421052,  13.81277703855995,  7.4332893812724121,  1.6666666666666667,  9.2875200161334881,  7.9712069031710895,  0.45440107772431843,  8.7609109782584467E-3,  2.0917361693547562E-3,  0.858270764,  4.89259863704166048E-2,  1586.727851684416,  0.76039371942738287
 17.971379701487365,  907.8947368421052,  14.150692678336506,  7.2557839549294076,  1.6666666666666665,  9.1759579350674674,  8.0246052572293074,  0.44652137872103831,  8.73725264567553825E-3,  2.0610293855269704E-3,  0.87452507,  4.86620995737765683E-2,  1557.2362123140067,  0.77069820596778904
 17.674318088512422,  907.8947368421052,  13.916785896466473,  7.377735753819457,  1.6666666666666665,  9.2527492010743124,  7.8777847673479791,  0.44571931138938647,  8.69310254232750004E-3,  2.06777589907470617E-3,  0.851399362,  4.81715543892225206E-2,  1599.5338323029523,  0.78112797533652756
 18.097706123670168,  907.8947368421052,  14.250162302102494,  7.2051368054567568,  1.6666666666666665,  9.1438766360764134,  7.9393584886634443,  0.43869418307576036,  8.67551432494957642E-3,  2.03931101666921877E-3,  0.868270516,  4.797682651851716E-2,  1568.4537182375411,  0.79147118500537794
 17.808964859339973,  907.8947368421052,  14.022806975858245,  7.3219555159944729,  1.6666666666666665,  9.2177045870403393,  7.7803188439288977,  0.43687652511238401,  8.62278255076744278E-3,  2.04328099580182877E-3,  0.844062507,  4.73953706139174716E-2,  1613.4375378445736,  0.8019375472288589
 18.226507464346945,  907.8947368421052,  14.351580680588144,  7.1542202334191485,  1.6666666666666665,  9.1115108181081386,  7.8480771043378601,  0.43058591028109172,  8.61021868894055499E-3,  2.01679823803207602E-3,  0.861336529,  4.72573559837462936E-2,  1581.0801280408048,  0.81232008054789739
 17.946316461972433,  907.8947368421052,  14.13095784407278,  7.2659171458555969,  1.6666666666666665,  9.1823631211300683,  7.6791146405531086,  0.42789365074764429,  8.55007967858905857E-3,  2.01828503979584271E-3,  0.836289585,  4.65995131213002706E-2,  1628.4336070621841,  0.8228236212790131
 18.357956195730559,  907.8947368421052,  14.455083618685478,  7.1029937698795624,  1.6666666666666665,  9.0788315752135595,  7.7512509693309743,  0.42222841709032743,  8.54158018528014366E-3,  1.99354506538989814E-3,  0.853771865,  4.65069115549040721E-2,  1595.0890311520336,  0.83324611532956661
 18.086528230914169,  907.8947368421052,  14.241360811743439,  7.2095897466445535,  1.6666666666666665,  9.146701763266714,  7.5744619263942345,  0.41879026615433562,  8.47511309848763411E-3,  1.99281919257078034E-3,  0.828108549,  4.57859321308805925E-2,  1644.521238888309,  0.84378746354240075
 18.492229945507539,  907.8947368421052,  14.560810980714596,  7.0514182913713048,  1.6666666666666667,  9.0458104160767512,  7.6493481853017906,  0.4136520112525196,  8.46980285657512183E-3,  1.96960282833922272E-3,  0.845623314,  4.57285740277457858E-2,  1610.4595221044704,  0.85425059303726902
 18.229762219430746,  907.8947368421052,  14.354143479866728,  7.1529429137045479,  1.6666666666666665,  9.1106973938953928,  7.4666311187305645,  0.40958468153932243,  8.39799311384029773E-3,  1.96691237261142514E-3,  0.819545507,  4.49564576487595721E-2,  1661.7040178404782,  0.8648304217754339
 18.629512244087557,  907.8947368421052,  14.668907278809099,  6.9994558514209064,  1.6666666666666665,  9.0124191527154629,  7.5428174718613805,  0.4048853907271005,  8.3950799173502233E-3,  1.94502009490887351E-3,  0.836935937,  4.49252729890073504E-2,  1627.1760686617588,  0.87533490028704874
 18.37618793670466,  907.8947368421052,  14.469439320239889,  7.0959466095545185,  1.6666666666666665,  9.0743267240978884,  7.3558778747820792,  0.40029401811619375,  8.31882170746181884E-3,  1.94059140933709588E-3,  0.810625196,  4.41128064138541845E-2,  1679.9898027533911,  0.88595392758463776
 18.769993321915209,  907.8947368421052,  14.779522300720636,  6.947069519398795,  1.6666666666666665,  8.978629790749606,  7.4320840655552995,  0.39595560709196803,  8.31759344249784031E-3,  1.91984262375490293E-3,  0.82775259,  4.40997809598863699E-2,  1645.2284353384605,  0.89650050893549982
 18.525983136257786,  907.8947368421052,  14.587388296265972,  7.0385710451605155,  1.6666666666666667,  9.037566206853624,  7.2424416570952896,  0.39093427991174029,  8.23769301480778253E-3,  1.91388117774698649E-3,  0.8013708,  4.3256588218991511E-2,  1699.3906749368255,  0.90715949891842573
 18.913870965614748,  907.8947368421052,  14.89281178394862,  6.8942232250106672,  1.6666666666666665,  8.944414420119621,  7.3175505039617645,  0.38688805075452865,  8.23751415905269596E-3,  1.89411334170108236E-3,  0.818113983,  4.32547098761725812E-2,  1664.61165947209,  0.91774897874181272
 18.679334665264189,  907.8947368421052,  14.708137531704084,  6.9807865656199928,  1.6666666666666665,  9.0003919482359063,  7.1265475598454389,  0.38152041954633698,  8.15469372989552702E-3,  1.88680471604138499E-3,  0.791804135,  4.23893116811558043E-2,  1719.9229430303144,  0.92844874291918855
 19.061351442599292,  907.8947368421052,  15.00893814377897,  6.8408816068822595,  1.6666666666666665,  8.9097451051753982,  7.1995952676534607,  0.37770645548815285,  8.15500133209377635E-3,  1.86787234418245925E-3,  0.8080585,  4.23925096654846761E-2,  1685.3260780983412,  0.93908196040020708
 18.836439385300928,  907.8947368421052,  14.83184203567002,  6.9225635386139563,  1.6666666666666665,  8.9627796173701455,  7.0084059619265009,  0.37206639878764136,  8.06990345173174209E-3,  1.85938332836184188E-3,  0.781945586,  4.15123895344436597E-2,  1741.6072028955082,  0.94982335915744076
 19.212650504832091,  907.8947368421052,  15.128071263647314,  6.7870098637978513,  1.6666666666666663,  8.8745937730737001,  7.0785730433475669,  0.36843291981073517,  8.07020273498105546E-3,  1.84115691604913568E-3,  0.797622204,  4.15154686774050555E-2,  1707.3774048936318,  0.96050119896670305
 18.997505176218908,  907.8947368421052,  14.958665493085753,  6.8638722440895288,  1.6666666666666665,  8.9247043539967468,  6.8882148570210369,  0.36258524463336189,  7.98339497850592168E-3,  1.83163667463430847E-3,  0.771814346,  4.06271435166348643E-2,  1764.4684518928079,  0.97128514327414528
 19.36799448370558,  907.8947368421052,  15.250389357248487,  6.732573607231231,  1.6666666666666661,  8.8389320994189635,  6.9548134067660543,  0.35908794278137596,  7.98325469388688931E-3,  1.81400157017068842E-3,  0.786838651,  4.06257157247515224E-2,  1730.7768574151116,  0.9820085377087342
 19.162752036189449,  907.8947368421052,  15.088781130857832,  6.8046827637150304,  1.6666666666666414,  8.8861406724767757,  6.7661589552899253,  0.35308910162329343,  7.89523455624299535E-3,  1.80358284933561331E-3,  0.761428297,  3.9734808916195026E-2,  1788.5362578648205,  0.99283599106209697
 19.474179750678953,  907.8947368421052,  15.333999803684213,  6.6958634538355923,  1.6666666666666656,  8.8148014996954185,  6.8377547733240771,  0.3511190142443244,  7.90497276932064681E-3,  1.79131016793683323E-3,  0.775712848,  3.98328895161685417E-2,  1755.6008057799568,  1.
 19.330910851995636,  907.8947368421052,  15.221189647240656,  6.7454891021099854,  1.6666666666666661,  8.84740616088426,  6.6745244724238821,  0.34527728937811614,  7.82448021358068437E-3,  1.77962844047103693E-3,  0.754404664,  3.90258210259002217E-2,  1805.187805051758,  1.0108570936059431
 19.638311295838562,  907.8947368421052,  15.463237240817765,  6.6399012889477955,  1.6666666666666652,  8.7778883805292427,  6.7098330978401801,  0.34167057495663511,  7.81426679071473007E-3,  1.76334042783604173E-3,  0.764401734,  3.8924005426466228E-2,  1781.5790337901813,  1.0216741764050936
 19.503691150337684,  907.8947368421052,  15.357237126250142,  6.6857318176789686,  1.6666666666666656,  8.8081300546065933,  6.5490898227507177,  0.33578720470161827,  7.73338594416391606E-3,  1.75110133521628824E-3,  0.74352783,  3.81224167467876796E-2,  1831.5953056376306,  1.0325769266852505
 19.807198324632704,  907.8947368421052,  15.596219153254097,  6.5832858513782195,  1.6666666666666641,  8.7403857236923344,  6.5802858385256195,  0.3322168955970774,  7.72191524810799963E-3,  1.7350560367406381E-3,  0.75285989,  3.80094089779751676E-2,  1808.8918030499558,  1.0434422436602135
 19.681355153576117,  907.8947368421052,  15.497130042185917,  6.6253795771935691,  1.6666666666666647,  8.7682843419274565,  6.4222175742793359,  0.32630971457999319,  7.64077061147545953E-3,  1.72230341406204648E-3,  0.732437193,  3.72147733644622378E-2,  1859.3295891700327,  1.0543917747250247
 19.981119024195955,  907.8947368421052,  15.733164585981065,  6.5259832709116532,  1.6666666666666621,  8.7022633247331989,  6.4490939315046045,  0.3227593878273452,  7.62786158267992568E-3,  1.7064473771681468E-3,  0.74108237,  3.70891313883840237E-2,  1837.6393763981077,  1.0653064669576173
 19.864182539207313,  907.8947368421052,  15.641088613549064,  6.5644004342300262,  1.6666666666666634,  8.7278399839961107,  6.2940540671713094,  0.31685443073428493,  7.54668072744781038E-3,  1.69324822195948362E-3,  0.721146822,  3.63038771695274182E-2,  1888.439391403715,  1.0763039651289261
 20.160369317440558,  907.8947368421052,  15.874306549165793,  6.4679593132846733,  1.6666666666666592,  8.6634900749643435,  6.3164678963358369,  0.3133111244681529,  7.53218431716703128E-3,  1.67753541351790846E-3,  0.729090452,  3.61645389741434425E-2,  1867.8643822724443,  1.0872692354793778
 20.052472257442069,  907.8947368421052,  15.789348234206352,  6.5027616950126266,  1.6666666666666612,  8.6867667821197863,  6.1647368095189981,  0.30743025348723207,  7.45115663411198385E-3,  1.66394792670361232E-3,  0.709669888,  3.53906420188492138E-2,  1918.9797511465126,  1.0983159526997925
 20.345264824598722,  907.8947368421052,  16.019893562676156,  6.4091792173843816,  1.6666666666666545,  8.6240338090130191,  6.1826011163517247,  0.30388402958304078,  7.43495228123115456E-3,  1.64833891514045805E-3,  0.716903627,  3.5236878276781583E-2,  1899.6167225519359,  1.1093330695857884
 20.2465445666856,  907.8947368421052,  15.942161076130393,  6.4404297758817499,  1.6666666666666574,  8.6450332335127289,  6.0343899629148305,  0.29804541559500075,  7.35423260381138852E-3,  1.634413364978739E-3,  0.698018134,  3.44759132260612708E-2,  1951.0125578585412,  1.1204303272171279
 20.536143058473268,  907.8947368421052,  16.170191384624619,  6.3496075243885652,  1.666666666666647,  8.5838611404545606,  6.0476675107055975,  0.29448895475465792,  7.33622488779426228E-3,  1.61887454899123525E-3,  0.704539299,  3.43072831603451547E-2,  1932.9541357387063,  1.1315006287897122
 20.446743320183323,  907.8947368421052,  16.099797889908128,  6.3773700507740116,  1.666666666666651,  8.6026063736661396,  5.9031286863235071,  0.2887075254225549,  7.25593692487454429E-3,  1.60465408577453489E-3,  0.686202347,  3.35604714294881201E-2,  1984.6071864085027,  1.1426498218432863
 20.733365889201643,  907.8947368421052,  16.325484952127276,  6.2892078972048919,  1.6666666666666345,  8.5429372836134618,  5.9118238744432352,  0.28513575603359181,  7.23605241382492721E-3,  1.58915697359914465E-3,  0.692013025,  3.33767820794519596E-2,  1967.9428511779583,  1.1537747206057081
 20.65343854276216,  907.8947368421052,  16.262550033670991,  6.313546686960767,  1.6666666666666403,  8.5594516032719454,  5.7710582660910728,  0.27942360956948958,  7.15629197398390867E-3,  1.57467839162172022E-3,  0.674232244,  3.26450364486758488E-2,  2019.8412299998347,  1.1649773224536195
 20.937322320573738,  907.8947368421052,  16.486080567380895,  6.2279429283982104,  1.666666666666615,  8.501225859357179,  5.7752121761663959,  0.27583337076528947,  7.13447628034599712E-3,  1.55919893326822608E-3,  0.679338753,  3.24463054303731485E-2,  2004.6583467016906,  1.1761583103761888
 20.867029343436283,  907.8947368421052,  16.430731766485259,  6.2489224671083861,  1.666666666666623,  8.515532497350641,  5.6382748074477718,  0.27020015501303896,  7.055314275877465E-3,  1.54449337797057332E-3,  0.662116528,  3.17302711365500464E-2,  2056.8013447234989,  1.1874158780003521
 21.148431627482289,  907.8947368421052,  16.652308368096289,  6.1657739345820142,  1.6666666666665844,  8.458688682391152,  5.6379582820770526,  0.26658989362264279,  7.03152932667449812E-3,  1.52901135152499188E-3,  0.666528642,  3.15166929098141951E-2,  2043.186224751704,  1.1986545321925326
 21.087947217931841,  907.8947368421052,  16.604682848765229,  6.183458595492711,  1.6666666666665946,  8.4708105938888085,  5.5048644050588109,  0.26104315079992185,  6.95301455040899224E-3,  1.51410497091410416E-3,  0.649862766,  3.08167852304771298E-2,  2095.5842221312355,  1.2099687120368896
 21.367146913230982,  907.8947368421052,  16.824525128528332,  6.1026607349851689,  1.6666666666665366,  8.4152855271792788,  5.5001737514821407,  0.25741265128342339,  6.9272360740764722E-3,  1.49860342290558668E-3,  0.653593242,  3.05887008173453614E-2,  2083.6232252608102,  1.2212667010474152
 21.316659805263019,  907.8947368421052,  16.7847715002071,  6.1171144859119062,  1.6666666666665493,  8.4252451588725599,  5.370905871623938,  0.25195812928904499,  6.84939774636757377E-3,  1.4835179633405954E-3,  0.637477696,  2.99051392022355415E-2,  2136.2977097807634,  1.2326392355491742
 21.593959156571195,  907.8947368421052,  17.003117446119049,  6.0385614116429762,  1.666666666661659,  8.3709738691352644,  5.3619586022170225,  0.24830827529433544,  6.82161297414755723E-3,  1.46798270225260855E-3,  0.640541792,  2.966300924792949E-2,  2126.0783974921951,  1.2439983263762484
 21.441089972768985,  907.8947368421052,  16.882748010054318,  6.0816147244216126,  1.6666666666665155,  8.400762259688852,  5.2498745415162347,  0.2448510945685661,  6.76193746544257856E-3,  1.46031894845628655E-3,  0.624928355,  2.91462949431966073E-2,  2179.1972534840966,  1.25
 21.825244419692474,  907.8947368421052,  17.185231826529506,  5.9745699053172903,  1.6666666666663508,  8.3265015266389479,  5.2761864961876777,  0.24174696066248222,  6.74883329627793977E-3,  1.44460509648311496E-3,  0.633661866,  2.90334373793197514E-2,  2149.162157089097,  1.2613921953796203
 21.68683170323526,  907.8947368421052,  17.076245435618315,  6.0127016371236497,  1.6666666666664225,  8.3530305432827046,  5.1161003650495189,  0.23590816230191741,  6.65623921485816381E-3,  1.42932459485493294E-3,  0.612484336,  2.82422243136209727E-2,  2223.4724373695562,  1.272885993188198
 22.065615942025442,  907.8947368421052,  17.374500741752314,  5.9094859997898093,  1.6666666666661825,  8.2810250158405481,  5.1360647847849181,  0.23276326311164264,  6.64040614153657734E-3,  1.41363280562347912E-3,  0.6202209,  2.81080255966376265E-2,  2195.7372128309476,  1.2843432869816418
 21.941861373301027,  907.8947368421052,  17.277056199449625,  5.9428161662153949,  1.6666666666662768,  8.304345136800384,  4.9822325820719753,  0.22706518066396802,  6.54940803520875133E-3,  1.3981871770413865E-3,  0.599954903,  2.73429363692673927E-2,  2269.9073902611703,  1.2959002047323953
 22.315696391369354,  907.8947368421052,  17.571414481393191,  5.8432614514617258,  1.6666666666659304,  8.2344937066993662,  4.9957721398394632,  0.22386807381812301,  6.53066043050086822E-3,  1.38245779181933137E-3,  0.60668844,  2.71866227350431831E-2,  2244.7141941811233,  1.3074246685430209
 22.206825478460132,  907.8947368421052,  17.485689353118214,  5.8719085540910285,  1.666666666666051,  8.2546541916967708,  4.8480017254229066,  0.21831132855590443,  6.44122050121458036E-3,  1.36686280852550278E-3,  0.587305248,  2.64470592572491302E-2,  2318.7978536901928,  1.3190468918889613
 22.576167473163871,  907.8947368421052,  17.776509821388874,  5.7758451978761594,  1.6666666666655576,  8.1868534253253085,  4.8553715526083074,  0.21506624267139227,  6.41958699821331986E-3,  1.35108284521058466E-3,  0.593069315,  2.62697072364950178E-2,  2296.2613006711799,  1.3306407300773939
 22.482433680390024,  907.8947368421052,  17.702703685346474,  5.7999258594506227,  1.6666666666657068,  8.2039019942418481,  4.7134499593185399,  0.20965034301919822,  6.33165188484183933E-3,  1.33535079336040093E-3,  0.574537575,  2.55549546016453528E-2,  2370.3273233064137,  1.3423305845340465
 22.847777804366928,  907.8947368421052,  17.990376223910964,  5.7071829743354261,  1.6666666666650114,  8.1380460072474037,  4.7149170947206009,  0.20636218419666108,  6.30716888306622359E-3,  1.3195093643464462E-3,  0.57936722,  2.53577067533021505E-2,  2350.5679797686412,  1.3539961462468963
 22.769467242216713,  907.8947368421052,  17.928714363950167,  5.7268115717992227,  1.6666666666651877,  8.1520285025837378,  4.578615784368635,  0.20108576855160173,  6.22067189422181692E-3,  1.30364955506897368E-3,  0.561653554,  2.46669609273162845E-2,  2424.7012841454589,  1.3657561098689712
 23.131352069668864,  907.8947368421052,  18.213663046983356,  5.6372168861541478,  1.6666666666642198,  8.0880087910450325,  4.5744546629000462,  0.19775994352212511,  6.1933814608194299E-3,  1.28773743315450354E-3,  0.565584779,  2.44510050163500164E-2,  2407.8477569553365,  1.3774959026051801
 23.06878886999754,  907.8947368421052,  18.164400685037432,  5.6525051757808251,  1.6666666666644168,  8.0989688179621613,  4.4435327639462292,  0.19262098875969796,  6.10824450359359183E-3,  1.27175664556393063E-3,  0.548654139,  2.37833967618811849E-2,  2482.1503384994453,  1.3893286203324362
 23.427801717348014,  907.8947368421052,  18.447087966415758,  5.5658849285244454,  1.6666666666630867,  8.0366740415397224,  4.4340222506521743,  0.1892632584400637,  6.07819251928476932E-3,  1.25576588881600284E-3,  0.55172354,  2.3549948332084316E-2,  2468.3415804443412,  1.4011453252921771
 23.381354246611835,  907.8947368421052,  18.410515154812465,  5.576941656657163,  1.6666666666632879,  8.0446525781752527,  4.3082312006628021,  0.18425925774513416,  5.99432774267894767E-3,  1.23966875024181526E-3,  0.535539746,  2.2904563740268967E-2,  2542.9338997275681,  1.4130536252313479
 23.738137513626633,  907.8947368421052,  18.691446861123332,  5.4931204443762223,  1.6666666666614842,  7.9839682893940997,  4.293650245814769,  0.18087561767038535,  5.96156226560601906E-3,  1.22359237973606889E-3,  0.53778398,  2.26548517121066793E-2,  2532.3217918664122,  1.4249501147403714
 23.708225613807329,  907.8947368421052,  18.667894184100259,  5.5000509363941612,  1.6666666666616599,  7.9890032587867594,  4.1727359640267672,  0.17600373119554799,  5.87887343702546417E-3,  1.20738168836344978E-3,  0.522309959,  2.20307497060999551E-2,  2607.3445765086321,  1.4369370267033279
 24.063484353212381,  907.8947368421052,  18.947625474970376,  5.41885150854164,  1.6666666666592467,  7.929811571023385,  4.1533650655536176,  0.17260031549314744,  5.84344325687807028E-3,  1.19121341273679569E-3,  0.523765922,  2.17660046455394468E-2,  2600.0968629409185,  1.4489163840649286
 24.0505878475606,  907.8947368421052,  18.937470746110705,  5.4217572275003345,  1.6666666666593479,  7.9319373642594551,  4.0370715311377552,  0.16785749717219584,  5.76182688912290578E-3,  1.17489040767404366E-3,  0.508964121,  2.11622318058820695E-2,  2675.7134046992742,  1.4609851607493227
 24.405098825413191,  907.8947368421052,  19.216613248356843,  5.3430002239243048,  1.6666666666561643,  7.874116549002264,  4.0131865829660711,  0.16444050297136789,  5.72378024329503465E-3,  1.15862438850703646E-3,  0.509668171,  2.08836765303155557E-2,  2672.0170753828343,  1.4730507029497981
 24.409767587726634,  907.8947368421052,  19.220289439154829,  5.3419782888328484,  1.6666666666561163,  7.8733634870059372,  3.901256991495238,  0.15982360661547529,  5.6431264880168119E-3,  1.14218897203612426E-3,  0.495500684,  2.02992795746373723E-2,  2748.4161265313869,  1.4852048442308456
 24.764390167476222,  907.8947368421052,  19.499519816910411,  5.2654819131694639,  1.666666666559228,  7.8167874881875239,  3.8731317597771451,  0.15639923605655492,  5.60250991158779861E-3,  1.1258196243270019E-3,  0.495488942,  2.00081217882538548E-2,  2748.4813700318409,  1.4973601480165717
 24.491171985099943,  907.8947368421052,  19.284387389842472,  5.3242224818264239,  1.6666666666552468,  7.8602677503179086,  3.7874589916738568,  0.15464588600064877,  5.55558744691221455E-3,  1.12260042911892363E-3,  0.481848598,  1.96743789032369949E-2,  2826.2863326376123,  1.5
 25.127675950093575,  907.8947368421052,  19.785571614246908,  5.1893557028855417,  1.666666666646619,  7.7600757863632843,  3.8217929767784797,  0.15209496443753578,  5.54503011169784048E-3,  1.106184955273913E-3,  0.492494285,  1.9599675135236562E-2,  2765.1937196620856,  1.5121755553427547
 24.887936953743427,  907.8947368421052,  19.596800750979074,  5.2393434109526886,  1.6666666666502878,  7.7973616020613248,  3.65408024733703,  0.14682134097728519,  5.43500850496045611E-3,  1.08944617656816568E-3,  0.468630344,  1.88296180772828635E-2,  2906.0049404755855,  1.5245083118305454
 25.511390999453937,  907.8947368421052,  20.087709448388924,  5.111302966456333,  1.6666666666396033,  7.7014952966804007,  3.6786191263678094,  0.14419515733190602,  5.4196006069700672E-3,  1.07300121377394567E-3,  0.477649987,  1.8723007906537175E-2,  2851.1298555135909,  1.5367820949233666
 25.305683948091222,  907.8947368421052,  19.925735392197812,  5.1528521718779805,  1.6666666666435459,  7.7327342341579888,  3.5209204085351637,  0.13913555495104263,  5.31290429309177591E-3,  1.05614355401146762E-3,  0.455326706,  1.79930605058733137E-2,  2990.9120156381091,  1.5492086590272587
 25.917476220077102,  907.8947368421052,  20.407461590611888,  5.0312170594597854,  1.6666666666305407,  7.6409220584366393,  3.535826570075137,  0.13642634438266435,  5.29243714197598965E-3,  1.03958344347716662E-3,  0.462748677,  1.78546965064289229E-2,  2942.9411414447527,  1.5615850219154648
 25.746474216105998,  907.8947368421052,  20.272814343390547,  5.0646332154420683,  1.6666666666345693,  7.6662546650494967,  3.3874708436258287,  0.13157027698459506,  5.18879778450967531E-3,  1.02260488690188449E-3,  0.441867769,  1.71622627649489351E-2,  3082.0128591695384,  1.5741100973275817
 26.348143761776008,  907.8947368421052,  20.74656989116221,  4.9489804549021352,  1.6666666666190002,  7.5782183056407728,  3.3934142155447402,  0.12879139216374422,  5.16344238399787936E-3,  1.00592203857430046E-3,  0.447785228,  1.69949435301803842E-2,  3041.2842109501976,  1.586593784497055
 26.212664275005142,  907.8947368421052,  20.639893129925309,  4.974559134120156,  1.6666666666228489,  7.5977769801104289,  3.253747198316669,  0.12412882657212099,  5.06258731517373987E-3,  9.88819321712543914E-4,  0.428249896,  1.63375191055314256E-2,  3180.0173089154623,  1.5992224949854812
 26.805928394211612,  907.8947368421052,  21.107030231662684,  4.8644630615512199,  1.6666666666045202,  7.5132302336077901,  3.251378048333315,  0.12129324861787232,  5.03250757960543773E-3,  9.72006146254498831E-4,  0.432753682,  1.6143954710093892E-2,  3146.9219660126982,  1.6118186958545679
 26.706962986389538,  907.8947368421052,  21.029104713692547,  4.8824888314596908,  1.666666666607844,  7.5271378865108725,  3.119765340364332,  0.11681467743985691,  4.93416017399959765E-3,  9.54774895493045199E-4,  0.414469004,  1.55191361180185786E-2,  3285.7514686907721,  1.6245566423867983
 27.293751280070634,  907.8947368421052,  21.491142740213096,  4.7775202159437864,  1.6666666665866274,  7.445785301253796,  3.1097132529706508,  0.11393498794786004,  4.89951140738856782E-3,  9.37823602020244483E-4,  0.417647451,  1.53019437625571235E-2,  3260.7456712531298,  1.6372710534209711
 27.232502744604304,  907.8947368421052,  21.442915546932522,  4.7882653214683284,  1.6666666665890104,  7.4541537445832766,  2.9855398560455337,  0.10963148652545361,  4.80339111983865003E-3,  9.20458415696233921E-4,  0.400520295,  1.47074356502399379E-2,  3400.1826314593304,  1.6501243819992097
 27.814999861893401,  907.8947368421052,  21.90157469440425,  4.6879902629267738,  1.6666666665648586,  7.3756889456188759,  2.9684128043945672,  0.10671985438992737,  4.76431851183820639E-3,  9.03360832864520159E-4,  0.402459055,  1.44691370767904282E-2,  3383.8029476737984,  1.662963280723232
 27.792929105887598,  907.8947368421052,  21.884196146368186,  4.6917130619369258,  1.6666666665658334,  7.378616933625306,  2.8510855931536256,  0.10258312568914911,  4.67014058386445476E-3,  8.85855313306078735E-4,  0.386398375,  1.39027580116897805E-2,  3524.4509785065306,  1.6759387635161831
 28.37362892541244,  907.8947368421052,  22.341440098749953,  4.595691614431697,  1.6666666665387884,  7.3027205446647638,  2.8274690855572766,  9.96513060760211844E-2,  4.62677765118952537E-3,  8.68602723587370905E-4,  0.387180239,  1.36457783734891293E-2,  3517.3335897246275,  1.6889090973688414
 28.392514795406534,  907.8947368421052,  22.356310862524829,  4.5926346948626868,  1.6666666665378627,  7.3002913626366377,  2.7164174977103066,  9.56737168837439172E-2,  4.53425247589094547E-3,  8.5094946275766773E-4,  0.372097135,  1.31054655398287496E-2,  3659.9103212818086,  1.7020142305058281
 28.974289833038103,  907.8947368421052,  22.814401443337086,  4.5004191400006626,  1.6666666665080556,  7.2266284083490815,  2.686874480577857,  9.27330603512937224E-2,  4.48671937029347656E-3,  8.33532439911725755E-4,  0.371801943,  1.28321334806916591E-2,  3662.8158850981849,  1.715123724393951
 29.036306353275176,  907.8947368421052,  22.863233349035571,  4.4908070243856759,  1.6666666665047452,  7.2189068699869798,  2.5815503969768421,  8.89076717520337761E-2,  4.39555148780519829E-3,  8.15722960305992448E-4,  0.3576096,  1.23159466319855901E-2,  3808.181065995519,  1.7283668468560762
 29.622497731920955,  907.8947368421052,  23.324801363717285,  4.4019396926167893,  1.6666666664124077,  7.1471234986832206,  2.5466206130946487,  8.59691421383672189E-2,  4.34395307985489289E-3,  7.98131199906111513E-4,  0.356314063,  1.20284954015704489E-2,  3822.0272249039326,  1.7416241345207635
 29.470461755883186,  907.8947368421052,  23.205087996758412,  4.4246489797351467,  1.6666666664809218,  7.165535528832339,  2.4570051721538859,  8.33717893184728331E-2,  4.27232917372523911E-3,  7.86993664972449871E-4,  0.342892051,  1.16351093345368837E-2,  3971.6351744387848,  1.75
 30.304088852764345,  907.8947368421052,  23.861487285641214,  4.3029324916564287,  1.666666666432826,  7.0662908425387059,  2.4484049803459729,  8.07945395439879782E-2,  4.23520779413247197E-3,  7.69350265246188645E-4,  0.34649083,  1.14337976378794132E-2,  3930.3843822982476,  1.7633560324440023
 30.22031137219853,  907.8947368421052,  23.795520765510652,  4.3148611854843573,  1.6666666664377754,  7.076078735164165,  2.3238364568934569,  7.68965118304161116E-2,  4.12891995962917386E-3,  7.51081381907346256E-4,  0.328407377,  1.0867107999842248E-2,  4146.807159911662,  1.7768996477766641
 31.046398776883812,  907.8947368421052,  24.445983288884889,  4.2000506888026798,  1.6666666663882084,  6.9813033334244254,  2.3064013853484329,  7.42888537854394793E-2,  4.08576183247387394E-3,  7.33275933333323851E-4,  0.33036831,  1.06411153100548304E-2,  4122.193525537421,  1.7904245290819558
 31.034305832267236,  907.8947368421052,  24.436461285249791,  4.2016872963822305,  1.6666666663889425,  6.9826633814374635,  2.1905428034358447,  7.05845603796002724E-2,  3.98220649549809683E-3,  7.14829980088191102E-4,  0.313711643,  1.01085440502889611E-2,  4341.063254599886,  1.8041330188050499
 31.858804388869501,  907.8947368421052,  25.085672747141338,  4.0929485925041673,  1.6666666663384611,  6.8917162373271941,  2.1649743638868397,  6.79552943759639816E-2,  3.93303152834036367E-3,  6.96807298910855836E-4,  0.314141542,  9.86043128239983899E-3,  4335.1224942884855,  1.8178388384575359
 31.922807905185806,  907.8947368421052,  25.136069216681737,  4.0847424503112642,  1.6666666663345229,  6.8848040103565076,  2.0568972536854973,  6.44334680572752061E-2,  3.83168179229235583E-3,  6.78170497943362182E-4,  0.298759013,  9.35879481251038897E-3,  4558.3298404670913,  1.831725528173763
 32.752875072938821,  907.8947368421052,  25.789665411762847,  3.981221444164083,  1.6666666662835097,  6.7970021865456358,  2.0241021093008378,  6.1799220675542825E-2,  3.77669807446983025E-3,  6.59914319885605252E-4,  0.297793359,  9.09212899737940963E-3,  4573.1109729036771,  1.8456261598919705
 32.898693896040477,  907.8947368421052,  25.904483382709035,  3.9635752414088072,  1.6666666662745735,  6.7819220808360123,  1.9229282692712117,  5.84499904177811225E-2,  3.67701411263127772E-3,  6.41070759772926959E-4,  0.283537358,  8.61849925745179768E-3,  4803.0427568664136,  1.8597063561863723
 33.743083158400495,  907.8947368421052,  26.569356817638184,  3.864390459045731,  1.6666666662231866,  6.6965288293079448,  1.8837641497781912,  5.58266724770178357E-2,  3.61639177126345029E-3,  6.22562691830705686E-4,  0.281304568,  8.33665827475982973E-3,  4841.1662362790921,  1.8738178608393732
 33.978199438571338,  907.8947368421052,  26.754487746906563,  3.8376503397719359,  1.6666666662089997,  6.673319887800413,  1.7886667530296125,  5.26416016786317789E-2,  3.51781541877949381E-3,  6.03493876156716274E-4,  0.268032521,  7.88836779349759779E-3,  5080.8835972354127,  1.8881093135366545
 34.847818422629274,  907.8947368421052,  27.439227104432497,  3.7418826927433875,  1.6666666661570941,  6.5895282834015374,  1.74394135644965,  5.00444938607907883E-2,  3.45167947361119196E-3,  5.84712882396587908E-4,  0.264653444,  7.59454876107727196E-3,  5145.7559848822166,  1.9024504700538125
 35.182142156685494,  907.8947368421052,  27.702474139122433,  3.7063248752892854,  1.6666666661373708,  6.5581445435840511,  1.6541458692579993,  4.70166324154622922E-2,  3.35362686468258916E-3,  5.65397131001637633E-4,  0.252227724,  7.16919733973529066E-3,  5399.2563013395156,  1.9169739868950857
 36.09087369228746,  907.8947368421052,  28.418010781328707,  3.6130033805385775,  1.6666666660844107,  6.4750544694455243,  1.6046179262540046,  4.44604911267089745E-2,  3.28204768990942924E-3,  5.46318854970696626E-4,  0.247815356,  6.86642735385610461E-3,  5495.3901709897837,  1.9315670054484262
 36.537737435305992,  907.8947368421052,  28.769871996303927,  3.5688156360326815,  1.6666666660586729,  6.4353370605538132,  1.5194016076371477,  4.15844478735161935E-2,  3.1838990763893662E-3,  5.26730501263920556E-4,  0.236102879,  6.46189119267942622E-3,  5768.0028510008651,  1.9463472865181264
 37.503684321197746,  907.8947368421052,  29.530460095431295,  3.47689703133585,  1.6666666660036182,  6.3519220044486895,  1.4657804580427274,  3.90836387347417644E-2,  3.10687935517044156E-3,  5.07326352739288409E-4,  0.230761722,  6.15304134833028361E-3,  5901.5078609791171,  1.9612187880571263
 38.081380642220999,  907.8947368421052,  29.985339088362988,  3.4241523414079356,  1.6666666659709706,  6.3035584073559354,  1.3844745979306146,  3.63556837698610427E-2,  3.00796473583312719E-3,  4.87434649296983661E-4,  0.219633818,  5.76748582632879113E-3,  6200.5117766301109,  1.9762855859386164
 39.128820194692324,  907.8947368421052,  30.810094641490018,  3.3324911935240618,  1.6666666658970395,  6.2186161052089366,  1.3274199458068234,  3.39243543282179219E-2,  2.92542113172385935E-3,  4.67670544621208483E-4,  0.21345906,  5.45529001216229787E-3,  6379.874876720497,  1.991467982739815
 39.069367036283687,  907.8947368421052,  30.763281130932036,  3.3375623563418984,  1.6666666659154217,  6.2233458443061807,  1.2617482070165391,  3.22950771592954572E-2,  2.85322268050243206E-3,  4.56475507330060364E-4,  0.20274435,  5.18934315515224686E-3,  6717.0408972553323,  2.
 40.900262831234812,  907.8947368421052,  32.204931363177018,  3.1881567430170374,  1.6666666658126073,  6.0824573799984361,  1.2377751984549559,  3.02632587366047021E-2,  2.79381587467730005E-3,  4.36852405317046362E-4,  0.203499198,  4.97549869171668314E-3,  6692.1249756731077,  2.015378082368346
 41.139311036842109,  907.8947368421052,  32.393158296726071,  3.1696313198769226,  1.6666666657991005,  6.0647599655664717,  1.1313042838059428,  2.74993482026712165E-2,  2.66706662160876235E-3,  4.15819983737660828E-4,  0.186537355,  4.53428468048243209E-3,  7300.6404513472889,  2.0311123685328036
 43.00951477357772,  907.8947368421052,  33.865759664234425,  3.0318046938751482,  1.6666666656924436,  5.9314360505187445,  1.0953481386649115,  2.54675764771104887E-2,  2.59533459519914293E-3,  3.95741034162349074E-4,  0.184668288,  4.29366114043886176E-3,  7374.531731397301,  2.0468925684984032
 43.592012579446674,  907.8947368421052,  34.324419353895017,  2.991292236028058,  1.6666666656586635,  5.891673396049919,  1.0001750626541539,  2.2943998181296988E-2,  2.47169392658484798E-3,  3.7436154445893245E-4,  0.169760779,  3.89430924610991271E-3,  8022.1245815255434,  2.0630274680716081
 45.574374790589246,  907.8947368421052,  35.88533448077893,  2.8611791037256298,  1.666666665541217,  5.7621129099224788,  0.95447319726944801,  2.09431982256350138E-2,  2.38786677165514407E-3,  3.53711949911100613E-4,  0.165646389,  3.63463863916487807E-3,  8221.3814646276551,  2.0792712613993518
 46.573634119445174,  907.8947368421052,  36.672152849956824,  2.7997911543611131,  1.6666666654802766,  5.6999633123051821,  0.86823215740372295,  1.86421389744328078E-2,  2.26512051275695519E-3,  3.31910697143262591E-4,  0.152322412,  3.27057174810017242E-3,  8940.5235262912847,  2.095880294664771
 48.780477100699564,  907.8947368421052,  38.409824488739808,  2.6731277885153597,  1.6666666653410647,  5.5695371104133287,  0.81505542580541768,  1.67086406145460706E-2,  2.16940421953175496E-3,  3.10611448371339431E-4,  0.146341681,  3.00000525776298894E-3,  9305.9068037694124,  2.1126704246632211
 50.322334340046069,  907.8947368421052,  39.623885307122883,  2.5912241674547447,  1.6666666652396713,  5.4835490735549923,  0.7356739083715288,  1.4619231901357839E-2,  2.04508273833023217E-3,  2.8829060769776523E-4,  0.134160176,  2.66601642572338125E-3,  10150.867495736395,  2.1298537422536659
 52.941542327866131,  907.8947368421052,  41.686253801469391,  2.463027014779247,  1.6666666650592026,  5.3461831057191338,  0.67704217901843378,  1.27884859462689352E-2,  1.93716727292809966E-3,  2.66237256092752533E-4,  0.12664029,  2.39207780455336864E-3,  10753.624509101663,  2.1473065130260727
 55.258926195491625,  907.8947368421052,  43.510965508261116,  2.3597354850108885,  1.6666666648905339,  5.2328815360730854,  0.6027591677584585,  1.09079055679133247E-2,  1.80833840516275495E-3,  2.43264359384928887E-4,  0.115186855,  2.0844931215658574E-3,  11822.895499374972,  2.1652077190093881
 58.640799323944066,  907.8947368421052,  46.173857735389021,  2.2236471976365286,  1.6666666646289219,  5.0797481757428864,  0.54045911945565006,  9.216435091402745E-3,  1.68709627145383415E-3,  2.2031289883417556E-4,  0.106394865,  1.8143488166231566E-3,  12799.885701509917,  2.1834965192316491
 62.216379304423526,  907.8947368421052,  48.989275042853166,  2.0958540279707507,  1.6666666643321248,  4.931621722971939,  0.46986654149189783,  7.55213602884215098E-3,  1.54995645184946833E-3,  1.96502069874004515E-4,  9.527627379E-2,  1.5313696899467411E-3,  14293.611652135931,  2.202336651003733
 66.097760455461369,  907.8947368421052,  52.045480673591626,  1.9727816551394683,  1.6666666639864949,  4.7846343215816605,  0.40857162470985425,  6.18132343045981261E-3,  1.42362573852728618E-3,  1.75106577143053685E-4,  8.539244533E-2,  1.2919113593651704E-3,  15948.039313021778,  2.2193945428398418
 70.138717889712694,  907.8947368421052,  55.227336921033611,  1.8591222267636922,  1.6666666636008811,  4.6447592917596223,  0.35469293214848879,  5.0570206700713315E-3,  1.30690864622865421E-3,  1.5605091509135016E-4,  7.636411488E-2,  1.08875839465849425E-3,  17833.53424489059,  2.2346492804745157
 74.504625570005231,  907.8947368421052,  58.665059503941123,  1.7501792475112599,  1.6666666631552427,  4.5066154924337738,  0.30853022783039313,  4.14108830221625573E-3,  1.2006362896277848E-3,  1.3909766757014787E-4,  6.846162677E-2,  9.18890974650220997E-4,  19892.04978177516,  2.2483256941121743
 71.361393346288125,  907.8947368421052,  56.190073501014268,  1.8272688257153551,  1.666666663478825,  4.604796721500513,  0.28188279531731747,  3.9500740706410074E-3,  1.16005040788423326E-3,  1.37323606455399963E-4,  6.121503562E-2,  8.57817252213870099E-4,  22246.856938597932,  2.25
 83.058648713418336,  907.8947368421052,  65.400510797967186,  1.5699322324355802,  1.6666666621957087,  4.2682484650702364,  0.28363464996857241,  3.41487181993291615E-3,  1.12031933182107132E-3,  1.22927599081812746E-4,  6.645223498E-2,  8.0006397187955703E-4,  20493.549508349741,  2.2632759443387904
 81.316982274347325,  907.8947368421052,  64.029119901060881,  1.6035574131107424,  1.6666666623999236,  4.3137154789979091,  0.2163882060460697,  2.66104577535161355E-3,  9.83739018486392289E-4,  1.09091087386919142E-4,  5.016283691E-2,  6.16880225018870171E-4,  27148.42619556818,  2.2732969877894136
 92.806288241593677,  907.8947368421052,  73.075817513065886,  1.4050389540236456,  1.6666666609685239,  4.0378801239337276,  0.21115821584917016,  2.27525758831756582E-3,  9.40195240374669936E-4,  9.75953995805392733E-5,  5.229432508E-2,  5.63478240681646557E-4,  26041.872466224584,  2.2837447073859254
 92.44146810289871,  907.8947368421052,  72.788557561337555,  1.4105839383524086,  1.6666666610166518,  4.0458400227318156,  0.16594968070108063,  1.79518652433678823E-3,  8.34314727567048013E-4,  8.67753737516302801E-5,  4.101736099E-2,  4.4371169256579991E-4,  33201.603117986306,  2.2919391420918864
 103.88773725130167,  907.8947368421052,  81.801367914410761,  1.2551669144512063,  1.6666666594100348,  3.8164535374158226,  0.15801688840190847,  1.52103497115015649E-3,  7.9071337222109473E-4,  7.75777071953273834E-5,  4.14041169E-2,  3.98546702124944992E-4,  32891.467857592703,  2.3002113601185172
 104.89477317816051,  907.8947368421052,  82.59430958910275,  1.2431167608108726,  1.6666666592594099,  3.7980895396332963,  0.12712897981611684,  1.21196674852622394E-3,  7.07525711019030517E-4,  6.90820636242232134E-5,  3.347182274E-2,  3.19099045949095429E-4,  40686.226119235922,  2.3068986237052482
 116.4623620183298,  907.8947368421052,  91.702647258527392,  1.1196445695502446,  1.6666666574475286,  3.6045356555301216,  0.11877987966505507,  1.01989925542499051E-3,  6.66244210786903529E-4,  6.17363076334365672E-5,  3.295289353E-2,  2.82948860239528742E-4,  41326.937239742947,  2.3134825274885942
 118.85593714281825,  907.8947368421052,  93.587352080959249,  1.0970966570311491,  1.6666666570491788,  3.5680561685576366,  9.73514561828475594E-2,  8.19071049177270646E-4,  6.001010968532816E-4,  5.50445062218089682E-5,  2.728417143E-2,  2.29556657878615959E-4,  49913.266193547548,  2.318933770645625
 130.71099567820778,  907.8947368421052,  102.92204384110848,  0.9975935936526068,  1.6666666550012588,  3.402405416483409,  8.96442533953912546E-2,  6.85820295423879983E-4,  5.62330461921973319E-4,  4.91853253864882114E-5,  2.63473168E-2,  2.01569246304785345E-4,  51688.076442879421,  2.3241980324610347
 134.52568912973064,  907.8947368421052,  105.92573947222884,  0.9693052156636961,  1.6666666543002608,  3.3538181423063449,  7.45658948712919628E-2,  5.54287406593200393E-4,  5.09186904009456933E-4,  4.39010201815542346E-5,  2.2233136E-2,  1.65270561215352451E-4,  61252.813005228039,  2.328640246428296
 146.8385392853134,  907.8947368421052,  115.62089707504991,  0.88802608243975556,  1.6666666519876141,  3.2101261122234686,  6.79068865624032625E-2,  4.62459556099410578E-4,  4.753957628666276E-4,  3.92315329983416203E-5,  2.115396224E-2,  1.44062737703189988E-4,  64377.639384740316,  2.3328669662791395
 152.12933223541091,  907.8947368421052,  119.7868757759141,  0.85714208554303084,  1.6666666509248187,  3.1538108468889998,  5.71584082577354519E-2,  3.75722458277960656E-4,  4.32309949961851665E-4,  3.50500588752144078E-5,  1.812360063E-2,  1.19132844840261413E-4,  75141.921441498213,  2.3364881929993531
 165.0769085310142,  907.8947368421052,  129.98181774095605,  0.78991335025854625,  1.666666648322402,  3.0276032176344541,  5.16234147807260943E-2,  3.12723408249522832E-4,  4.02541065345001078E-4,  3.13304785250892367E-5,  1.705091819E-2,  1.03290750395575886E-4,  79869.140317963058,  2.3398951727193462
 171.91998147666524,  907.8947368421052,  135.3700641548545,  0.75847177962354351,  1.6666666468383946,  2.9667362868907223,  4.38715019101974871E-2,  2.55185597204744482E-4,  3.67339882965471843E-4,  2.80159210863699825E-5,  1.478779968E-2,  8.60155984650023904E-5,  92092.274512543139,  2.3428499586981748
 185.68836840517318,  907.8947368421052,  146.21131370486077,  0.70223275845696631,  1.6666666439239144,  2.8546296409958569,  3.93819223173920083E-2,  2.12086105318415964E-4,  3.41397785001339442E-4,  2.50534967196378933E-5,  1.379580796E-2,  7.42954890794268795E-5,  98714.199067422844,  2.3456065874796344
 194.18220143549564,  907.8947368421052,  152.89937120905168,  0.67151600285356883,  1.6666666419649914,  2.791498575968363,  3.37327360468042334E-2,  1.73716931078123023E-4,  3.12450947000315383E-4,  2.24221438833959609E-5,  1.208409574E-2,  6.2230707396245441E-5,  112697.06752350827,  2.348021195671858
 208.96930343478465,  907.8947368421052,  164.54275861006664,  0.62399814012423527,  1.6666666387164641,  2.6909205347853007,  3.01493007355410556E-2,  1.44276214777718978E-4,  2.90018973022129734E-4,  2.00625052229600511E-5,  1.120408438E-2,  5.36159328797237335E-5,  121548.72674155957,  2.3502599998123732
 219.23609510868232,  907.8947368421052,  172.62684654226953,  0.59477640918610186,  1.6666666362407248,  2.6271573861990913,  2.59944075892664869E-2,  1.18568098834314438E-4,  2.66084979901992592E-4,  1.79706725540158487E-5,  9.894499555E-3,  4.51317075471660038E-5,  137636.28883484734,  2.352237130144966
 235.25447672895444,  907.8947368421052,  185.23974545586964,  0.55427832993324588,  1.6666666326349018,  2.5361396937513998,  2.31649326874416653E-2,  9.84675566246523128E-5,  2.46796770852021348E-4,  1.60905364961743225E-5,  9.133934043E-3,  3.8825762187808102E-5,  149096.99588908159,  2.3540623089314563
 247.44190099338044,  907.8947368421052,  194.83614251447278,  0.52697808589764483,  1.6666666296160004,  2.4728939807551291,  2.00841215325247985E-2,  8.11670188699800319E-5,  2.26916735675005798E-4,  1.44254677974843938E-5,  8.121707477E-3,  3.28226844748090107E-5,  167679.29535121765,  2.3556852273773021
 264.92183688856858,  907.8947368421052,  208.599871565802,  0.49220729426270188,  1.6666666256293177,  2.3899193187964589,  1.78660110155613519E-2,  6.74388001281773375E-5,  2.1039856648314418E-4,  1.29265877202699676E-5,  7.475570776E-3,  2.82180237624669628E-5,  182172.33785033241,  2.3571790490304392
 279.20516167129392,  907.8947368421052,  219.8465839931448,  0.4670274030524118,  1.6666666220568076,  2.327986174603188,  1.55650980414725731E-2,  5.57478868371113559E-5,  1.93822185440872743E-4,  1.1599566651956396E-5,  6.686078385E-3,  2.39468289997958195E-5,  203683.25690239912,  2.3585151138039131
 298.39793870102102,  907.8947368421052,  234.95900685119764,  0.43698848400007095,  1.6666666176683722,  2.2518746308640023,  1.38343406314298083E-2,  4.63620515629593476E-5,  1.79716809111557714E-4,  1.04037711295793875E-5,  6.14347728E-3,  2.05882027922536216E-5,  221672.86447831886,  2.3597427634089745
 314.98253538613659,  907.8947368421052,  248.01774439853273,  0.41397998118044843,  1.6666666135455015,  2.1917896909171195,  1.21048051932465383E-2,  3.84300851608686012E-5,  1.65850091142344424E-4,  9.3448530696942731E-6,  5.522795022E-3,  1.75336554050439672E-5,  246585.67918226382,  2.3608463853199759
 336.16405291111573,  907.8947368421052,  264.69610465442179,  0.38789532774824437,  1.6666666087402842,  2.1216145295792583,  1.07580961520439295E-2,  3.20025166630280578E-5,  1.53829032132894348E-4,  8.39001373874349312E-6,  5.070711952E-3,  1.50840391677438891E-5,  268570.23100107396,  2.3618596746812126
 355.2883332497492,  907.8947368421052,  279.75459311003874,  0.36701589848304178,  1.6666666040807727,  2.0637241319344706,  9.4504783517369035E-3,  2.65994621106416944E-5,  1.42196886901009209E-4,  7.54396413835761078E-6,  4.579332191E-3,  1.28890590069847128E-5,  297388.82141507929,  2.3627747717020378
 378.76305279299731,  907.8947368421052,  298.23862424645455,  0.34426924015128846,  1.6666665988514953,  1.9987492374653817,  8.40405389945780845E-3,  2.2188157148682703E-5,  1.31965663136687734E-4,  6.78074075219360522E-6,  4.204656463E-3,  1.11010209448882909E-5,  323889.0542350465,  2.3636150007984047
 400.70187779784078,  907.8947368421052,  315.51328960459904,  0.32542016178565525,  1.6666665936762985,  1.9432623018644313,  7.41016259940998311E-3,  1.8492957323772384E-5,  1.22184736097466436E-4,  6.10388392625026821E-6,  3.813259071E-3,  9.51644937795048016E-6,  357133.41419966886,  2.3643770146043339
 426.80717897379333,  907.8947368421052,  336.06864486125454,  0.30551611590222877,  1.6666665880235503,  1.8828956665888941,  6.59731727503176917E-3,  1.54573717134607061E-5,  1.13483881772978565E-4,  5.49311036531633651E-6,  3.503814572E-3,  8.20936177598396054E-6,  388674.18639346818,  2.3650771930846424
 451.87579113362267,  907.8947368421052,  355.80770955403358,  0.28856707037654278,  1.6666665823579194,  1.8299219879172595,  5.83815044785132575E-3,  1.29198124359983112E-5,  1.05242535547893257E-4,  4.95087276421435036E-6,  3.190382151E-3,  7.06030777339481064E-6,  426858.66735350271,  2.3657147344192855
 480.98679628150114,  907.8947368421052,  378.72976085157569,  0.27110198452480955,  1.6666665762887942,  1.7736810864306967,  5.20640647133986927E-3,  1.0824426882942491E-5,  9.78462476193272081E-5,  4.4614661055254058E-6,  2.935367869E-3,  6.10280335385728631E-6,  463942.63585574046,  2.3663013155827546
 509.54533151368355,  907.8947368421052,  401.2167964674673,  0.25590750956943598,  1.6666665701596102,  1.7232595660748065,  4.62384033847260296E-3,  9.07444337421331159E-6,  9.08895883731295856E-5,  4.02645382594670587E-6,  2.683194354E-3,  5.26585985817727439E-6,  507545.16688583,  2.3668374999916471
 542.0802670361071,  907.8947368421052,  426.83485593394255,  0.24054828524349944,  1.6666665636854261,  1.6707455439610455,  4.13226210635927928E-3,  7.62297091726367709E-6,  8.46031366702655889E-5,  3.63374682844955985E-6,  2.473304281E-3,  4.56261633904523011E-6,  550616.56777961273,  2.3673317403903789
 574.53890783024792,  907.8947368421052,  452.39284081121878,  0.22695848592557352,  1.6666665571187469,  1.6228649757393088,  3.68325027757452185E-3,  6.4107932106336495E-6,  7.8721648609098553E-5,  3.28423676454818214E-6,  2.269597491E-3,  3.9502936513329848E-6,  600036.96206925437,  2.367785268678317
 610.9650769270454,  907.8947368421052,  481.07486372208297,  0.21342706410795831,  1.6666665502523506,  1.5737433777986087,  3.30009170900007155E-3,  5.40144065227098463E-6,  7.33782479439016986E-5,  2.96865100337297178E-6,  2.096969401E-3,  3.43222454719819315E-6,  649433.59955638228,  2.3682042983877758
 647.78991519194165,  907.8947368421052,  510.07079936373356,  0.20129440368121193,  1.6666665432711385,  1.5283577258084664,  2.95257048003919487E-3,  4.55791375061750579E-6,  6.83990446032107667E-5,  2.6874039071185001E-6,  1.931858249E-3,  2.98222966629522089E-6,  704939.0503897462,  2.3685903285137857
 688.63036493101583,  907.8947368421052,  542.22863380394938,  0.18935628380043548,  1.6666665360241475,  1.4823440776227006,  2.65330911132114497E-3,  3.8530237366556949E-6,  6.38566049273526419E-5,  2.43339572189217759E-6,  1.789941452E-3,  2.59927758664166266E-6,  760830.67108188779,  2.3689479967046365
 730.35005274312061,  907.8947368421052,  575.07878168749653,  0.17853971323800411,  1.6666665286461613,  1.4393836776927926,  2.38327691760527533E-3,  3.26319813389775693E-6,  5.96366074910949137E-5,  2.20672084569319832E-6,  1.655762084E-3,  2.26708012913442295E-6,  822486.75330828468,  2.3692788465112273
 776.19102766315791,  907.8947368421052,  611.17403753004555,  0.16799536012197788,  1.666666521026317,  1.3962326707704624,  2.14901950789219299E-3,  2.76867340918514643E-6,  5.57745998266615984E-5,  2.00194505554644458E-6,  1.539155724E-3,  1.98295990857838221E-6,  884798.34254568571,  2.3695863919112994
 823.40430567876092,  907.8947368421052,  648.34984699115023,  0.15836265683136574,  1.6666665132621201,  1.3556124139955212,  1.93842988525221287E-3,  2.35416541859175073E-6,  5.21951580135597131E-5,  1.81896209872010783E-6,  1.429929282E-3,  1.73660656562822593E-6,  952384.42651584093,  2.3698721054942991
 874.90358991242022,  907.8947368421052,  688.90046449796864,  0.14904098845458214,  1.6666665052546294,  1.3151097686980242,  1.75464444945354781E-3,  2.00552890386912021E-6,  4.89117227374575683E-5,  1.6536091253878728E-6,  1.334219007E-3,  1.5249897397193088E-6,  1020703.825364558,  2.3701386901301169
 928.79114737009013,  907.8947368421052,  731.33161210243316,  0.14039377817842344,  1.6666664968189906,  1.2763890454866902,  1.58945480411246598E-3,  1.71131562869073924E-6,  4.58620036148222094E-5,  1.50485269562105812E-6,  1.245274558E-3,  1.34074766211912335E-6,  1093608.1861669724,  2.3703886901301168
 994.36058998765316,  907.8947368421052,  782.96109447846698,  0.13113603093486845,  1.6666664873740376,  1.2335880368332739,  1.43869226546694258E-3,  1.44685169812784986E-6,  4.2894976700037836E-5,  1.36029933134692154E-6,  1.166266389E-3,  1.17288077942296047E-6,  1167694.142359134,  2.3706386901301166
 1066.221982797515,  907.8947368421052,  839.54486834449995,  0.12229770746218618,  1.6666664769685531,  1.1912921586061012,  1.29291298377540013E-3,  1.2126114932252391E-6,  3.99605265149837355E-5,  1.22379136815702939E-6,  1.085303025E-3,  1.01789597494210248E-6,  1254803.8765260733,  2.3708886901301165
 1152.4062098176114,  907.8947368421052,  907.40646442331604,  0.1131515141507831,  1.6666664653264394,  1.1458804313823472,  1.15956685783403092E-3,  1.0062136334583596E-6,  3.71154689712581824E-5,  1.09333224709842815E-6,  1.011944027E-3,  8.78113986329709189E-7,  1345768.6414013982,  2.3711386901301164
 1250.0889499896409,  907.8947368421052,  984.32200786585895,  0.10430978639658832,  1.6666664523999635,  1.1001999933021349,  1.03434360895884371E-3,  8.27416007802123632E-7,  3.43483316607889514E-5,  9.71482964846570222E-7,  9.401414427E-4,  7.52059637192617389E-7,  1448550.6987016948,  2.3713886901301162
 1366.6520933854974,  907.8947368421052,  1076.1040105397617,  9.54131020122989115E-2,  1.6666664379096077,  1.0522358851483267,  9.2094321342495373E-4,  6.73868090997078896E-7,  3.16964337494282029E-5,  8.57395926553180681E-7,  8.752250578E-4,  6.40415424438873059E-7,  1555991.256404845,  2.3716386901301161
 1501.6846598600018,  907.8947368421052,  1182.4288660314974,  8.68334903026034832E-2,  1.6666664217264602,  1.003812778538782,  8.17897337626218479E-4,  5.44653180901012072E-7,  2.91751551655554644E-5,  7.52876605502711588E-7,  8.147907211E-4,  5.42584426643627878E-7,  1671401.7337465517,  2.3718886901301159
 1662.2550940869546,  907.8947368421052,  1308.8622788086257,  7.84455563647827453E-2,  1.6666664035721839,  0.9540985887916702,  7.27033603262410271E-4,  4.37377886516787478E-7,  2.68170683759636004E-5,  6.57752432779231458E-7,  7.620109827E-4,  4.5842001199342516E-7,  1787169.2697399147,  2.3721386901301158
 1849.5709177923541,  907.8947368421052,  1456.3550533798061,  7.05009634248776884E-2,  1.666666383288244,  0.90449588023033667,  6.48273612481652843E-4,  3.50499453102209662E-7,  2.46558451788245981E-5,  5.73303245434741881E-7,  7.167236763E-4,  3.87508070255612832E-7,  1900094.5071980741,  2.3723886901301157
 2069.450455369883,  907.8947368421052,  1629.4885475353408,  6.30102247319436481E-2,  1.6666663606650056,  0.85509539469302431,  5.82604819518532267E-4,  2.81526348740327278E-7,  2.27264584049450341E-5,  4.99579082042269256E-7,  6.813331274E-4,  3.29233849799172492E-7,  1998791.26615312,  2.3726386901301155
 2321.9352347979529,  907.8947368421052,  1828.2954604708289,  5.61585627580325972E-2,  1.6666663356506859,  0.80726668492344944,  5.305011740255178E-4,  2.2847370981593555E-7,  2.10711931498130572E-5,  4.37284493501055565E-7,  6.57157274E-4,  2.83021353516652286E-7,  2072324.0523904311,  2.3728886901301154
