  0.00000000000000000D+00
  0.73271857914560179D+00
  0.14654382007817930D+01
  0.21981578268170190D+01
  0.29308774533963575D+01
  0.36635970801704052D+01
  0.43963167070205191D+01
  0.51290363339015412D+01
  0.58617559607954659D+01
  0.65944755876949070D+01
  0.73271952145967596D+01
  0.80599148414996939D+01
  0.87926344684031204D+01
  0.95253540953067741D+01
  0.10258073722210542D+02
  0.10990793349114364D+02
  0.11723512976018213D+02
  0.12456232602922075D+02
  0.13188952229825937D+02
  0.13921671856729816D+02
  0.14654391483633695D+02
  0.15387111110537575D+02
  0.16119830737441454D+02
  0.16852550364345333D+02
  0.17585269991249213D+02
  0.18317989618153092D+02
  0.19050709245056971D+02
  0.19783428871960851D+02
  0.20516148498864730D+02
  0.21248868125768610D+02
  0.21981587752672489D+02
  0.22714307379576368D+02
  0.23447027006480248D+02
  0.24179746633384127D+02
  0.24912466260288006D+02
  0.25645185887191886D+02
  0.26377905514095765D+02
  0.27110625140999645D+02
  0.27843344767903524D+02
  0.28576064394807403D+02
  0.29308784021711283D+02
  0.30041503648615162D+02
  0.30774223275519041D+02
  0.31506942902422921D+02
  0.32239662529326786D+02
  0.32972382156230630D+02
  0.33705101783134474D+02
  0.34437821410038318D+02
  0.35170541036942161D+02
  0.35903260663846005D+02
  0.36635980290749849D+02
  0.37368699917653693D+02
  0.38101419544557537D+02
  0.38834139171461381D+02
  0.39566858798365224D+02
  0.40299578425269068D+02
  0.41032298052172912D+02
  0.41765017679076756D+02
  0.42497737305980600D+02
  0.43230456932884444D+02
  0.43963176559788288D+02
  0.44695896186692131D+02
  0.45428615813595975D+02
  0.46161335440499819D+02
  0.46894055067403663D+02
  0.47626774694307507D+02
  0.48359494321211351D+02
  0.49092213948115194D+02
  0.49824933575019038D+02
  0.50557653201922882D+02
  0.51290372828826726D+02
  0.52023092455730570D+02
  0.52755812082634414D+02
  0.53488531709538258D+02
  0.54221251336442101D+02
  0.54953970963345945D+02
  0.55686690590249789D+02
  0.56419410217153633D+02
  0.57152129844057477D+02
  0.57884849470961321D+02
  0.58617569097865164D+02
  0.59350288724769008D+02
  0.60083008351672852D+02
  0.60815727978576696D+02
  0.61548447605480540D+02
  0.62281167232384384D+02
  0.63013886859288228D+02
  0.63746606486192071D+02
  0.64479326113095922D+02
  0.65212045739999766D+02
  0.65944765366903610D+02
  0.66677484993807454D+02
  0.67410204620711298D+02
  0.68142924247615142D+02
  0.68875643874518985D+02
  0.69608363501422829D+02
  0.70341083128326673D+02
  0.71073802755230517D+02
  0.71806522382134361D+02
  0.72539242009038205D+02
