  0.00000000E+00  0.10000000E+02  0.15652476E+00  0.50000000E+00
  0.10101010E+00  0.10000000E+02  0.15652476E+00  0.50000000E+00
  0.20202020E+00  0.10000000E+02  0.15652476E+00  0.50000000E+00
  0.30303030E+00  0.10000000E+02  0.15652476E+00  0.50000000E+00
  0.40404040E+00  0.10000000E+02  0.15652476E+00  0.50000000E+00
  0.50505051E+00  0.10000000E+02  0.15652476E+00  0.50000000E+00
  0.60606061E+00  0.10000000E+02  0.15652476E+00  0.50000000E+00
  0.70707071E+00  0.10000000E+02  0.15652476E+00  0.50000000E+00
  0.80808081E+00  0.10000000E+02  0.15652476E+00  0.50000000E+00
  0.90909091E+00  0.10000000E+02  0.15652476E+00  0.50000000E+00
  0.10101010E+01  0.10000000E+02  0.15652476E+00  0.50000000E+00
  0.11111111E+01  0.10000000E+02  0.15652476E+00  0.49999999E+00
  0.12121212E+01  0.10000001E+02  0.15652476E+00  0.49999999E+00
  0.13131313E+01  0.10000001E+02  0.15652476E+00  0.49999997E+00
  0.14141414E+01  0.10000003E+02  0.15652476E+00  0.49999993E+00
  0.15151515E+01  0.10000005E+02  0.15652476E+00  0.49999987E+00
  0.16161616E+01  0.10000011E+02  0.15652476E+00  0.49999973E+00
  0.17171717E+01  0.10000021E+02  0.15652476E+00  0.49999948E+00
  0.18181818E+01  0.10000040E+02  0.15652476E+00  0.49999900E+00
  0.19191919E+01  0.10000075E+02  0.15652476E+00  0.49999811E+00
  0.20202020E+01  0.10000139E+02  0.15652476E+00  0.49999652E+00
  0.21212121E+01  0.10000252E+02  0.15652476E+00  0.49999371E+00
  0.22222222E+01  0.10000446E+02  0.15652476E+00  0.49998886E+00
  0.23232323E+01  0.10000773E+02  0.15652476E+00  0.49998067E+00
  0.24242424E+01  0.10001314E+02  0.15652476E+00  0.49996715E+00
  0.25252525E+01  0.10002189E+02  0.15652476E+00  0.49994529E+00
  0.26262626E+01  0.10003572E+02  0.15652476E+00  0.49991072E+00
  0.27272727E+01  0.10005711E+02  0.15652476E+00  0.49985728E+00
  0.28282828E+01  0.10008948E+02  0.15652476E+00  0.49977646E+00
  0.29292929E+01  0.10013735E+02  0.15652476E+00  0.49965699E+00
  0.30303030E+01  0.10020657E+02  0.15652476E+00  0.49948438E+00
  0.31313131E+01  0.10030440E+02  0.15652476E+00  0.49924073E+00
  0.32323232E+01  0.10043951E+02  0.15652476E+00  0.49890484E+00
  0.33333333E+01  0.10062177E+02  0.15652476E+00  0.49845280E+00
  0.34343434E+01  0.10086183E+02  0.15652476E+00  0.49785925E+00
  0.35353535E+01  0.10117046E+02  0.15652476E+00  0.49709929E+00
  0.36363636E+01  0.10155750E+02  0.15652476E+00  0.49615116E+00
  0.37373737E+01  0.10203066E+02  0.15652476E+00  0.49499939E+00
  0.38383838E+01  0.10259408E+02  0.15652476E+00  0.49363830E+00
  0.39393939E+01  0.10324690E+02  0.15652476E+00  0.49207522E+00
  0.40404040E+01  0.10398191E+02  0.15652476E+00  0.49033299E+00
  0.41414141E+01  0.10478466E+02  0.15652476E+00  0.48845116E+00
  0.42424242E+01  0.10563312E+02  0.15652476E+00  0.48648555E+00
  0.43434343E+01  0.10649808E+02  0.15652476E+00  0.48450595E+00
  0.44444444E+01  0.10734444E+02  0.15652476E+00  0.48259213E+00
  0.45454545E+01  0.10813336E+02  0.15652476E+00  0.48082846E+00
  0.46464646E+01  0.10882508E+02  0.15652476E+00  0.47929788E+00
  0.47474747E+01  0.10938222E+02  0.15652476E+00  0.47807567E+00
  0.48484848E+01  0.10977305E+02  0.15652476E+00  0.47722386E+00
  0.49494949E+01  0.10997452E+02  0.15652476E+00  0.47678651E+00
  0.50505051E+01  0.10997452E+02  0.15652476E+00  0.47678651E+00
  0.51515152E+01  0.10977305E+02  0.15652476E+00  0.47722386E+00
  0.52525253E+01  0.10938222E+02  0.15652476E+00  0.47807567E+00
  0.53535354E+01  0.10882508E+02  0.15652476E+00  0.47929788E+00
  0.54545455E+01  0.10813336E+02  0.15652476E+00  0.48082846E+00
  0.55555556E+01  0.10734444E+02  0.15652476E+00  0.48259213E+00
  0.56565657E+01  0.10649808E+02  0.15652476E+00  0.48450595E+00
  0.57575758E+01  0.10563312E+02  0.15652476E+00  0.48648555E+00
  0.58585859E+01  0.10478466E+02  0.15652476E+00  0.48845116E+00
  0.59595960E+01  0.10398191E+02  0.15652476E+00  0.49033299E+00
  0.60606061E+01  0.10324690E+02  0.15652476E+00  0.49207522E+00
  0.61616162E+01  0.10259408E+02  0.15652476E+00  0.49363830E+00
  0.62626263E+01  0.10203066E+02  0.15652476E+00  0.49499939E+00
  0.63636364E+01  0.10155750E+02  0.15652476E+00  0.49615116E+00
  0.64646465E+01  0.10117046E+02  0.15652476E+00  0.49709929E+00
  0.65656566E+01  0.10086183E+02  0.15652476E+00  0.49785925E+00
  0.66666667E+01  0.10062177E+02  0.15652476E+00  0.49845280E+00
  0.67676768E+01  0.10043951E+02  0.15652476E+00  0.49890484E+00
  0.68686869E+01  0.10030440E+02  0.15652476E+00  0.49924073E+00
  0.69696970E+01  0.10020657E+02  0.15652476E+00  0.49948438E+00
  0.70707071E+01  0.10013735E+02  0.15652476E+00  0.49965699E+00
  0.71717172E+01  0.10008948E+02  0.15652476E+00  0.49977646E+00
  0.72727273E+01  0.10005711E+02  0.15652476E+00  0.49985728E+00
  0.73737374E+01  0.10003572E+02  0.15652476E+00  0.49991072E+00
  0.74747475E+01  0.10002189E+02  0.15652476E+00  0.49994529E+00
  0.75757576E+01  0.10001314E+02  0.15652476E+00  0.49996715E+00
  0.76767677E+01  0.10000773E+02  0.15652476E+00  0.49998067E+00
  0.77777778E+01  0.10000446E+02  0.15652476E+00  0.49998886E+00
  0.78787879E+01  0.10000252E+02  0.15652476E+00  0.49999371E+00
  0.79797980E+01  0.10000139E+02  0.15652476E+00  0.49999652E+00
  0.80808081E+01  0.10000075E+02  0.15652476E+00  0.49999811E+00
  0.81818182E+01  0.10000040E+02  0.15652476E+00  0.49999900E+00
  0.82828283E+01  0.10000021E+02  0.15652476E+00  0.49999948E+00
  0.83838384E+01  0.10000011E+02  0.15652476E+00  0.49999973E+00
  0.84848485E+01  0.10000005E+02  0.15652476E+00  0.49999987E+00
  0.85858586E+01  0.10000003E+02  0.15652476E+00  0.49999993E+00
  0.86868687E+01  0.10000001E+02  0.15652476E+00  0.49999997E+00
  0.87878788E+01  0.10000001E+02  0.15652476E+00  0.49999999E+00
  0.88888889E+01  0.10000000E+02  0.15652476E+00  0.49999999E+00
  0.89898990E+01  0.10000000E+02  0.15652476E+00  0.50000000E+00
  0.90909091E+01  0.10000000E+02  0.15652476E+00  0.50000000E+00
  0.91919192E+01  0.10000000E+02  0.15652476E+00  0.50000000E+00
  0.92929293E+01  0.10000000E+02  0.15652476E+00  0.50000000E+00
  0.93939394E+01  0.10000000E+02  0.15652476E+00  0.50000000E+00
  0.94949495E+01  0.10000000E+02  0.15652476E+00  0.50000000E+00
  0.95959596E+01  0.10000000E+02  0.15652476E+00  0.50000000E+00
  0.96969697E+01  0.10000000E+02  0.15652476E+00  0.50000000E+00
  0.97979798E+01  0.10000000E+02  0.15652476E+00  0.50000000E+00
  0.98989899E+01  0.10000000E+02  0.15652476E+00  0.50000000E+00
  0.10000000E+02  0.10000000E+02  0.15652476E+00  0.50000000E+00
 
  0.00000000E+00  0.10000000E+02  0.15652476E+00  0.50000000E+00
  0.10101010E+00  0.10000000E+02  0.15652476E+00  0.50000000E+00
  0.20202020E+00  0.10000000E+02  0.15652476E+00  0.50000000E+00
  0.30303030E+00  0.10000000E+02  0.15652476E+00  0.50000000E+00
  0.40404040E+00  0.10000000E+02  0.15652476E+00  0.50000000E+00
  0.50505051E+00  0.10000000E+02  0.15652476E+00  0.50000000E+00
  0.60606061E+00  0.10000000E+02  0.15652476E+00  0.50000000E+00
  0.70707071E+00  0.10000000E+02  0.15652476E+00  0.50000000E+00
  0.80808081E+00  0.10000000E+02  0.15652476E+00  0.49999999E+00
  0.90909091E+00  0.10000000E+02  0.15652475E+00  0.49999998E+00
  0.10101010E+01  0.10000000E+02  0.15652475E+00  0.49999997E+00
  0.11111111E+01  0.10000001E+02  0.15652474E+00  0.49999993E+00
  0.12121212E+01  0.10000001E+02  0.15652472E+00  0.49999985E+00
  0.13131313E+01  0.10000002E+02  0.15652468E+00  0.49999970E+00
  0.14141414E+01  0.10000005E+02  0.15652461E+00  0.49999941E+00
  0.15151515E+01  0.10000009E+02  0.15652448E+00  0.49999886E+00
  0.16161616E+01  0.10000018E+02  0.15652422E+00  0.49999783E+00
  0.17171717E+01  0.10000034E+02  0.15652375E+00  0.49999594E+00
  0.18181818E+01  0.10000063E+02  0.15652292E+00  0.49999256E+00
  0.19191919E+01  0.10000113E+02  0.15652146E+00  0.49998665E+00
  0.20202020E+01  0.10000200E+02  0.15651897E+00  0.49997650E+00
  0.21212121E+01  0.10000347E+02  0.15651479E+00  0.49995947E+00
  0.22222222E+01  0.10000591E+02  0.15650794E+00  0.49993148E+00
  0.23232323E+01  0.10000988E+02  0.15649694E+00  0.49988645E+00
  0.24242424E+01  0.10001619E+02  0.15647969E+00  0.49981557E+00
  0.25252525E+01  0.10002603E+02  0.15645321E+00  0.49970644E+00
  0.26262626E+01  0.10004104E+02  0.15641349E+00  0.49954207E+00
  0.27272727E+01  0.10006351E+02  0.15635525E+00  0.49930001E+00
  0.28282828E+01  0.10009642E+02  0.15627182E+00  0.49895154E+00
  0.29292929E+01  0.10014364E+02  0.15615512E+00  0.49846137E+00
  0.30303030E+01  0.10021000E+02  0.15599582E+00  0.49778795E+00
  0.31313131E+01  0.10030130E+02  0.15578373E+00  0.49688489E+00
  0.32323232E+01  0.10042429E+02  0.15550863E+00  0.49570360E+00
  0.33333333E+01  0.10058645E+02  0.15516132E+00  0.49419764E+00
  0.34343434E+01  0.10079570E+02  0.15473518E+00  0.49232856E+00
  0.35353535E+01  0.10105980E+02  0.15422801E+00  0.49007325E+00
  0.36363636E+01  0.10138576E+02  0.15364398E+00  0.48743198E+00
  0.37373737E+01  0.10177892E+02  0.15299550E+00  0.48443634E+00
  0.38383838E+01  0.10224207E+02  0.15230472E+00  0.48115558E+00
  0.39393939E+01  0.10277452E+02  0.15160406E+00  0.47769981E+00
  0.40404040E+01  0.10337136E+02  0.15093565E+00  0.47421868E+00
  0.41414141E+01  0.10402291E+02  0.15034924E+00  0.47089458E+00
  0.42424242E+01  0.10471464E+02  0.14989870E+00  0.46793028E+00
  0.43434343E+01  0.10542748E+02  0.14963715E+00  0.46553193E+00
  0.44444444E+01  0.10613870E+02  0.14961134E+00  0.46388955E+00
  0.45454545E+01  0.10682308E+02  0.14985603E+00  0.46315743E+00
  0.46464646E+01  0.10745449E+02  0.15038910E+00  0.46343737E+00
  0.47474747E+01  0.10800749E+02  0.15120811E+00  0.46476682E+00
  0.48484848E+01  0.10845899E+02  0.15228893E+00  0.46711361E+00
  0.49494949E+01  0.10878969E+02  0.15358660E+00  0.47037739E+00
  0.50505051E+01  0.10898525E+02  0.15503842E+00  0.47439755E+00
  0.51515152E+01  0.10903718E+02  0.15656884E+00  0.47896633E+00
  0.52525253E+01  0.10894333E+02  0.15809576E+00  0.48384568E+00
  0.53535354E+01  0.10870799E+02  0.15953745E+00  0.48878615E+00
  0.54545455E+01  0.10834167E+02  0.16081946E+00  0.49354618E+00
  0.55555556E+01  0.10786047E+02  0.16188074E+00  0.49791016E+00
  0.56565657E+01  0.10728508E+02  0.16267842E+00  0.50170363E+00
  0.57575758E+01  0.10663944E+02  0.16319055E+00  0.50480429E+00
  0.58585859E+01  0.10594924E+02  0.16341671E+00  0.50714775E+00
  0.59595960E+01  0.10524022E+02  0.16337634E+00  0.50872753E+00
  0.60606061E+01  0.10453660E+02  0.16310511E+00  0.50958935E+00
  0.61616162E+01  0.10385965E+02  0.16264997E+00  0.50982076E+00
  0.62626263E+01  0.10322669E+02  0.16206356E+00  0.50953772E+00
  0.63636364E+01  0.10265046E+02  0.16139879E+00  0.50886991E+00
  0.64646465E+01  0.10213901E+02  0.16070423E+00  0.50794706E+00
  0.65656566E+01  0.10169590E+02  0.16002080E+00  0.50688760E+00
  0.66666667E+01  0.10132087E+02  0.15937989E+00  0.50579092E+00
  0.67676768E+01  0.10101056E+02  0.15880287E+00  0.50473325E+00
  0.68686869E+01  0.10075941E+02  0.15830169E+00  0.50376700E+00
  0.69696970E+01  0.10056048E+02  0.15788033E+00  0.50292278E+00
  0.70707071E+01  0.10040625E+02  0.15753657E+00  0.50221303E+00
  0.71717172E+01  0.10028914E+02  0.15726393E+00  0.50163649E+00
  0.72727273E+01  0.10020206E+02  0.15705341E+00  0.50118263E+00
  0.73737374E+01  0.10013863E+02  0.15689500E+00  0.50083564E+00
  0.74747475E+01  0.10009337E+02  0.15677871E+00  0.50057758E+00
  0.75757576E+01  0.10006173E+02  0.15669539E+00  0.50039065E+00
  0.76767677E+01  0.10004005E+02  0.15663708E+00  0.50025862E+00
  0.77777778E+01  0.10002550E+02  0.15659720E+00  0.50016763E+00
  0.78787879E+01  0.10001594E+02  0.15657054E+00  0.50010640E+00
  0.79797980E+01  0.10000977E+02  0.15655312E+00  0.50006615E+00
  0.80808081E+01  0.10000588E+02  0.15654197E+00  0.50004029E+00
  0.81818182E+01  0.10000347E+02  0.15653500E+00  0.50002404E+00
  0.82828283E+01  0.10000201E+02  0.15653073E+00  0.50001405E+00
  0.83838384E+01  0.10000114E+02  0.15652817E+00  0.50000805E+00
  0.84848485E+01  0.10000064E+02  0.15652667E+00  0.50000452E+00
  0.85858586E+01  0.10000035E+02  0.15652581E+00  0.50000249E+00
  0.86868687E+01  0.10000019E+02  0.15652532E+00  0.50000134E+00
  0.87878788E+01  0.10000010E+02  0.15652506E+00  0.50000071E+00
  0.88888889E+01  0.10000005E+02  0.15652491E+00  0.50000037E+00
  0.89898990E+01  0.10000003E+02  0.15652484E+00  0.50000019E+00
  0.90909091E+01  0.10000001E+02  0.15652480E+00  0.50000009E+00
  0.91919192E+01  0.10000001E+02  0.15652478E+00  0.50000005E+00
  0.92929293E+01  0.10000000E+02  0.15652477E+00  0.50000002E+00
  0.93939394E+01  0.10000000E+02  0.15652476E+00  0.50000001E+00
  0.94949495E+01  0.10000000E+02  0.15652476E+00  0.50000000E+00
  0.95959596E+01  0.10000000E+02  0.15652476E+00  0.50000000E+00
  0.96969697E+01  0.10000000E+02  0.15652476E+00  0.50000000E+00
  0.97979798E+01  0.10000000E+02  0.15652476E+00  0.50000000E+00
  0.98989899E+01  0.10000000E+02  0.15652476E+00  0.50000000E+00
  0.10000000E+02  0.10000000E+02  0.15652476E+00  0.50000000E+00
 
  0.00000000E+00  0.10000000E+02  0.15652476E+00  0.50000000E+00
  0.10101010E+00  0.10000000E+02  0.15652476E+00  0.50000000E+00
  0.20202020E+00  0.10000000E+02  0.15652476E+00  0.50000000E+00
  0.30303030E+00  0.10000000E+02  0.15652476E+00  0.50000000E+00
  0.40404040E+00  0.10000000E+02  0.15652476E+00  0.50000000E+00
  0.50505051E+00  0.10000000E+02  0.15652476E+00  0.50000000E+00
  0.60606061E+00  0.10000000E+02  0.15652476E+00  0.49999999E+00
  0.70707071E+00  0.10000000E+02  0.15652475E+00  0.49999998E+00
  0.80808081E+00  0.10000000E+02  0.15652475E+00  0.49999996E+00
  0.90909091E+00  0.10000001E+02  0.15652474E+00  0.49999992E+00
  0.10101010E+01  0.10000001E+02  0.15652472E+00  0.49999985E+00
  0.11111111E+01  0.10000002E+02  0.15652468E+00  0.49999969E+00
  0.12121212E+01  0.10000005E+02  0.15652461E+00  0.49999939E+00
  0.13131313E+01  0.10000009E+02  0.15652447E+00  0.49999883E+00
  0.14141414E+01  0.10000018E+02  0.15652421E+00  0.49999780E+00
  0.15151515E+01  0.10000033E+02  0.15652374E+00  0.49999592E+00
  0.16161616E+01  0.10000059E+02  0.15652290E+00  0.49999259E+00
  0.17171717E+01  0.10000106E+02  0.15652145E+00  0.49998679E+00
  0.18181818E+01  0.10000185E+02  0.15651897E+00  0.49997689E+00
  0.19191919E+01  0.10000318E+02  0.15651483E+00  0.49996035E+00
  0.20202020E+01  0.10000535E+02  0.15650804E+00  0.49993323E+00
  0.21212121E+01  0.10000884E+02  0.15649715E+00  0.49988970E+00
  0.22222222E+01  0.10001434E+02  0.15648001E+00  0.49982123E+00
  0.23232323E+01  0.10002281E+02  0.15645361E+00  0.49971574E+00
  0.24242424E+01  0.10003562E+02  0.15641378E+00  0.49955653E+00
  0.25252525E+01  0.10005457E+02  0.15635491E+00  0.49932123E+00
  0.26262626E+01  0.10008204E+02  0.15626974E+00  0.49898073E+00
  0.27272727E+01  0.10012105E+02  0.15614911E+00  0.49849841E+00
  0.28282828E+01  0.10017529E+02  0.15598190E+00  0.49782979E+00
  0.29292929E+01  0.10024913E+02  0.15575518E+00  0.49692307E+00
  0.30303030E+01  0.10034755E+02  0.15545458E+00  0.49572077E+00
  0.31313131E+01  0.10047590E+02  0.15506511E+00  0.49416288E+00
  0.32323232E+01  0.10063964E+02  0.15457240E+00  0.49219182E+00
  0.33333333E+01  0.10084388E+02  0.15396443E+00  0.48975919E+00
  0.34343434E+01  0.10109279E+02  0.15323372E+00  0.48683434E+00
  0.35353535E+01  0.10138898E+02  0.15237983E+00  0.48341384E+00
  0.36363636E+01  0.10173277E+02  0.15141195E+00  0.47953099E+00
  0.37373737E+01  0.10212165E+02  0.15035110E+00  0.47526371E+00
  0.38383838E+01  0.10254988E+02  0.14923157E+00  0.47073890E+00
  0.39393939E+01  0.10300846E+02  0.14810099E+00  0.46613154E+00
  0.40404040E+01  0.10348556E+02  0.14701875E+00  0.46165742E+00
  0.41414141E+01  0.10396735E+02  0.14605251E+00  0.45755942E+00
  0.42424242E+01  0.10443925E+02  0.14527324E+00  0.45408871E+00
  0.43434343E+01  0.10488726E+02  0.14474916E+00  0.45148325E+00
  0.44444444E+01  0.10529927E+02  0.14453959E+00  0.44994674E+00
  0.45454545E+01  0.10566596E+02  0.14468941E+00  0.44963091E+00
  0.46464646E+01  0.10598136E+02  0.14522491E+00  0.45062299E+00
  0.47474747E+01  0.10624274E+02  0.14615137E+00  0.45293951E+00
  0.48484848E+01  0.10645022E+02  0.14745240E+00  0.45652600E+00
  0.49494949E+01  0.10660594E+02  0.14909093E+00  0.46126180E+00
  0.50505051E+01  0.10671323E+02  0.15101153E+00  0.46696887E+00
  0.51515152E+01  0.10677573E+02  0.15314361E+00  0.47342325E+00
  0.52525253E+01  0.10679662E+02  0.15540543E+00  0.48036836E+00
  0.53535354E+01  0.10677812E+02  0.15770841E+00  0.48752926E+00
  0.54545455E+01  0.10672116E+02  0.15996185E+00  0.49462735E+00
  0.55555556E+01  0.10662530E+02  0.16207765E+00  0.50139496E+00
  0.56565657E+01  0.10648894E+02  0.16397503E+00  0.50758928E+00
  0.57575758E+01  0.10630976E+02  0.16558509E+00  0.51300501E+00
  0.58585859E+01  0.10608543E+02  0.16685477E+00  0.51748494E+00
  0.59595960E+01  0.10581434E+02  0.16775008E+00  0.52092768E+00
  0.60606061E+01  0.10549658E+02  0.16825814E+00  0.52329172E+00
  0.61616162E+01  0.10513461E+02  0.16838767E+00  0.52459531E+00
  0.62626263E+01  0.10473373E+02  0.16816774E+00  0.52491184E+00
  0.63636364E+01  0.10430217E+02  0.16764478E+00  0.52436094E+00
  0.64646465E+01  0.10385063E+02  0.16687805E+00  0.52309624E+00
  0.65656566E+01  0.10339146E+02  0.16593404E+00  0.52129086E+00
  0.66666667E+01  0.10293751E+02  0.16488067E+00  0.51912253E+00
  0.67676768E+01  0.10250099E+02  0.16378187E+00  0.51675986E+00
  0.68686869E+01  0.10209242E+02  0.16269329E+00  0.51435132E+00
  0.69696970E+01  0.10171990E+02  0.16165948E+00  0.51201793E+00
  0.70707071E+01  0.10138874E+02  0.16071267E+00  0.50984975E+00
  0.71717172E+01  0.10110147E+02  0.15987301E+00  0.50790603E+00
  0.72727273E+01  0.10085810E+02  0.15914980E+00  0.50621810E+00
  0.73737374E+01  0.10065661E+02  0.15854350E+00  0.50479410E+00
  0.74747475E+01  0.10049346E+02  0.15804794E+00  0.50362454E+00
  0.75757576E+01  0.10036422E+02  0.15765252E+00  0.50268789E+00
  0.76767677E+01  0.10026401E+02  0.15734423E+00  0.50195554E+00
  0.77777778E+01  0.10018793E+02  0.15710920E+00  0.50139600E+00
  0.78787879E+01  0.10013136E+02  0.15693387E+00  0.50097795E+00
  0.79797980E+01  0.10009015E+02  0.15680587E+00  0.50067233E+00
  0.80808081E+01  0.10006075E+02  0.15671435E+00  0.50045364E+00
  0.81818182E+01  0.10004019E+02  0.15665027E+00  0.50030042E+00
  0.82828283E+01  0.10002610E+02  0.15660632E+00  0.50019526E+00
  0.83838384E+01  0.10001664E+02  0.15657678E+00  0.50012457E+00
  0.84848485E+01  0.10001041E+02  0.15655733E+00  0.50007800E+00
  0.85858586E+01  0.10000640E+02  0.15654477E+00  0.50004793E+00
  0.86868687E+01  0.10000386E+02  0.15653683E+00  0.50002891E+00
  0.87878788E+01  0.10000228E+02  0.15653190E+00  0.50001712E+00
  0.88888889E+01  0.10000133E+02  0.15652891E+00  0.50000995E+00
  0.89898990E+01  0.10000076E+02  0.15652713E+00  0.50000567E+00
  0.90909091E+01  0.10000042E+02  0.15652608E+00  0.50000318E+00
  0.91919192E+01  0.10000023E+02  0.15652549E+00  0.50000174E+00
  0.92929293E+01  0.10000013E+02  0.15652515E+00  0.50000094E+00
  0.93939394E+01  0.10000007E+02  0.15652497E+00  0.50000050E+00
  0.94949495E+01  0.10000003E+02  0.15652487E+00  0.50000026E+00
  0.95959596E+01  0.10000002E+02  0.15652481E+00  0.50000013E+00
  0.96969697E+01  0.10000001E+02  0.15652479E+00  0.50000007E+00
  0.97979798E+01  0.10000000E+02  0.15652477E+00  0.50000003E+00
  0.98989899E+01  0.10000000E+02  0.15652476E+00  0.50000002E+00
  0.10000000E+02  0.10000000E+02  0.15652476E+00  0.50000001E+00
 
  0.00000000E+00  0.10000000E+02  0.15652476E+00  0.50000000E+00
  0.10101010E+00  0.10000000E+02  0.15652476E+00  0.50000000E+00
  0.20202020E+00  0.10000000E+02  0.15652476E+00  0.50000000E+00
  0.30303030E+00  0.10000000E+02  0.15652476E+00  0.50000000E+00
  0.40404040E+00  0.10000000E+02  0.15652476E+00  0.49999999E+00
  0.50505051E+00  0.10000000E+02  0.15652475E+00  0.49999998E+00
  0.60606061E+00  0.10000000E+02  0.15652475E+00  0.49999996E+00
  0.70707071E+00  0.10000001E+02  0.15652474E+00  0.49999992E+00
  0.80808081E+00  0.10000001E+02  0.15652472E+00  0.49999984E+00
  0.90909091E+00  0.10000003E+02  0.15652468E+00  0.49999968E+00
  0.10101010E+01  0.10000005E+02  0.15652460E+00  0.49999939E+00
  0.11111111E+01  0.10000009E+02  0.15652447E+00  0.49999883E+00
  0.12121212E+01  0.10000017E+02  0.15652421E+00  0.49999781E+00
  0.13131313E+01  0.10000032E+02  0.15652375E+00  0.49999599E+00
  0.14141414E+01  0.10000058E+02  0.15652295E+00  0.49999278E+00
  0.15151515E+01  0.10000102E+02  0.15652156E+00  0.49998724E+00
  0.16161616E+01  0.10000177E+02  0.15651921E+00  0.49997785E+00
  0.17171717E+01  0.10000302E+02  0.15651530E+00  0.49996224E+00
  0.18181818E+01  0.10000505E+02  0.15650894E+00  0.49993683E+00
  0.19191919E+01  0.10000830E+02  0.15649877E+00  0.49989622E+00
  0.20202020E+01  0.10001339E+02  0.15648284E+00  0.49983263E+00
  0.21212121E+01  0.10002121E+02  0.15645838E+00  0.49973497E+00
  0.22222222E+01  0.10003297E+02  0.15642156E+00  0.49958798E+00
  0.23232323E+01  0.10005034E+02  0.15636722E+00  0.49937108E+00
  0.24242424E+01  0.10007546E+02  0.15628862E+00  0.49905743E+00
  0.25252525E+01  0.10011107E+02  0.15617722E+00  0.49861298E+00
  0.26262626E+01  0.10016055E+02  0.15602249E+00  0.49799596E+00
  0.27272727E+01  0.10022790E+02  0.15581200E+00  0.49715697E+00
  0.28282828E+01  0.10031769E+02  0.15553156E+00  0.49604006E+00
  0.29292929E+01  0.10043486E+02  0.15516588E+00  0.49458501E+00
  0.30303030E+01  0.10058450E+02  0.15469944E+00  0.49273133E+00
  0.31313131E+01  0.10077133E+02  0.15411795E+00  0.49042397E+00
  0.32323232E+01  0.10099919E+02  0.15341023E+00  0.48762093E+00
  0.33333333E+01  0.10127027E+02  0.15257047E+00  0.48430223E+00
  0.34343434E+01  0.10158441E+02  0.15160078E+00  0.48047950E+00
  0.35353535E+01  0.10193833E+02  0.15051348E+00  0.47620462E+00
  0.36363636E+01  0.10232512E+02  0.14933292E+00  0.47157567E+00
  0.37373737E+01  0.10273406E+02  0.14809602E+00  0.46673796E+00
  0.38383838E+01  0.10315106E+02  0.14685138E+00  0.46187891E+00
  0.39393939E+01  0.10355959E+02  0.14565646E+00  0.45721614E+00
  0.40404040E+01  0.10394220E+02  0.14457334E+00  0.45298022E+00
  0.41414141E+01  0.10428235E+02  0.14366349E+00  0.44939471E+00
  0.42424242E+01  0.10456627E+02  0.14298252E+00  0.44665696E+00
  0.43434343E+01  0.10478439E+02  0.14257588E+00  0.44492287E+00
  0.44444444E+01  0.10493235E+02  0.14247596E+00  0.44429749E+00
  0.45454545E+01  0.10501118E+02  0.14270090E+00  0.44483187E+00
  0.46464646E+01  0.10502692E+02  0.14325478E+00  0.44652500E+00
  0.47474747E+01  0.10498973E+02  0.14412891E+00  0.44932922E+00
  0.48484848E+01  0.10491267E+02  0.14530348E+00  0.45315734E+00
  0.49494949E+01  0.10481042E+02  0.14674949E+00  0.45789017E+00
  0.50505051E+01  0.10469799E+02  0.14843042E+00  0.46338366E+00
  0.51515152E+01  0.10458948E+02  0.15030385E+00  0.46947565E+00
  0.52525253E+01  0.10449715E+02  0.15232283E+00  0.47599210E+00
  0.53535354E+01  0.10443061E+02  0.15443725E+00  0.48275315E+00
  0.54545455E+01  0.10439616E+02  0.15659508E+00  0.48957902E+00
  0.55555556E+01  0.10439648E+02  0.15874373E+00  0.49629582E+00
  0.56565657E+01  0.10443038E+02  0.16083133E+00  0.50274087E+00
  0.57575758E+01  0.10449289E+02  0.16280797E+00  0.50876738E+00
  0.58585859E+01  0.10457552E+02  0.16462686E+00  0.51424803E+00
  0.59595960E+01  0.10466682E+02  0.16624540E+00  0.51907735E+00
  0.60606061E+01  0.10475316E+02  0.16762620E+00  0.52317295E+00
  0.61616162E+01  0.10481983E+02  0.16873813E+00  0.52647587E+00
  0.62626263E+01  0.10485228E+02  0.16955754E+00  0.52895062E+00
  0.63636364E+01  0.10483746E+02  0.17006953E+00  0.53058530E+00
  0.64646465E+01  0.10476524E+02  0.17026949E+00  0.53139220E+00
  0.65656566E+01  0.10462948E+02  0.17016435E+00  0.53140851E+00
  0.66666667E+01  0.10442886E+02  0.16977343E+00  0.53069674E+00
  0.67676768E+01  0.10416712E+02  0.16912831E+00  0.52934393E+00
  0.68686869E+01  0.10385276E+02  0.16827148E+00  0.52745870E+00
  0.69696970E+01  0.10349805E+02  0.16725368E+00  0.52516593E+00
  0.70707071E+01  0.10311769E+02  0.16613007E+00  0.52259905E+00
  0.71717172E+01  0.10272720E+02  0.16495598E+00  0.51989101E+00
  0.72727273E+01  0.10234138E+02  0.16378270E+00  0.51716526E+00
  0.73737374E+01  0.10197310E+02  0.16265406E+00  0.51452806E+00
  0.74747475E+01  0.10163238E+02  0.16160423E+00  0.51206329E+00
  0.75757576E+01  0.10132613E+02  0.16065684E+00  0.50983010E+00
  0.76767677E+01  0.10105811E+02  0.15982529E+00  0.50786336E+00
  0.77777778E+01  0.10082936E+02  0.15911397E+00  0.50617628E+00
  0.78787879E+01  0.10063868E+02  0.15852005E+00  0.50476437E+00
  0.79797980E+01  0.10048330E+02  0.15803541E+00  0.50361010E+00
  0.80808081E+01  0.10035938E+02  0.15764854E+00  0.50268733E+00
  0.81818182E+01  0.10026262E+02  0.15734622E+00  0.50196538E+00
  0.82828283E+01  0.10018860E+02  0.15711482E+00  0.50141227E+00
  0.83838384E+01  0.10013309E+02  0.15694124E+00  0.50099711E+00
  0.84848485E+01  0.10009230E+02  0.15681362E+00  0.50069171E+00
  0.85858586E+01  0.10006290E+02  0.15672162E+00  0.50047147E+00
  0.86868687E+01  0.10004211E+02  0.15665658E+00  0.50031574E+00
  0.87878788E+01  0.10002771E+02  0.15661148E+00  0.50020774E+00
  0.88888889E+01  0.10001791E+02  0.15658081E+00  0.50013429E+00
  0.89898990E+01  0.10001137E+02  0.15656036E+00  0.50008528E+00
  0.90909091E+01  0.10000709E+02  0.15654697E+00  0.50005320E+00
  0.91919192E+01  0.10000435E+02  0.15653837E+00  0.50003261E+00
  0.92929293E+01  0.10000262E+02  0.15653295E+00  0.50001963E+00
  0.93939394E+01  0.10000155E+02  0.15652960E+00  0.50001161E+00
  0.94949495E+01  0.10000090E+02  0.15652757E+00  0.50000675E+00
  0.95959596E+01  0.10000051E+02  0.15652637E+00  0.50000385E+00
  0.96969697E+01  0.10000029E+02  0.15652566E+00  0.50000216E+00
  0.97979798E+01  0.10000016E+02  0.15652525E+00  0.50000119E+00
  0.98989899E+01  0.10000009E+02  0.15652503E+00  0.50000064E+00
  0.10000000E+02  0.10000005E+02  0.15652490E+00  0.50000034E+00
 
  0.00000000E+00  0.10000000E+02  0.15652476E+00  0.50000000E+00
  0.10101010E+00  0.10000000E+02  0.15652476E+00  0.50000000E+00
  0.20202020E+00  0.10000000E+02  0.15652476E+00  0.49999999E+00
  0.30303030E+00  0.10000000E+02  0.15652475E+00  0.49999998E+00
  0.40404040E+00  0.10000000E+02  0.15652475E+00  0.49999996E+00
  0.50505051E+00  0.10000001E+02  0.15652474E+00  0.49999992E+00
  0.60606061E+00  0.10000001E+02  0.15652472E+00  0.49999983E+00
  0.70707071E+00  0.10000003E+02  0.15652468E+00  0.49999968E+00
  0.80808081E+00  0.10000005E+02  0.15652460E+00  0.49999938E+00
  0.90909091E+00  0.10000009E+02  0.15652447E+00  0.49999883E+00
  0.10101010E+01  0.10000017E+02  0.15652422E+00  0.49999784E+00
  0.11111111E+01  0.10000031E+02  0.15652378E+00  0.49999608E+00
  0.12121212E+01  0.10000056E+02  0.15652300E+00  0.49999299E+00
  0.13131313E+01  0.10000098E+02  0.15652168E+00  0.49998771E+00
  0.14141414E+01  0.10000169E+02  0.15651945E+00  0.49997881E+00
  0.15151515E+01  0.10000287E+02  0.15651578E+00  0.49996413E+00
  0.16161616E+01  0.10000477E+02  0.15650982E+00  0.49994034E+00
  0.17171717E+01  0.10000780E+02  0.15650035E+00  0.49990252E+00
  0.18181818E+01  0.10001252E+02  0.15648557E+00  0.49984353E+00
  0.19191919E+01  0.10001974E+02  0.15646296E+00  0.49975326E+00
  0.20202020E+01  0.10003059E+02  0.15642901E+00  0.49961774E+00
  0.21212121E+01  0.10004656E+02  0.15637901E+00  0.49941816E+00
  0.22222222E+01  0.10006965E+02  0.15630677E+00  0.49912988E+00
  0.23232323E+01  0.10010236E+02  0.15620440E+00  0.49872149E+00
  0.24242424E+01  0.10014783E+02  0.15606216E+00  0.49815420E+00
  0.25252525E+01  0.10020980E+02  0.15586834E+00  0.49738169E+00
  0.26262626E+01  0.10029258E+02  0.15560951E+00  0.49635077E+00
  0.27272727E+01  0.10040096E+02  0.15527085E+00  0.49500314E+00
  0.28282828E+01  0.10053989E+02  0.15483695E+00  0.49327869E+00
  0.29292929E+01  0.10071419E+02  0.15429306E+00  0.49112047E+00
  0.30303030E+01  0.10092792E+02  0.15362678E+00  0.48848161E+00
  0.31313131E+01  0.10118377E+02  0.15283017E+00  0.48533391E+00
  0.32323232E+01  0.10148222E+02  0.15190230E+00  0.48167748E+00
  0.33333333E+01  0.10182075E+02  0.15085165E+00  0.47755003E+00
  0.34343434E+01  0.10219318E+02  0.14969811E+00  0.47303398E+00
  0.35353535E+01  0.10258932E+02  0.14847398E+00  0.46825910E+00
  0.36363636E+01  0.10299518E+02  0.14722321E+00  0.46339868E+00
  0.37373737E+01  0.10339378E+02  0.14599890E+00  0.45865838E+00
  0.38383838E+01  0.10376658E+02  0.14485885E+00  0.45425869E+00
  0.39393939E+01  0.10409530E+02  0.14386010E+00  0.45041387E+00
  0.40404040E+01  0.10436389E+02  0.14305339E+00  0.44731140E+00
  0.41414141E+01  0.10456012E+02  0.14247852E+00  0.44509563E+00
  0.42424242E+01  0.10467665E+02  0.14216164E+00  0.44385845E+00
  0.43434343E+01  0.10471145E+02  0.14211442E+00  0.44363727E+00
  0.44444444E+01  0.10466759E+02  0.14233510E+00  0.44441925E+00
  0.45454545E+01  0.10455260E+02  0.14281078E+00  0.44614963E+00
  0.46464646E+01  0.10437755E+02  0.14352027E+00  0.44874193E+00
  0.47474747E+01  0.10415606E+02  0.14443698E+00  0.45208813E+00
  0.48484848E+01  0.10390340E+02  0.14553160E+00  0.45606779E+00
  0.49494949E+01  0.10363555E+02  0.14677414E+00  0.46055567E+00
  0.50505051E+01  0.10336845E+02  0.14813548E+00  0.46542752E+00
  0.51515152E+01  0.10311729E+02  0.14958845E+00  0.47056463E+00
  0.52525253E+01  0.10289585E+02  0.15110833E+00  0.47585699E+00
  0.53535354E+01  0.10271596E+02  0.15267316E+00  0.48120564E+00
  0.54545455E+01  0.10258698E+02  0.15426363E+00  0.48652413E+00
  0.55555556E+01  0.10251542E+02  0.15586284E+00  0.49173932E+00
  0.56565657E+01  0.10250464E+02  0.15745587E+00  0.49679138E+00
  0.57575758E+01  0.10255469E+02  0.15902917E+00  0.50163289E+00
  0.58585859E+01  0.10266233E+02  0.16056984E+00  0.50622707E+00
  0.59595960E+01  0.10282122E+02  0.16206476E+00  0.51054517E+00
  0.60606061E+01  0.10302218E+02  0.16349975E+00  0.51456316E+00
  0.61616162E+01  0.10325368E+02  0.16485878E+00  0.51825832E+00
  0.62626263E+01  0.10350231E+02  0.16612335E+00  0.52160604E+00
  0.63636364E+01  0.10375341E+02  0.16727225E+00  0.52457753E+00
  0.64646465E+01  0.10399170E+02  0.16828191E+00  0.52713888E+00
  0.65656566E+01  0.10420200E+02  0.16912715E+00  0.52925171E+00
  0.66666667E+01  0.10436996E+02  0.16978276E+00  0.53087563E+00
  0.67676768E+01  0.10448291E+02  0.17022557E+00  0.53197242E+00
  0.68686869E+01  0.10453068E+02  0.17043698E+00  0.53251138E+00
  0.69696970E+01  0.10450650E+02  0.17040576E+00  0.53247545E+00
  0.70707071E+01  0.10440763E+02  0.17013052E+00  0.53186705E+00
  0.71717172E+01  0.10423589E+02  0.16962156E+00  0.53071257E+00
  0.72727273E+01  0.10399769E+02  0.16890148E+00  0.52906446E+00
  0.73737374E+01  0.10370352E+02  0.16800433E+00  0.52700009E+00
  0.74747475E+01  0.10336710E+02  0.16697314E+00  0.52461708E+00
  0.75757576E+01  0.10300397E+02  0.16585628E+00  0.52202573E+00
  0.76767677E+01  0.10263003E+02  0.16470309E+00  0.51933965E+00
  0.77777778E+01  0.10226013E+02  0.16355972E+00  0.51666633E+00
  0.78787879E+01  0.10190690E+02  0.16246568E+00  0.51409905E+00
  0.79797980E+01  0.10158010E+02  0.16145164E+00  0.51171141E+00
  0.80808081E+01  0.10128630E+02  0.16053853E+00  0.50955481E+00
  0.81818182E+01  0.10102905E+02  0.15973789E+00  0.50765864E+00
  0.82828283E+01  0.10080925E+02  0.15905298E+00  0.50603271E+00
  0.83838384E+01  0.10062572E+02  0.15848049E+00  0.50467092E+00
  0.84848485E+01  0.10047576E+02  0.15801235E+00  0.50355551E+00
  0.85858586E+01  0.10035577E+02  0.15763749E+00  0.50266114E+00
  0.86868687E+01  0.10026166E+02  0.15734333E+00  0.50195857E+00
  0.87878788E+01  0.10018927E+02  0.15711700E+00  0.50141755E+00
  0.88888889E+01  0.10013466E+02  0.15694618E+00  0.50100895E+00
  0.89898990E+01  0.10009423E+02  0.15681967E+00  0.50070621E+00
  0.90909091E+01  0.10006484E+02  0.15672772E+00  0.50048609E+00
  0.91919192E+01  0.10004388E+02  0.15666212E+00  0.50032901E+00
  0.92929293E+01  0.10002920E+02  0.15661617E+00  0.50021897E+00
  0.93939394E+01  0.10001911E+02  0.15658458E+00  0.50014330E+00
  0.94949495E+01  0.10001229E+02  0.15656325E+00  0.50009220E+00
  0.95959596E+01  0.10000778E+02  0.15654911E+00  0.50005833E+00
  0.96969697E+01  0.10000484E+02  0.15653990E+00  0.50003628E+00
  0.97979798E+01  0.10000296E+02  0.15653402E+00  0.50002218E+00
  0.98989899E+01  0.10000178E+02  0.15653032E+00  0.50001333E+00
  0.10000000E+02  0.10000105E+02  0.15652805E+00  0.50000788E+00
 
  0.00000000E+00  0.10000000E+02  0.15652476E+00  0.49999999E+00
  0.10101010E+00  0.10000000E+02  0.15652475E+00  0.49999998E+00
  0.20202020E+00  0.10000000E+02  0.15652475E+00  0.49999996E+00
  0.30303030E+00  0.10000001E+02  0.15652474E+00  0.49999991E+00
  0.40404040E+00  0.10000001E+02  0.15652472E+00  0.49999983E+00
  0.50505051E+00  0.10000003E+02  0.15652468E+00  0.49999967E+00
  0.60606061E+00  0.10000005E+02  0.15652460E+00  0.49999938E+00
  0.70707071E+00  0.10000009E+02  0.15652447E+00  0.49999884E+00
  0.80808081E+00  0.10000017E+02  0.15652423E+00  0.49999788E+00
  0.90909091E+00  0.10000031E+02  0.15652380E+00  0.49999617E+00
  0.10101010E+01  0.10000054E+02  0.15652306E+00  0.49999322E+00
  0.11111111E+01  0.10000094E+02  0.15652180E+00  0.49998819E+00
  0.12121212E+01  0.10000162E+02  0.15651969E+00  0.49997978E+00
  0.13131313E+01  0.10000272E+02  0.15651624E+00  0.49996598E+00
  0.14141414E+01  0.10000450E+02  0.15651067E+00  0.49994373E+00
  0.15151515E+01  0.10000732E+02  0.15650185E+00  0.49990852E+00
  0.16161616E+01  0.10001170E+02  0.15648815E+00  0.49985381E+00
  0.17171717E+01  0.10001837E+02  0.15646724E+00  0.49977036E+00
  0.18181818E+01  0.10002837E+02  0.15643594E+00  0.49964539E+00
  0.19191919E+01  0.10004308E+02  0.15638991E+00  0.49946169E+00
  0.20202020E+01  0.10006430E+02  0.15632350E+00  0.49919662E+00
  0.21212121E+01  0.10009437E+02  0.15622941E+00  0.49882124E+00
  0.22222222E+01  0.10013617E+02  0.15609861E+00  0.49829956E+00
  0.23232323E+01  0.10019322E+02  0.15592017E+00  0.49758824E+00
  0.24242424E+01  0.10026959E+02  0.15568138E+00  0.49663692E+00
  0.25252525E+01  0.10036986E+02  0.15536799E+00  0.49538958E+00
  0.26262626E+01  0.10049889E+02  0.15496494E+00  0.49378717E+00
  0.27272727E+01  0.10066151E+02  0.15445733E+00  0.49177198E+00
  0.28282828E+01  0.10086203E+02  0.15383198E+00  0.48929385E+00
  0.29292929E+01  0.10110359E+02  0.15307947E+00  0.48631831E+00
  0.30303030E+01  0.10138738E+02  0.15219653E+00  0.48283613E+00
  0.31313131E+01  0.10171182E+02  0.15118866E+00  0.47887313E+00
  0.32323232E+01  0.10207178E+02  0.15007235E+00  0.47449843E+00
  0.33333333E+01  0.10245813E+02  0.14887640E+00  0.46982876E+00
  0.34343434E+01  0.10285776E+02  0.14764175E+00  0.46502641E+00
  0.35353535E+01  0.10325425E+02  0.14641923E+00  0.46028957E+00
  0.36363636E+01  0.10362921E+02  0.14526537E+00  0.45583529E+00
  0.37373737E+01  0.10396412E+02  0.14423676E+00  0.45187799E+00
  0.38383838E+01  0.10424226E+02  0.14338424E+00  0.44860746E+00
  0.39393939E+01  0.10445040E+02  0.14274781E+00  0.44617103E+00
  0.40404040E+01  0.10457997E+02  0.14235346E+00  0.44466272E+00
  0.41414141E+01  0.10462745E+02  0.14221214E+00  0.44412048E+00
  0.42424242E+01  0.10459413E+02  0.14232065E+00  0.44453016E+00
  0.43434343E+01  0.10448541E+02  0.14266390E+00  0.44583403E+00
  0.44444444E+01  0.10430992E+02  0.14321779E+00  0.44794132E+00
  0.45454545E+01  0.10407853E+02  0.14395229E+00  0.45073883E+00
  0.46464646E+01  0.10380352E+02  0.14483417E+00  0.45410047E+00
  0.47474747E+01  0.10349783E+02  0.14582934E+00  0.45789539E+00
  0.48484848E+01  0.10317453E+02  0.14690482E+00  0.46199445E+00
  0.49494949E+01  0.10284640E+02  0.14803018E+00  0.46627560E+00
  0.50505051E+01  0.10252557E+02  0.14917877E+00  0.47062813E+00
  0.51515152E+01  0.10222329E+02  0.15032857E+00  0.47495619E+00
  0.52525253E+01  0.10194968E+02  0.15146280E+00  0.47918148E+00
  0.53535354E+01  0.10171354E+02  0.15257029E+00  0.48324521E+00
  0.54545455E+01  0.10152217E+02  0.15364541E+00  0.48710897E+00
  0.55555556E+01  0.10138121E+02  0.15468781E+00  0.49075452E+00
  0.56565657E+01  0.10129455E+02  0.15570163E+00  0.49418218E+00
  0.57575758E+01  0.10126426E+02  0.15669453E+00  0.49740794E+00
  0.58585859E+01  0.10129057E+02  0.15767626E+00  0.50045931E+00
  0.59595960E+01  0.10137198E+02  0.15865716E+00  0.50337039E+00
  0.60606061E+01  0.10150533E+02  0.15964653E+00  0.50617656E+00
  0.61616162E+01  0.10168594E+02  0.16065118E+00  0.50890934E+00
  0.62626263E+01  0.10190781E+02  0.16167411E+00  0.51159197E+00
  0.63636364E+01  0.10216369E+02  0.16271361E+00  0.51423608E+00
  0.64646465E+01  0.10244528E+02  0.16376263E+00  0.51683961E+00
  0.65656566E+01  0.10274329E+02  0.16480866E+00  0.51938603E+00
  0.66666667E+01  0.10304761E+02  0.16583389E+00  0.52184471E+00
  0.67676768E+01  0.10334741E+02  0.16681571E+00  0.52417236E+00
  0.68686869E+01  0.10363133E+02  0.16772762E+00  0.52631531E+00
  0.69696970E+01  0.10388777E+02  0.16854035E+00  0.52821248E+00
  0.70707071E+01  0.10410522E+02  0.16922345E+00  0.52979914E+00
  0.71717172E+01  0.10427284E+02  0.16974712E+00  0.53101134E+00
  0.72727273E+01  0.10438101E+02  0.17008450E+00  0.53179096E+00
  0.73737374E+01  0.10442219E+02  0.17021413E+00  0.53209131E+00
  0.74747475E+01  0.10439164E+02  0.17012253E+00  0.53188278E+00
  0.75757576E+01  0.10428813E+02  0.16980645E+00  0.53115798E+00
  0.76767677E+01  0.10411446E+02  0.16927449E+00  0.52993542E+00
  0.77777778E+01  0.10387751E+02  0.16854744E+00  0.52826078E+00
  0.78787879E+01  0.10358785E+02  0.16765733E+00  0.52620516E+00
  0.79797980E+01  0.10325891E+02  0.16664488E+00  0.52385990E+00
  0.80808081E+01  0.10290570E+02  0.16555585E+00  0.52132889E+00
  0.81818182E+01  0.10254341E+02  0.16443686E+00  0.51871914E+00
  0.82828283E+01  0.10218609E+02  0.16333129E+00  0.51613162E+00
  0.83838384E+01  0.10184563E+02  0.16227608E+00  0.51365352E+00
  0.84848485E+01  0.10153111E+02  0.16129968E+00  0.51135310E+00
  0.85858586E+01  0.10124857E+02  0.16042127E+00  0.50927747E+00
  0.86868687E+01  0.10100119E+02  0.15965118E+00  0.50745302E+00
  0.87878788E+01  0.10078969E+02  0.15899201E+00  0.50588781E+00
  0.88888889E+01  0.10061283E+02  0.15844028E+00  0.50457517E+00
  0.89898990E+01  0.10046800E+02  0.15798812E+00  0.50349772E+00
  0.90909091E+01  0.10035175E+02  0.15762495E+00  0.50263119E+00
  0.91919192E+01  0.10026022E+02  0.15733885E+00  0.50194786E+00
  0.92929293E+01  0.10018949E+02  0.15711767E+00  0.50141914E+00
  0.93939394E+01  0.10013581E+02  0.15694978E+00  0.50101757E+00
  0.94949495E+01  0.10009581E+02  0.15682463E+00  0.50071809E+00
  0.95959596E+01  0.10006653E+02  0.15673299E+00  0.50049871E+00
  0.96969697E+01  0.10004546E+02  0.15666706E+00  0.50034085E+00
  0.97979798E+01  0.10003057E+02  0.15662046E+00  0.50022924E+00
  0.98989899E+01  0.10002023E+02  0.15658809E+00  0.50015171E+00
  0.10000000E+02  0.10001317E+02  0.15656600E+00  0.50009880E+00
 
  0.00000000E+00  0.10000000E+02  0.15652475E+00  0.49999996E+00
  0.10101010E+00  0.10000001E+02  0.15652474E+00  0.49999991E+00
  0.20202020E+00  0.10000001E+02  0.15652472E+00  0.49999983E+00
  0.30303030E+00  0.10000003E+02  0.15652468E+00  0.49999967E+00
  0.40404040E+00  0.10000005E+02  0.15652460E+00  0.49999938E+00
  0.50505051E+00  0.10000009E+02  0.15652447E+00  0.49999885E+00
  0.60606061E+00  0.10000017E+02  0.15652424E+00  0.49999792E+00
  0.70707071E+00  0.10000030E+02  0.15652383E+00  0.49999628E+00
  0.80808081E+00  0.10000052E+02  0.15652312E+00  0.49999345E+00
  0.90909091E+00  0.10000091E+02  0.15652192E+00  0.49998868E+00
  0.10101010E+01  0.10000154E+02  0.15651993E+00  0.49998074E+00
  0.11111111E+01  0.10000258E+02  0.15651669E+00  0.49996778E+00
  0.12121212E+01  0.10000424E+02  0.15651148E+00  0.49994698E+00
  0.13131313E+01  0.10000686E+02  0.15650327E+00  0.49991422E+00
  0.14141414E+01  0.10001092E+02  0.15649057E+00  0.49986349E+00
  0.15151515E+01  0.10001710E+02  0.15647124E+00  0.49978633E+00
  0.16161616E+01  0.10002632E+02  0.15644237E+00  0.49967107E+00
  0.17171717E+01  0.10003986E+02  0.15640000E+00  0.49950192E+00
  0.18181818E+01  0.10005938E+02  0.15633890E+00  0.49925811E+00
  0.19191919E+01  0.10008702E+02  0.15625239E+00  0.49891293E+00
  0.20202020E+01  0.10012548E+02  0.15613208E+00  0.49843303E+00
  0.21212121E+01  0.10017801E+02  0.15596776E+00  0.49777790E+00
  0.22222222E+01  0.10024846E+02  0.15574744E+00  0.49690003E+00
  0.23232323E+01  0.10034121E+02  0.15545752E+00  0.49574581E+00
  0.24242424E+01  0.10046097E+02  0.15508334E+00  0.49425768E+00
  0.25252525E+01  0.10061257E+02  0.15461004E+00  0.49237787E+00
  0.26262626E+01  0.10080046E+02  0.15402392E+00  0.49005392E+00
  0.27272727E+01  0.10102816E+02  0.15331435E+00  0.48724629E+00
  0.28282828E+01  0.10129748E+02  0.15247609E+00  0.48393761E+00
  0.29292929E+01  0.10160771E+02  0.15151190E+00  0.48014273E+00
  0.30303030E+01  0.10195477E+02  0.15043497E+00  0.47591786E+00
  0.31313131E+01  0.10233066E+02  0.14927068E+00  0.47136636E+00
  0.32323232E+01  0.10272329E+02  0.14805677E+00  0.46663870E+00
  0.33333333E+01  0.10311707E+02  0.14684166E+00  0.46192447E+00
  0.34343434E+01  0.10349404E+02  0.14568059E+00  0.45743668E+00
  0.35353535E+01  0.10383572E+02  0.14463007E+00  0.45339024E+00
  0.36363636E+01  0.10412506E+02  0.14374184E+00  0.44997929E+00
  0.37373737E+01  0.10434826E+02  0.14305751E+00  0.44735780E+00
  0.38383838E+01  0.10449599E+02  0.14260501E+00  0.44562743E+00
  0.39393939E+01  0.10456390E+02  0.14239722E+00  0.44483361E+00
  0.40404040E+01  0.10455239E+02  0.14243275E+00  0.44496907E+00
  0.41414141E+01  0.10446592E+02  0.14269804E+00  0.44598231E+00
  0.42424242E+01  0.10431207E+02  0.14317030E+00  0.44778818E+00
  0.43434343E+01  0.10410053E+02  0.14382048E+00  0.45027853E+00
  0.44444444E+01  0.10384223E+02  0.14461589E+00  0.45333158E+00
  0.45454545E+01  0.10354863E+02  0.14552242E+00  0.45681955E+00
  0.46464646E+01  0.10323113E+02  0.14650622E+00  0.46061459E+00
  0.47474747E+01  0.10290070E+02  0.14753507E+00  0.46459342E+00
  0.48484848E+01  0.10256758E+02  0.14857929E+00  0.46864092E+00
  0.49494949E+01  0.10224107E+02  0.14961266E+00  0.47265320E+00
  0.50505051E+01  0.10192941E+02  0.15061298E+00  0.47654027E+00
  0.51515152E+01  0.10163969E+02  0.15156273E+00  0.48022827E+00
  0.52525253E+01  0.10137776E+02  0.15244946E+00  0.48366149E+00
  0.53535354E+01  0.10114825E+02  0.15326607E+00  0.48680364E+00
  0.54545455E+01  0.10095462E+02  0.15401096E+00  0.48963842E+00
  0.55555556E+01  0.10079922E+02  0.15468777E+00  0.49216911E+00
  0.56565657E+01  0.10068345E+02  0.15530499E+00  0.49441692E+00
  0.57575758E+01  0.10060789E+02  0.15587514E+00  0.49641830E+00
  0.58585859E+01  0.10057253E+02  0.15641377E+00  0.49822126E+00
  0.59595960E+01  0.10057687E+02  0.15693822E+00  0.49988100E+00
  0.60606061E+01  0.10062012E+02  0.15746634E+00  0.50145534E+00
  0.61616162E+01  0.10070124E+02  0.15801513E+00  0.50300028E+00
  0.62626263E+01  0.10081893E+02  0.15859964E+00  0.50456615E+00
  0.63636364E+01  0.10097160E+02  0.15923188E+00  0.50619443E+00
  0.64646465E+01  0.10115727E+02  0.15992013E+00  0.50791557E+00
  0.65656566E+01  0.10137343E+02  0.16066833E+00  0.50974760E+00
  0.66666667E+01  0.10161686E+02  0.16147585E+00  0.51169556E+00
  0.67676768E+01  0.10188357E+02  0.16233730E+00  0.51375159E+00
  0.68686869E+01  0.10216866E+02  0.16324263E+00  0.51589545E+00
  0.69696970E+01  0.10246623E+02  0.16417734E+00  0.51809548E+00
  0.70707071E+01  0.10276938E+02  0.16512273E+00  0.52030973E+00
  0.71717172E+01  0.10307026E+02  0.16605636E+00  0.52248737E+00
  0.72727273E+01  0.10336012E+02  0.16695261E+00  0.52457027E+00
  0.73737374E+01  0.10362951E+02  0.16778337E+00  0.52649490E+00
  0.74747475E+01  0.10386854E+02  0.16851905E+00  0.52819459E+00
  0.75757576E+01  0.10406727E+02  0.16912977E+00  0.52960238E+00
  0.76767677E+01  0.10421622E+02  0.16958701E+00  0.53065452E+00
  0.77777778E+01  0.10430701E+02  0.16986551E+00  0.53129463E+00
  0.78787879E+01  0.10433309E+02  0.16994555E+00  0.53147852E+00
  0.79797980E+01  0.10429055E+02  0.16981519E+00  0.53117915E+00
  0.80808081E+01  0.10417873E+02  0.16947236E+00  0.53039118E+00
  0.81818182E+01  0.10400074E+02  0.16892623E+00  0.52913421E+00
  0.82828283E+01  0.10376349E+02  0.16819754E+00  0.52745365E+00
  0.83838384E+01  0.10347731E+02  0.16731745E+00  0.52541881E+00
  0.84848485E+01  0.10315513E+02  0.16632516E+00  0.52311781E+00
  0.85858586E+01  0.10281125E+02  0.16526436E+00  0.52064997E+00
  0.86868687E+01  0.10246007E+02  0.16417920E+00  0.51811693E+00
  0.87878788E+01  0.10211482E+02  0.16311054E+00  0.51561390E+00
  0.88888889E+01  0.10178659E+02  0.16209291E+00  0.51322251E+00
  0.89898990E+01  0.10148380E+02  0.16115268E+00  0.51100617E+00
  0.90909091E+01  0.10121199E+02  0.16030747E+00  0.50900815E+00
  0.91919192E+01  0.10097402E+02  0.15956652E+00  0.50725219E+00
  0.92929293E+01  0.10077041E+02  0.15893189E+00  0.50574488E+00
  0.93939394E+01  0.10059991E+02  0.15839996E+00  0.50447916E+00
  0.94949495E+01  0.10045999E+02  0.15796311E+00  0.50343809E+00
  0.95959596E+01  0.10034737E+02  0.15761124E+00  0.50259848E+00
  0.96969697E+01  0.10025837E+02  0.15733305E+00  0.50193400E+00
  0.97979798E+01  0.10018928E+02  0.15711703E+00  0.50141762E+00
  0.98989899E+01  0.10013659E+02  0.15695221E+00  0.50102339E+00
  0.10000000E+02  0.10009709E+02  0.15682861E+00  0.50072761E+00
 
  0.00000000E+00  0.10000001E+02  0.15652471E+00  0.49999983E+00
  0.10101010E+00  0.10000003E+02  0.15652468E+00  0.49999967E+00
  0.20202020E+00  0.10000005E+02  0.15652460E+00  0.49999938E+00
  0.30303030E+00  0.10000009E+02  0.15652448E+00  0.49999887E+00
  0.40404040E+00  0.10000016E+02  0.15652425E+00  0.49999797E+00
  0.50505051E+00  0.10000029E+02  0.15652385E+00  0.49999639E+00
  0.60606061E+00  0.10000050E+02  0.15652318E+00  0.49999369E+00
  0.70707071E+00  0.10000087E+02  0.15652204E+00  0.49998916E+00
  0.80808081E+00  0.10000147E+02  0.15652017E+00  0.49998168E+00
  0.90909091E+00  0.10000244E+02  0.15651712E+00  0.49996952E+00
  0.10101010E+01  0.10000399E+02  0.15651226E+00  0.49995010E+00
  0.11111111E+01  0.10000643E+02  0.15650463E+00  0.49991961E+00
  0.12121212E+01  0.10001019E+02  0.15649284E+00  0.49987258E+00
  0.13131313E+01  0.10001590E+02  0.15647498E+00  0.49980124E+00
  0.14141414E+01  0.10002441E+02  0.15644834E+00  0.49969491E+00
  0.15151515E+01  0.10003688E+02  0.15640931E+00  0.49953911E+00
  0.16161616E+01  0.10005484E+02  0.15635310E+00  0.49931476E+00
  0.17171717E+01  0.10008027E+02  0.15627353E+00  0.49899724E+00
  0.18181818E+01  0.10011565E+02  0.15616282E+00  0.49855563E+00
  0.19191919E+01  0.10016403E+02  0.15601147E+00  0.49795215E+00
  0.20202020E+01  0.10022903E+02  0.15580819E+00  0.49714203E+00
  0.21212121E+01  0.10031481E+02  0.15554004E+00  0.49607420E+00
  0.22222222E+01  0.10042592E+02  0.15519282E+00  0.49469290E+00
  0.23232323E+01  0.10056713E+02  0.15475186E+00  0.49294085E+00
  0.24242424E+01  0.10074298E+02  0.15420316E+00  0.49076416E+00
  0.25252525E+01  0.10095728E+02  0.15353515E+00  0.48811928E+00
  0.26262626E+01  0.10121237E+02  0.15274088E+00  0.48498183E+00
  0.27272727E+01  0.10150832E+02  0.15182064E+00  0.48135663E+00
  0.28282828E+01  0.10184207E+02  0.15078448E+00  0.47728744E+00
  0.29292929E+01  0.10220674E+02  0.14965428E+00  0.47286410E+00
  0.30303030E+01  0.10259136E+02  0.14846440E+00  0.46822424E+00
  0.31313131E+01  0.10298125E+02  0.14726050E+00  0.46354741E+00
  0.32323232E+01  0.10335906E+02  0.14609610E+00  0.45904084E+00
  0.33333333E+01  0.10370645E+02  0.14502729E+00  0.45491872E+00
  0.34343434E+01  0.10400617E+02  0.14410662E+00  0.45137898E+00
  0.35353535E+01  0.10424386E+02  0.14337743E+00  0.44858270E+00
  0.36363636E+01  0.10440944E+02  0.14286992E+00  0.44664027E+00
  0.37373737E+01  0.10449775E+02  0.14259944E+00  0.44560630E+00
  0.38383838E+01  0.10450835E+02  0.14256698E+00  0.44548226E+00
  0.39393939E+01  0.10444493E+02  0.14276125E+00  0.44622474E+00
  0.40404040E+01  0.10431428E+02  0.14316158E+00  0.44775614E+00
  0.41414141E+01  0.10412539E+02  0.14374087E+00  0.44997554E+00
  0.42424242E+01  0.10388844E+02  0.14446830E+00  0.45276819E+00
  0.43434343E+01  0.10361415E+02  0.14531146E+00  0.45601307E+00
  0.44444444E+01  0.10331320E+02  0.14623798E+00  0.45958860E+00
  0.45454545E+01  0.10299583E+02  0.14721670E+00  0.46337672E+00
  0.46464646E+01  0.10267159E+02  0.14821850E+00  0.46726603E+00
  0.47474747E+01  0.10234914E+02  0.14921694E+00  0.47115412E+00
  0.48484848E+01  0.10203608E+02  0.15018875E+00  0.47494955E+00
  0.49494949E+01  0.10173889E+02  0.15111422E+00  0.47857367E+00
  0.50505051E+01  0.10146285E+02  0.15197755E+00  0.48196207E+00
  0.51515152E+01  0.10121197E+02  0.15276707E+00  0.48506591E+00
  0.52525253E+01  0.10098904E+02  0.15347545E+00  0.48785274E+00
  0.53535354E+01  0.10079566E+02  0.15409970E+00  0.49030671E+00
  0.54545455E+01  0.10063234E+02  0.15464101E+00  0.49242813E+00
  0.55555556E+01  0.10049871E+02  0.15510445E+00  0.49423212E+00
  0.56565657E+01  0.10039372E+02  0.15549844E+00  0.49574659E+00
  0.57575758E+01  0.10031592E+02  0.15583419E+00  0.49700959E+00
  0.58585859E+01  0.10026372E+02  0.15612491E+00  0.49806641E+00
  0.59595960E+01  0.10023563E+02  0.15638516E+00  0.49896656E+00
  0.60606061E+01  0.10023051E+02  0.15663017E+00  0.49976105E+00
  0.61616162E+01  0.10024762E+02  0.15687516E+00  0.50050002E+00
  0.62626263E+01  0.10028674E+02  0.15713489E+00  0.50123090E+00
  0.63636364E+01  0.10034808E+02  0.15742317E+00  0.50199696E+00
  0.64646465E+01  0.10043221E+02  0.15775245E+00  0.50283623E+00
  0.65656566E+01  0.10053989E+02  0.15813345E+00  0.50378068E+00
  0.66666667E+01  0.10067185E+02  0.15857483E+00  0.50485561E+00
  0.67676768E+01  0.10082861E+02  0.15908282E+00  0.50607904E+00
  0.68686869E+01  0.10101026E+02  0.15966096E+00  0.50746135E+00
  0.69696970E+01  0.10121626E+02  0.16030980E+00  0.50900482E+00
  0.70707071E+01  0.10144531E+02  0.16102669E+00  0.51070352E+00
  0.71717172E+01  0.10169521E+02  0.16180566E+00  0.51254314E+00
  0.72727273E+01  0.10196277E+02  0.16263731E+00  0.51450113E+00
  0.73737374E+01  0.10224379E+02  0.16350886E+00  0.51654691E+00
  0.74747475E+01  0.10253302E+02  0.16440417E+00  0.51864227E+00
  0.75757576E+01  0.10282418E+02  0.16530396E+00  0.52074198E+00
  0.76767677E+01  0.10311005E+02  0.16618605E+00  0.52279452E+00
  0.77777778E+01  0.10338258E+02  0.16702577E+00  0.52474312E+00
  0.78787879E+01  0.10363306E+02  0.16779652E+00  0.52652714E+00
  0.79797980E+01  0.10385238E+02  0.16847062E+00  0.52808390E+00
  0.80808081E+01  0.10403142E+02  0.16902041E+00  0.52935113E+00
  0.81818182E+01  0.10416156E+02  0.16941970E+00  0.53027009E+00
  0.82828283E+01  0.10423522E+02  0.16964560E+00  0.53078950E+00
  0.83838384E+01  0.10424663E+02  0.16968060E+00  0.53086993E+00
  0.84848485E+01  0.10419252E+02  0.16951468E+00  0.53048853E+00
  0.85858586E+01  0.10407275E+02  0.16914724E+00  0.52964315E+00
  0.86868687E+01  0.10389067E+02  0.16858827E+00  0.52835526E+00
  0.87878788E+01  0.10365322E+02  0.16785858E+00  0.52667061E+00
  0.88888889E+01  0.10337050E+02  0.16698864E+00  0.52465714E+00
  0.89898990E+01  0.10305491E+02  0.16601621E+00  0.52239991E+00
  0.90909091E+01  0.10272012E+02  0.16498293E+00  0.51999388E+00
  0.91919192E+01  0.10237970E+02  0.16393060E+00  0.51753539E+00
  0.92929293E+01  0.10204608E+02  0.16289757E+00  0.51511406E+00
  0.93939394E+01  0.10172961E+02  0.16191607E+00  0.51280615E+00
  0.94949495E+01  0.10143805E+02  0.16101051E+00  0.51067046E+00
  0.95959596E+01  0.10117650E+02  0.16019702E+00  0.50874665E+00
  0.96969697E+01  0.10094749E+02  0.15948387E+00  0.50705606E+00
  0.97979798E+01  0.10075141E+02  0.15887264E+00  0.50560401E+00
  0.98989899E+01  0.10058699E+02  0.15835964E+00  0.50438314E+00
  0.10000000E+02  0.10045179E+02  0.15793750E+00  0.50337701E+00
 
  0.00000000E+00  0.10000005E+02  0.15652461E+00  0.49999939E+00
  0.10101010E+00  0.10000009E+02  0.15652448E+00  0.49999889E+00
  0.20202020E+00  0.10000016E+02  0.15652426E+00  0.49999802E+00
  0.30303030E+00  0.10000028E+02  0.15652388E+00  0.49999651E+00
  0.40404040E+00  0.10000048E+02  0.15652324E+00  0.49999394E+00
  0.50505051E+00  0.10000083E+02  0.15652217E+00  0.49998965E+00
  0.60606061E+00  0.10000139E+02  0.15652040E+00  0.49998260E+00
  0.70707071E+00  0.10000230E+02  0.15651755E+00  0.49997120E+00
  0.80808081E+00  0.10000375E+02  0.15651300E+00  0.49995307E+00
  0.90909091E+00  0.10000602E+02  0.15650590E+00  0.49992472E+00
  0.10101010E+01  0.10000951E+02  0.15649498E+00  0.49988111E+00
  0.11111111E+01  0.10001479E+02  0.15647846E+00  0.49981515E+00
  0.12121212E+01  0.10002264E+02  0.15645388E+00  0.49971703E+00
  0.13131313E+01  0.10003413E+02  0.15641793E+00  0.49957349E+00
  0.14141414E+01  0.10005066E+02  0.15636619E+00  0.49936698E+00
  0.15151515E+01  0.10007406E+02  0.15629297E+00  0.49907480E+00
  0.16161616E+01  0.10010662E+02  0.15619107E+00  0.49866831E+00
  0.17171717E+01  0.10015119E+02  0.15605164E+00  0.49811229E+00
  0.18181818E+01  0.10021116E+02  0.15586407E+00  0.49736468E+00
  0.19191919E+01  0.10029048E+02  0.15561609E+00  0.49637695E+00
  0.20202020E+01  0.10039353E+02  0.15529403E+00  0.49509537E+00
  0.21212121E+01  0.10052497E+02  0.15488350E+00  0.49346364E+00
  0.22222222E+01  0.10068937E+02  0.15437039E+00  0.49142715E+00
  0.23232323E+01  0.10089076E+02  0.15374241E+00  0.48893929E+00
  0.24242424E+01  0.10113194E+02  0.15299119E+00  0.48596973E+00
  0.25252525E+01  0.10141367E+02  0.15211481E+00  0.48251432E+00
  0.26262626E+01  0.10173382E+02  0.15112036E+00  0.47860505E+00
  0.27272727E+01  0.10208663E+02  0.15002628E+00  0.47431829E+00
  0.28282828E+01  0.10246230E+02  0.14886341E+00  0.46977822E+00
  0.29292929E+01  0.10284715E+02  0.14767433E+00  0.46515302E+00
  0.30303030E+01  0.10322454E+02  0.14651044E+00  0.46064254E+00
  0.31313131E+01  0.10357646E+02  0.14542701E+00  0.45645871E+00
  0.32323232E+01  0.10388550E+02  0.14447713E+00  0.45280227E+00
  0.33333333E+01  0.10413679E+02  0.14370580E+00  0.44984113E+00
  0.34343434E+01  0.10431949E+02  0.14314557E+00  0.44769490E+00
  0.35353535E+01  0.10442755E+02  0.14281445E+00  0.44642813E+00
  0.36363636E+01  0.10445968E+02  0.14271604E+00  0.44605193E+00
  0.37373737E+01  0.10441872E+02  0.14284150E+00  0.44653157E+00
  0.38383838E+01  0.10431076E+02  0.14317232E+00  0.44779729E+00
  0.39393939E+01  0.10414409E+02  0.14368340E+00  0.44975527E+00
  0.40404040E+01  0.10392828E+02  0.14434575E+00  0.45229741E+00
  0.41414141E+01  0.10367348E+02  0.14512867E+00  0.45530909E+00
  0.42424242E+01  0.10338984E+02  0.14600133E+00  0.45867477E+00
  0.43434343E+01  0.10308713E+02  0.14693399E+00  0.46228203E+00
  0.44444444E+01  0.10277450E+02  0.14789868E+00  0.46602432E+00
  0.45454545E+01  0.10246028E+02  0.14886978E+00  0.46980296E+00
  0.46464646E+01  0.10215187E+02  0.14982440E+00  0.47352873E+00
  0.47474747E+01  0.10185568E+02  0.15074266E+00  0.47712320E+00
  0.48484848E+01  0.10157698E+02  0.15160801E+00  0.48051999E+00
  0.49494949E+01  0.10131996E+02  0.15240736E+00  0.48366582E+00
  0.50505051E+01  0.10108760E+02  0.15313127E+00  0.48652134E+00
  0.51515152E+01  0.10088173E+02  0.15377397E+00  0.48906155E+00
  0.52525253E+01  0.10070308E+02  0.15433330E+00  0.49127564E+00
  0.53535354E+01  0.10055133E+02  0.15481045E+00  0.49316622E+00
  0.54545455E+01  0.10042533E+02  0.15520959E+00  0.49474781E+00
  0.55555556E+01  0.10032323E+02  0.15553733E+00  0.49604473E+00
  0.56565657E+01  0.10024276E+02  0.15580213E+00  0.49708866E+00
  0.57575758E+01  0.10018144E+02  0.15601370E+00  0.49791597E+00
  0.58585859E+01  0.10013683E+02  0.15618235E+00  0.49856522E+00
  0.59595960E+01  0.10010674E+02  0.15631859E+00  0.49907513E+00
  0.60606061E+01  0.10008936E+02  0.15643276E+00  0.49948301E+00
  0.61616162E+01  0.10008342E+02  0.15653488E+00  0.49982388E+00
  0.62626263E+01  0.10008822E+02  0.15663452E+00  0.50013005E+00
  0.63636364E+01  0.10010365E+02  0.15674090E+00  0.50043116E+00
  0.64646465E+01  0.10013016E+02  0.15686294E+00  0.50075449E+00
  0.65656566E+01  0.10016870E+02  0.15700927E+00  0.50112520E+00
  0.66666667E+01  0.10022062E+02  0.15718830E+00  0.50156665E+00
  0.67676768E+01  0.10028754E+02  0.15740811E+00  0.50210040E+00
  0.68686869E+01  0.10037125E+02  0.15767628E+00  0.50274604E+00
  0.69696970E+01  0.10047349E+02  0.15799966E+00  0.50352075E+00
  0.70707071E+01  0.10059584E+02  0.15838405E+00  0.50443870E+00
  0.71717172E+01  0.10073955E+02  0.15883385E+00  0.50551032E+00
  0.72727273E+01  0.10090539E+02  0.15935170E+00  0.50674152E+00
  0.73737374E+01  0.10109351E+02  0.15993813E+00  0.50813293E+00
  0.74747475E+01  0.10130331E+02  0.16059126E+00  0.50967936E+00
  0.75757576E+01  0.10153338E+02  0.16130658E+00  0.51136927E+00
  0.76767677E+01  0.10178142E+02  0.16207680E+00  0.51318452E+00
  0.77777778E+01  0.10204420E+02  0.16289171E+00  0.51510027E+00
  0.78787879E+01  0.10231754E+02  0.16373823E+00  0.51708508E+00
  0.79797980E+01  0.10259630E+02  0.16460038E+00  0.51910110E+00
  0.80808081E+01  0.10287447E+02  0.16545950E+00  0.52110457E+00
  0.81818182E+01  0.10314515E+02  0.16629441E+00  0.52304638E+00
  0.82828283E+01  0.10340075E+02  0.16708178E+00  0.52487297E+00
  0.83838384E+01  0.10363310E+02  0.16779668E+00  0.52652754E+00
  0.84848485E+01  0.10383372E+02  0.16841334E+00  0.52795176E+00
  0.85858586E+01  0.10399421E+02  0.16890619E+00  0.52908805E+00
  0.86868687E+01  0.10410665E+02  0.16925126E+00  0.52988257E+00
  0.87878788E+01  0.10416423E+02  0.16942789E+00  0.53028893E+00
  0.88888889E+01  0.10416187E+02  0.16942068E+00  0.53027235E+00
  0.89898990E+01  0.10409695E+02  0.16922149E+00  0.52981406E+00
  0.90909091E+01  0.10396976E+02  0.16883114E+00  0.52891512E+00
  0.91919192E+01  0.10378397E+02  0.16826047E+00  0.52759895E+00
  0.92929293E+01  0.10354652E+02  0.16753040E+00  0.52591169E+00
  0.93939394E+01  0.10326727E+02  0.16667073E+00  0.52391996E+00
  0.94949495E+01  0.10295818E+02  0.16571782E+00  0.52170592E+00
  0.95959596E+01  0.10263221E+02  0.16471136E+00  0.51936020E+00
  0.96969697E+01  0.10230220E+02  0.16369079E+00  0.51697400E+00
  0.97979798E+01  0.10197979E+02  0.16269210E+00  0.51463151E+00
  0.98989899E+01  0.10167459E+02  0.16174529E+00  0.51240386E+00
  0.10000000E+02  0.10139380E+02  0.16087294E+00  0.51034546E+00
 
  0.00000000E+00  0.10000015E+02  0.15652428E+00  0.49999808E+00
  0.10101010E+00  0.10000027E+02  0.15652391E+00  0.49999663E+00
  0.20202020E+00  0.10000046E+02  0.15652330E+00  0.49999419E+00
  0.30303030E+00  0.10000079E+02  0.15652229E+00  0.49999013E+00
  0.40404040E+00  0.10000132E+02  0.15652063E+00  0.49998350E+00
  0.50505051E+00  0.10000217E+02  0.15651795E+00  0.49997281E+00
  0.60606061E+00  0.10000353E+02  0.15651371E+00  0.49995590E+00
  0.70707071E+00  0.10000564E+02  0.15650711E+00  0.49992954E+00
  0.80808081E+00  0.10000887E+02  0.15649699E+00  0.49988911E+00
  0.90909091E+00  0.10001375E+02  0.15648171E+00  0.49982812E+00
  0.10101010E+01  0.10002100E+02  0.15645903E+00  0.49973756E+00
  0.11111111E+01  0.10003159E+02  0.15642589E+00  0.49960528E+00
  0.12121212E+01  0.10004681E+02  0.15637825E+00  0.49941513E+00
  0.13131313E+01  0.10006834E+02  0.15631086E+00  0.49914618E+00
  0.14141414E+01  0.10009832E+02  0.15621705E+00  0.49877192E+00
  0.15151515E+01  0.10013938E+02  0.15608857E+00  0.49825953E+00
  0.16161616E+01  0.10019472E+02  0.15591549E+00  0.49756958E+00
  0.17171717E+01  0.10026805E+02  0.15568619E+00  0.49665608E+00
  0.18181818E+01  0.10036359E+02  0.15538758E+00  0.49546750E+00
  0.19191919E+01  0.10048585E+02  0.15500564E+00  0.49394886E+00
  0.20202020E+01  0.10063941E+02  0.15452626E+00  0.49204544E+00
  0.21212121E+01  0.10082844E+02  0.15393669E+00  0.48970843E+00
  0.22222222E+01  0.10105608E+02  0.15322738E+00  0.48690261E+00
  0.23232323E+01  0.10132373E+02  0.15239445E+00  0.48361584E+00
  0.24242424E+01  0.10163013E+02  0.15144228E+00  0.47986921E+00
  0.25252525E+01  0.10197058E+02  0.15038597E+00  0.47572595E+00
  0.26262626E+01  0.10233644E+02  0.14925276E+00  0.47129646E+00
  0.27272727E+01  0.10271515E+02  0.14808193E+00  0.46673651E+00
  0.28282828E+01  0.10309089E+02  0.14692239E+00  0.46223710E+00
  0.29292929E+01  0.10344608E+02  0.14582819E+00  0.45800628E+00
  0.30303030E+01  0.10376328E+02  0.14485262E+00  0.45424635E+00
  0.31313131E+01  0.10402718E+02  0.14404214E+00  0.45113146E+00
  0.32323232E+01  0.10422616E+02  0.14343168E+00  0.44879051E+00
  0.33333333E+01  0.10435328E+02  0.14304200E+00  0.44729854E+00
  0.34343434E+01  0.10440631E+02  0.14287952E+00  0.44667699E+00
  0.35353535E+01  0.10438724E+02  0.14293795E+00  0.44690045E+00
  0.36363636E+01  0.10430139E+02  0.14320103E+00  0.44790722E+00
  0.37373737E+01  0.10415640E+02  0.14364563E+00  0.44961046E+00
  0.38383838E+01  0.10396127E+02  0.14424446E+00  0.45190829E+00
  0.39393939E+01  0.10372563E+02  0.14496833E+00  0.45469173E+00
  0.40404040E+01  0.10345919E+02  0.14578784E+00  0.45785054E+00
  0.41414141E+01  0.10317131E+02  0.14667447E+00  0.46127722E+00
  0.42424242E+01  0.10287080E+02  0.14760131E+00  0.46486957E+00
  0.43434343E+01  0.10256574E+02  0.14854361E+00  0.46853256E+00
  0.44444444E+01  0.10226335E+02  0.14947901E+00  0.47217954E+00
  0.45454545E+01  0.10196997E+02  0.15038786E+00  0.47573336E+00
  0.46464646E+01  0.10169097E+02  0.15125340E+00  0.47912731E+00
  0.47474747E+01  0.10143070E+02  0.15206191E+00  0.48230603E+00
  0.48484848E+01  0.10119247E+02  0.15280286E+00  0.48522631E+00
  0.49494949E+01  0.10097854E+02  0.15346901E+00  0.48785765E+00
  0.50505051E+01  0.10079012E+02  0.15405639E+00  0.49018237E+00
  0.51515152E+01  0.10062741E+02  0.15456412E+00  0.49219534E+00
  0.52525253E+01  0.10048973E+02  0.15499422E+00  0.49390295E+00
  0.53535354E+01  0.10037563E+02  0.15535113E+00  0.49532156E+00
  0.54545455E+01  0.10028307E+02  0.15564122E+00  0.49647544E+00
  0.55555556E+01  0.10020963E+02  0.15587218E+00  0.49739435E+00
  0.56565657E+01  0.10015268E+02  0.15605244E+00  0.49811112E+00
  0.57575758E+01  0.10010961E+02  0.15619057E+00  0.49865927E+00
  0.58585859E+01  0.10007795E+02  0.15629490E+00  0.49907125E+00
  0.59595960E+01  0.10005554E+02  0.15637313E+00  0.49937699E+00
  0.60606061E+01  0.10004056E+02  0.15643224E+00  0.49960315E+00
  0.61616162E+01  0.10003162E+02  0.15647841E+00  0.49977294E+00
  0.62626263E+01  0.10002774E+02  0.15651712E+00  0.49990626E+00
  0.63636364E+01  0.10002840E+02  0.15655332E+00  0.50002025E+00
  0.64646465E+01  0.10003345E+02  0.15659164E+00  0.50013000E+00
  0.65656566E+01  0.10004317E+02  0.15663658E+00  0.50024924E+00
  0.66666667E+01  0.10005818E+02  0.15669276E+00  0.50039113E+00
  0.67676768E+01  0.10007945E+02  0.15676504E+00  0.50056874E+00
  0.68686869E+01  0.10010825E+02  0.15685863E+00  0.50079556E+00
  0.69696970E+01  0.10014610E+02  0.15697916E+00  0.50108561E+00
  0.70707071E+01  0.10019475E+02  0.15713255E+00  0.50145346E+00
  0.71717172E+01  0.10025606E+02  0.15732496E+00  0.50191397E+00
  0.72727273E+01  0.10033193E+02  0.15756252E+00  0.50248177E+00
  0.73737374E+01  0.10042421E+02  0.15785107E+00  0.50317064E+00
  0.74747475E+01  0.10053456E+02  0.15819582E+00  0.50399274E+00
  0.75757576E+01  0.10066435E+02  0.15860099E+00  0.50495771E+00
  0.76767677E+01  0.10081454E+02  0.15906947E+00  0.50607188E+00
  0.77777778E+01  0.10098556E+02  0.15960246E+00  0.50733744E+00
  0.78787879E+01  0.10117720E+02  0.16019919E+00  0.50875179E+00
  0.79797980E+01  0.10138857E+02  0.16085667E+00  0.51030702E+00
  0.80808081E+01  0.10161798E+02  0.16156950E+00  0.51198951E+00
  0.81818182E+01  0.10186294E+02  0.16232976E+00  0.51377979E+00
  0.82828283E+01  0.10212012E+02  0.16312697E+00  0.51565243E+00
  0.83838384E+01  0.10238533E+02  0.16394803E+00  0.51757618E+00
  0.84848485E+01  0.10265356E+02  0.16477733E+00  0.51951420E+00
  0.85858586E+01  0.10291897E+02  0.16559687E+00  0.52142440E+00
  0.86868687E+01  0.10317500E+02  0.16638641E+00  0.52326006E+00
  0.87878788E+01  0.10341443E+02  0.16712390E+00  0.52497056E+00
  0.88888889E+01  0.10362959E+02  0.16778589E+00  0.52650260E+00
  0.89898990E+01  0.10381257E+02  0.16834834E+00  0.52780176E+00
  0.90909091E+01  0.10395558E+02  0.16878758E+00  0.52881475E+00
  0.91919192E+01  0.10405138E+02  0.16908168E+00  0.52949222E+00
  0.92929293E+01  0.10409387E+02  0.16921205E+00  0.52979234E+00
  0.93939394E+01  0.10407863E+02  0.16916530E+00  0.52968473E+00
  0.94949495E+01  0.10400362E+02  0.16893507E+00  0.52915456E+00
  0.95959596E+01  0.10386960E+02  0.16852355E+00  0.52820599E+00
  0.96969697E+01  0.10368049E+02  0.16794239E+00  0.52686432E+00
  0.97979798E+01  0.10344325E+02  0.16721263E+00  0.52517608E+00
  0.98989899E+01  0.10316753E+02  0.16636340E+00  0.52320663E+00
  0.10000000E+02  0.10286482E+02  0.16542972E+00  0.52103521E+00
 
  0.00000000E+00  0.10000045E+02  0.15652337E+00  0.49999444E+00
  0.10101010E+00  0.10000075E+02  0.15652241E+00  0.49999060E+00
  0.20202020E+00  0.10000125E+02  0.15652084E+00  0.49998437E+00
  0.30303030E+00  0.10000205E+02  0.15651834E+00  0.49997437E+00
  0.40404040E+00  0.10000331E+02  0.15651439E+00  0.49995859E+00
  0.50505051E+00  0.10000527E+02  0.15650825E+00  0.49993408E+00
  0.60606061E+00  0.10000827E+02  0.15649886E+00  0.49989661E+00
  0.70707071E+00  0.10001279E+02  0.15648474E+00  0.49984020E+00
  0.80808081E+00  0.10001947E+02  0.15646380E+00  0.49975661E+00
  0.90909091E+00  0.10002923E+02  0.15643325E+00  0.49963467E+00
  0.10101010E+01  0.10004325E+02  0.15638937E+00  0.49945953E+00
  0.11111111E+01  0.10006308E+02  0.15632732E+00  0.49921190E+00
  0.12121212E+01  0.10009068E+02  0.15624094E+00  0.49886721E+00
  0.13131313E+01  0.10012853E+02  0.15612254E+00  0.49839496E+00
  0.14141414E+01  0.10017959E+02  0.15596282E+00  0.49775819E+00
  0.15151515E+01  0.10024738E+02  0.15575081E+00  0.49691346E+00
  0.16161616E+01  0.10033592E+02  0.15547403E+00  0.49581151E+00
  0.17171717E+01  0.10044959E+02  0.15511889E+00  0.49439898E+00
  0.18181818E+01  0.10059290E+02  0.15467143E+00  0.49262155E+00
  0.19191919E+01  0.10077010E+02  0.15411858E+00  0.49042895E+00
  0.20202020E+01  0.10098465E+02  0.15344987E+00  0.48778202E+00
  0.21212121E+01  0.10123845E+02  0.15265972E+00  0.48466169E+00
  0.22222222E+01  0.10153104E+02  0.15175006E+00  0.48107902E+00
  0.23232323E+01  0.10185874E+02  0.15073277E+00  0.47708469E+00
  0.24242424E+01  0.10221408E+02  0.14963154E+00  0.47277527E+00
  0.25252525E+01  0.10258561E+02  0.14848217E+00  0.46829341E+00
  0.26262626E+01  0.10295848E+02  0.14733076E+00  0.46381986E+00
  0.27272727E+01  0.10331566E+02  0.14622974E+00  0.45955723E+00
  0.28282828E+01  0.10363980E+02  0.14523222E+00  0.45570799E+00
  0.29292929E+01  0.10391521E+02  0.14438588E+00  0.45245159E+00
  0.30303030E+01  0.10412958E+02  0.14372791E+00  0.44992594E+00
  0.31313131E+01  0.10427501E+02  0.14328192E+00  0.44821693E+00
  0.32323232E+01  0.10434831E+02  0.14305725E+00  0.44735689E+00
  0.33333333E+01  0.10435057E+02  0.14305031E+00  0.44733035E+00
  0.34343434E+01  0.10428633E+02  0.14324722E+00  0.44808404E+00
  0.35353535E+01  0.10416255E+02  0.14362678E+00  0.44953818E+00
  0.36363636E+01  0.10398769E+02  0.14416335E+00  0.45159680E+00
  0.37373737E+01  0.10377091E+02  0.14482917E+00  0.45415612E+00
  0.38383838E+01  0.10352152E+02  0.14559604E+00  0.45711052E+00
  0.39393939E+01  0.10324853E+02  0.14643654E+00  0.46035671E+00
  0.40404040E+01  0.10296044E+02  0.14732470E+00  0.46379634E+00
  0.41414141E+01  0.10266511E+02  0.14823652E+00  0.46733761E+00
  0.42424242E+01  0.10236959E+02  0.14915021E+00  0.47089638E+00
  0.43434343E+01  0.10208014E+02  0.15004641E+00  0.47439701E+00
  0.44444444E+01  0.10180215E+02  0.15090832E+00  0.47777308E+00
  0.45454545E+01  0.10154011E+02  0.15172186E+00  0.48096814E+00
  0.46464646E+01  0.10129758E+02  0.15247578E+00  0.48393639E+00
  0.47474747E+01  0.10107716E+02  0.15316174E+00  0.48664326E+00
  0.48484848E+01  0.10088051E+02  0.15377438E+00  0.48906581E+00
  0.49494949E+01  0.10070833E+02  0.15431125E+00  0.49119266E+00
  0.50505051E+01  0.10056047E+02  0.15477268E+00  0.49302349E+00
  0.51515152E+01  0.10043599E+02  0.15516143E+00  0.49456805E+00
  0.52525253E+01  0.10033329E+02  0.15548234E+00  0.49584452E+00
  0.53535354E+01  0.10025030E+02  0.15574182E+00  0.49687756E+00
  0.54545455E+01  0.10018463E+02  0.15594728E+00  0.49769607E+00
  0.55555556E+01  0.10013376E+02  0.15610657E+00  0.49833098E+00
  0.56565657E+01  0.10009519E+02  0.15622753E+00  0.49881318E+00
  0.57575758E+01  0.10006658E+02  0.15631752E+00  0.49917187E+00
  0.58585859E+01  0.10004584E+02  0.15638322E+00  0.49943342E+00
  0.59595960E+01  0.10003117E+02  0.15643039E+00  0.49962070E+00
  0.60606061E+01  0.10002111E+02  0.15646390E+00  0.49975285E+00
  0.61616162E+01  0.10001451E+02  0.15648773E+00  0.49984544E+00
  0.62626263E+01  0.10001053E+02  0.15650511E+00  0.49991090E+00
  0.63636364E+01  0.10000860E+02  0.15651868E+00  0.49995908E+00
  0.64646465E+01  0.10000837E+02  0.15653065E+00  0.49999788E+00
  0.65656566E+01  0.10000975E+02  0.15654299E+00  0.50003386E+00
  0.66666667E+01  0.10001283E+02  0.15655761E+00  0.50007287E+00
  0.67676768E+01  0.10001790E+02  0.15657651E+00  0.50012057E+00
  0.68686869E+01  0.10002544E+02  0.15660193E+00  0.50018291E+00
  0.69696970E+01  0.10003613E+02  0.15663647E+00  0.50026650E+00
  0.70707071E+01  0.10005087E+02  0.15668322E+00  0.50037892E+00
  0.71717172E+01  0.10007074E+02  0.15674576E+00  0.50052895E+00
  0.72727273E+01  0.10009705E+02  0.15682826E+00  0.50072660E+00
  0.73737374E+01  0.10013126E+02  0.15693542E+00  0.50098311E+00
  0.74747475E+01  0.10017502E+02  0.15707237E+00  0.50131076E+00
  0.75757576E+01  0.10023007E+02  0.15724456E+00  0.50172248E+00
  0.76767677E+01  0.10029820E+02  0.15745756E+00  0.50223146E+00
  0.77777778E+01  0.10038114E+02  0.15771679E+00  0.50285041E+00
  0.78787879E+01  0.10048052E+02  0.15802722E+00  0.50359096E+00
  0.79797980E+01  0.10059771E+02  0.15839310E+00  0.50446282E+00
  0.80808081E+01  0.10073375E+02  0.15881757E+00  0.50547305E+00
  0.81818182E+01  0.10088926E+02  0.15930242E+00  0.50662530E+00
  0.82828283E+01  0.10106432E+02  0.15984778E+00  0.50791921E+00
  0.83838384E+01  0.10125840E+02  0.16045186E+00  0.50934986E+00
  0.84848485E+01  0.10147033E+02  0.16111084E+00  0.51090737E+00
  0.85858586E+01  0.10169822E+02  0.16181865E+00  0.51257671E+00
  0.86868687E+01  0.10193943E+02  0.16256698E+00  0.51433751E+00
  0.87878788E+01  0.10219056E+02  0.16334515E+00  0.51616411E+00
  0.88888889E+01  0.10244745E+02  0.16414018E+00  0.51802567E+00
  0.89898990E+01  0.10270519E+02  0.16493683E+00  0.51988635E+00
  0.90909091E+01  0.10295814E+02  0.16571773E+00  0.52170569E+00
  0.91919192E+01  0.10320003E+02  0.16646354E+00  0.52343912E+00
  0.92929293E+01  0.10342399E+02  0.16715332E+00  0.52503873E+00
  0.93939394E+01  0.10362280E+02  0.16776502E+00  0.52645434E+00
  0.94949495E+01  0.10378907E+02  0.16827614E+00  0.52763511E+00
  0.95959596E+01  0.10391558E+02  0.16866477E+00  0.52853167E+00
  0.96969697E+01  0.10399574E+02  0.16891088E+00  0.52909884E+00
  0.97979798E+01  0.10402406E+02  0.16899781E+00  0.52929908E+00
  0.98989899E+01  0.10399678E+02  0.16891406E+00  0.52910618E+00
  0.10000000E+02  0.10391239E+02  0.16865496E+00  0.52850904E+00
 
