 -0.3000000000E-001  0.1000000000E+000
 -0.5970647989E-001  0.2041862934E+000
 -0.8846270550E-001  0.3127349476E+000
 -0.1154950829E+000  0.4257445814E+000
 -0.1399027355E+000  0.5431878177E+000
 -0.1606620923E+000  0.6648453593E+000
 -0.1766593908E+000  0.7902242175E+000
 -0.1867676392E+000  0.9184699837E+000
 -0.1899831992E+000  0.1048297155E+001
 -0.1856237421E+000  0.1177978718E+001
 -0.1735578761E+000  0.1305445332E+001
 -0.1543929288E+000  0.1428525730E+001
 -0.1295203775E+000  0.1545299406E+001
 -0.1009506871E+000  0.1654452153E+001
 -0.7096863204E-001  0.1755489638E+001
 -0.4174129055E-001  0.1848724839E+001
 -0.1502657785E-001  0.1935074779E+001
  0.7947579417E-002  0.2015782602E+001
  0.2645766819E-001  0.2092173777E+001
  0.4018118542E-001  0.2165496726E+001
  0.4907639730E-001  0.2236845806E+001
  0.5327886750E-001  0.2307141610E+001
  0.5302531128E-001  0.2377142682E+001
  0.4860307496E-001  0.2447470408E+001
  0.4031938343E-001  0.2518636739E+001
  0.2848439422E-001  0.2591069856E+001
  0.1340338806E-001  0.2665136032E+001
 -0.4625129225E-002  0.2741157446E+001
 -0.2530746000E-001  0.2819426335E+001
 -0.4835007854E-001  0.2900215980E+001
 -0.7345293908E-001  0.2983788978E+001
 -0.1003009568E+000  0.3070403018E+001
 -0.1285536456E+000  0.3160314134E+001
 -0.1578327650E+000  0.3253777073E+001
 -0.1877078255E+000  0.3351041975E+001
 -0.2176794684E+000  0.3452346054E+001
 -0.2471612022E+000  0.3557898295E+001
 -0.2754609198E+000  0.3667854498E+001
 -0.3017653239E+000  0.3782279418E+001
 -0.3251331426E+000  0.3901092845E+001
 -0.3445069505E+000  0.4023998207E+001
 -0.3587578768E+000  0.4150397280E+001
 -0.3667801389E+000  0.4279304776E+001
 -0.3676479885E+000  0.4409292221E+001
 -0.3608289120E+000  0.4538506946E+001
 -0.3464099740E+000  0.4664814630E+001
 -0.3252513688E+000  0.4786082292E+001
 -0.2989688380E+000  0.4900547027E+001
 -0.2697025694E+000  0.5007141382E+001
 -0.2397402111E+000  0.5105639021E+001
 -0.2111430556E+000  0.5196572451E+001
 -0.1855060615E+000  0.5280992190E+001
 -0.1638894190E+000  0.5360190248E+001
 -0.1468766173E+000  0.5435480643E+001
 -0.1346885732E+000  0.5508068026E+001
 -0.1273008934E+000  0.5578991882E+001
 -0.1245390403E+000  0.5649119283E+001
 -0.1261458569E+000  0.5719162345E+001
 -0.1318251362E+000  0.5789704819E+001
 -0.1412674034E+000  0.5861229504E+001
 -0.1541635338E+000  0.5934142795E+001
 -0.1702104032E+000  0.6008795251E+001
 -0.1891113862E+000  0.6085498194E+001
 -0.2105734472E+000  0.6164536803E+001
 -0.2343018075E+000  0.6246180199E+001
 -0.2599926642E+000  0.6330688914E+001
 -0.2873240969E+000  0.6418319889E+001
 -0.3159450941E+000  0.6509328865E+001
 -0.3454625344E+000  0.6603969694E+001
 -0.3754260012E+000  0.6702489606E+001
 -0.4053105570E+000  0.6805118926E+001
 -0.4344981937E+000  0.6912053034E+001
 -0.4622598252E+000  0.7023423690E+001
 -0.4877416964E+000  0.7139256386E+001
 -0.5099632180E+000  0.7259410888E+001
 -0.5278374642E+000  0.7383504691E+001
 -0.5402298362E+000  0.7510825546E+001
 -0.5460715405E+000  0.7640251291E+001
 -0.5445364344E+000  0.7770211990E+001
 -0.5352652140E+000  0.7898743454E+001
 -0.5185796301E+000  0.8023675187E+001
 -0.4955913649E+000  0.8142950551E+001
 -0.4681166884E+000  0.8254998047E+001
 -0.4383864300E+000  0.8359011989E+001
 -0.4086525205E+000  0.8455025183E+001
 -0.3808461127E+000  0.8543764469E+001
 -0.3563927461E+000  0.8626385376E+001
 -0.3361912774E+000  0.8704206543E+001
 -0.3206970329E+000  0.8778517471E+001
 -0.3100412935E+000  0.8850473662E+001
 -0.3041431222E+000  0.8921059183E+001
 -0.3027957514E+000  0.8991089455E+001
 -0.3057259068E+000  0.9061232895E+001
 -0.3126310656E+000  0.9132038396E+001
 -0.3232008386E+000  0.9203962073E+001
 -0.3371276806E+000  0.9277390602E+001
 -0.3541106608E+000  0.9352660491E+001
 -0.3738547353E+000  0.9430073515E+001
 -0.3960669916E+000  0.9509908801E+001
 -0.4204506663E+000  0.9592432062E+001

  0.1012484405E+001  0.1272789228E+000
  0.1032010516E+001  0.2500545892E+000
  0.1057146034E+001  0.3664315773E+000
  0.1085855001E+001  0.4751376233E+000
  0.1115849234E+001  0.5757258078E+000
  0.1144978232E+001  0.6685493539E+000
  0.1171512009E+001  0.7545508293E+000
  0.1194252439E+001  0.8349836922E+000
  0.1212501432E+001  0.9111724716E+000
  0.1225955220E+001  0.9843583786E+000
  0.1234584420E+001  0.1055626220E+001
  0.1238531970E+001  0.1125887074E+001
  0.1238038519E+001  0.1195891132E+001
  0.1233393176E+001  0.1266252968E+001
  0.1224903672E+001  0.1337479224E+001
  0.1212880031E+001  0.1409994100E+001
  0.1197627164E+001  0.1484160980E+001
  0.1179443229E+001  0.1560300040E+001
  0.1158621771E+001  0.1638702196E+001
  0.1135456484E+001  0.1719639942E+001
  0.1110248013E+001  0.1803375472E+001
  0.1083312565E+001  0.1890166323E+001
  0.1054992384E+001  0.1980268476E+001
  0.1025668218E+001  0.2073936549E+001
  0.9957739350E+000  0.2171420236E+001
  0.9658132527E+000  0.2272955656E+001
  0.9363780650E+000  0.2378749594E+001
  0.9081668640E+000  0.2488953914E+001
  0.8820000124E+000  0.2603626878E+001
  0.8588257905E+000  0.2722678268E+001
  0.8397071595E+000  0.2845797047E+001
  0.8257747286E+000  0.2972365588E+001
  0.8181289843E+000  0.3101374941E+001
  0.8176797876E+000  0.3231371578E+001
  0.8249308948E+000  0.3360482082E+001
  0.8397550681E+000  0.3486563568E+001
  0.8612476326E+000  0.3607493682E+001
  0.8877557081E+000  0.3721540814E+001
  0.9171202807E+000  0.3827682628E+001
  0.9470572630E+000  0.3925739154E+001
  0.9755266262E+000  0.4016278955E+001
  0.1000962856E+001  0.4100373038E+001
  0.1022334651E+001  0.4179319621E+001
  0.1039081920E+001  0.4254429282E+001
  0.1051000345E+001  0.4326898369E+001
  0.1058124921E+001  0.4397756639E+001
  0.1060636313E+001  0.4467861942E+001
  0.1058794805E+001  0.4537918515E+001
  0.1052897884E+001  0.4608503785E+001
  0.1043255273E+001  0.4680095686E+001
  0.1030175855E+001  0.4753097005E+001
  0.1013962365E+001  0.4827855714E+001
  0.9949111288E+000  0.4904681366E+001
  0.9733151185E+000  0.4983858006E+001
  0.9494694070E+000  0.5065654104E+001
  0.9236785500E+000  0.5150329885E+001
  0.8962657806E+000  0.5238142183E+001
  0.8675840925E+000  0.5329346686E+001
  0.8380293772E+000  0.5424197045E+001
  0.8080557298E+000  0.5522939880E+001
  0.7781927748E+000  0.5625804129E+001
  0.7490642491E+000  0.5732982499E+001
  0.7214058884E+000  0.5844602098E+001
  0.6960786017E+000  0.5960680921E+001
  0.6740697127E+000  0.6081067407E+001
  0.6564707786E+000  0.6205363034E+001
  0.6444162934E+000  0.6332834645E+001
  0.6389667651E+000  0.6462335537E+001
  0.6409284942E+000  0.6592271328E+001
  0.6506280054E+000  0.6720660050E+001
  0.6677009625E+000  0.6845328129E+001
  0.6909921647E+000  0.6964236326E+001
  0.7186530414E+000  0.7075849934E+001
  0.7484410290E+000  0.7179410242E+001
  0.7781142207E+000  0.7274994170E+001
  0.8057664118E+000  0.7363359896E+001
  0.8300021220E+000  0.7445678540E+001
  0.8499499811E+000  0.7523271333E+001
  0.8651759134E+000  0.7597422330E+001
  0.8755631947E+000  0.7669277981E+001
  0.8812017746E+000  0.7739812638E+001
  0.8823034500E+000  0.7809832873E+001
  0.8791439285E+000  0.7879999713E+001
  0.8720266137E+000  0.7950856209E+001
  0.8612619395E+000  0.8022854034E+001
  0.8471571316E+000  0.8096376603E+001
  0.8300127408E+000  0.8171758116E+001
  0.8101235705E+000  0.8249298800E+001
  0.7877825721E+000  0.8329276817E+001
  0.7632869374E+000  0.8411957352E+001
  0.7369460578E+000  0.8497599146E+001
  0.7090913018E+000  0.8586458564E+001
  0.6800877305E+000  0.8678790915E+001
  0.6503479167E+000  0.8774848393E+001
  0.6203479272E+000  0.8874873494E+001
  0.5906451719E+000  0.8979086133E+001
  0.5618970553E+000  0.9087662017E+001
  0.5348779323E+000  0.9200699156E+001
  0.5104894691E+000  0.9318169212E+001
  0.4897559272E+000  0.9439851469E+001

  0.2019609309E+001  0.7729592514E-001
  0.2034478690E+001  0.1512401868E+000
  0.2044510201E+001  0.2229670763E+000
  0.2049805347E+001  0.2934380832E+000
  0.2050582324E+001  0.3634481465E+000
  0.2047119898E+001  0.4336486228E+000
  0.2039722546E+001  0.5045749375E+000
  0.2028700713E+001  0.5766729808E+000
  0.2014361185E+001  0.6503219287E+000
  0.1997004014E+001  0.7258529969E+000
  0.1976923704E+001  0.8035644094E+000
  0.1954413286E+001  0.8837330935E+000
  0.1929770559E+001  0.9666235631E+000
  0.1903306182E+001  0.1052494277E+001
  0.1875353585E+001  0.1141601513E+001
  0.1846280839E+001  0.1234200467E+001
  0.1816504637E+001  0.1330542908E+001
  0.1786506422E+001  0.1430870195E+001
  0.1756850355E+001  0.1535399843E+001
  0.1728201944E+001  0.1644303132E+001
  0.1701344718E+001  0.1757670608E+001
  0.1677189816E+001  0.1875462198E+001
  0.1656769698E+001  0.1997439887E+001
  0.1641202728E+001  0.2123084954E+001
  0.1631611916E+001  0.2251510581E+001
  0.1628983192E+001  0.2381395189E+001
  0.1633963285E+001  0.2510978946E+001
  0.1646630154E+001  0.2638173623E+001
  0.1666312851E+001  0.2760814105E+001
  0.1691561393E+001  0.2877016300E+001
  0.1720329023E+001  0.2985526498E+001
  0.1750326462E+001  0.3085918494E+001
  0.1779410741E+001  0.3178562902E+001
  0.1805864199E+001  0.3264413183E+001
  0.1828501711E+001  0.3344727070E+001
  0.1846636201E+001  0.3420828529E+001
  0.1859971976E+001  0.3493955548E+001
  0.1868484954E+001  0.3565188741E+001
  0.1872321228E+001  0.3635435035E+001
  0.1871723121E+001  0.3705440998E+001
  0.1866980482E+001  0.3775818247E+001
  0.1858401250E+001  0.3847071129E+001
  0.1846295382E+001  0.3919622123E+001
  0.1830967626E+001  0.3993833367E+001
  0.1812715990E+001  0.4070024172E+001
  0.1791833956E+001  0.4148484890E+001
  0.1768615302E+001  0.4229487677E+001
  0.1743360939E+001  0.4313294557E+001
  0.1716387577E+001  0.4400163001E+001
  0.1688038242E+001  0.4490348971E+001
  0.1658694791E+001  0.4584107023E+001
  0.1628792588E+001  0.4681686647E+001
  0.1598837274E+001  0.4783323469E+001
  0.1569423126E+001  0.4889223288E+001
  0.1541251443E+001  0.4999536207E+001
  0.1515145686E+001  0.5114317596E+001
  0.1492057190E+001  0.5233472787E+001
  0.1473051293E+001  0.5356684334E+001
  0.1459259272E+001  0.5483326033E+001
  0.1451779140E+001  0.5612378531E+001
  0.1451513596E+001  0.5742377356E+001
  0.1458953588E+001  0.5871440158E+001
  0.1473954154E+001  0.5997420594E+001
  0.1495591183E+001  0.6118201330E+001
  0.1522195789E+001  0.6232064769E+001
  0.1551601106E+001  0.6338008446E+001
  0.1581524978E+001  0.6435872580E+001
  0.1609936904E+001  0.6526241254E+001
  0.1635284307E+001  0.6610194161E+001
  0.1656548456E+001  0.6689032026E+001
  0.1673179377E+001  0.6764063796E+001
  0.1684979897E+001  0.6836482141E+001
  0.1691989561E+001  0.6907312557E+001
  0.1694391648E+001  0.6977408879E+001
  0.1692447767E+001  0.7047471923E+001
  0.1686455943E+001  0.7118076379E+001
  0.1676725995E+001  0.7189698075E+001
  0.1663566692E+001  0.7262738239E+001
  0.1647280605E+001  0.7337543729E+001
  0.1628163926E+001  0.7414423335E+001
  0.1606509607E+001  0.7493660616E+001
  0.1582612857E+001  0.7575523766E+001
  0.1556778570E+001  0.7660272879E+001
  0.1529330562E+001  0.7748164745E+001
  0.1500622709E+001  0.7839455028E+001
  0.1471052129E+001  0.7934397285E+001
  0.1441074541E+001  0.8033237861E+001
  0.1411221641E+001  0.8136205069E+001
  0.1382119687E+001  0.8243490416E+001
  0.1354507339E+001  0.8355218938E+001
  0.1329248636E+001  0.8471405288E+001
  0.1307333829E+001  0.8591892876E+001
  0.1289856443E+001  0.8716276087E+001
  0.1277950813E+001  0.8843812535E+001
  0.1272673648E+001  0.8973344746E+001
  0.1274822343E+001  0.9103267699E+001
  0.1284708869E+001  0.9231591834E+001
  0.1301950155E+001  0.9356142558E+001
  0.1325372054E+001  0.9474888615E+001
  0.1353112166E+001  0.9586311669E+001

  0.2971194891E+001  0.9161753505E-001
  0.2941566501E+001  0.1869102546E+000
  0.2911576822E+001  0.2861233910E+000
  0.2881765508E+001  0.3894827838E+000
  0.2852768503E+001  0.4971752312E+000
  0.2825335642E+001  0.6093176419E+000
  0.2800342870E+001  0.7259116572E+000
  0.2778791432E+001  0.8467811449E+000
  0.2761781995E+001  0.9714930659E+000
  0.2750447648E+001  0.1099269541E+001
  0.2745829665E+001  0.1228911981E+001
  0.2748690362E+001  0.1358775277E+001
  0.2759285247E+001  0.1486842133E+001
  0.2777159530E+001  0.1610935908E+001
  0.2801067673E+001  0.1729057738E+001
  0.2829096446E+001  0.1839752964E+001
  0.2858982776E+001  0.1942362038E+001
  0.2888509239E+001  0.2037052800E+001
  0.2915823725E+001  0.2124646397E+001
  0.2939593906E+001  0.2206343980E+001
  0.2959005168E+001  0.2283470351E+001
  0.2973666801E+001  0.2357297148E+001
  0.2983491516E+001  0.2428951514E+001
  0.2988587334E+001  0.2499387471E+001
  0.2989176037E+001  0.2569393248E+001
  0.2985538084E+001  0.2639614643E+001
  0.2977978526E+001  0.2710582711E+001
  0.2966807793E+001  0.2782740033E+001
  0.2952332408E+001  0.2856463366E+001
  0.2934852134E+001  0.2932082225E+001
  0.2914661312E+001  0.3009893699E+001
  0.2892053035E+001  0.3090174018E+001
  0.2867325476E+001  0.3173187322E+001
  0.2840790055E+001  0.3259191915E+001
  0.2812781433E+001  0.3348444027E+001
  0.2783669469E+001  0.3441198783E+001
  0.2753873291E+001  0.3537707687E+001
  0.2723877520E+001  0.3638211404E+001
  0.2694250292E+001  0.3742925996E+001
  0.2665661875E+001  0.3852020081E+001
  0.2638901162E+001  0.3965579736E+001
  0.2614884793E+001  0.4083557891E+001
  0.2594649918E+001  0.4205706251E+001
  0.2579317163E+001  0.4331492034E+001
  0.2570007024E+001  0.4460010822E+001
  0.2567695380E+001  0.4589921628E+001
  0.2573009206E+001  0.4719447265E+001
  0.2585997251E+001  0.4846490022E+001
  0.2605954280E+001  0.4968889062E+001
  0.2631399359E+001  0.5084780819E+001
  0.2660267199E+001  0.5192944633E+001
  0.2690267163E+001  0.5292990821E+001
  0.2719269994E+001  0.5385320372E+001
  0.2745579941E+001  0.5470905564E+001
  0.2768034770E+001  0.5551011327E+001
  0.2785966688E+001  0.5626960417E+001
  0.2799094084E+001  0.5699985030E+001
  0.2807402090E+001  0.5771158358E+001
  0.2811042259E+001  0.5841380024E+001
  0.2810259799E+001  0.5911390229E+001
  0.2805345828E+001  0.5981795418E+001
  0.2796608624E+001  0.6053095918E+001
  0.2784358022E+001  0.6125711201E+001
  0.2768898478E+001  0.6200001232E+001
  0.2750527736E+001  0.6276283815E+001
  0.2729539180E+001  0.6354848319E+001
  0.2706226736E+001  0.6435966317E+001
  0.2680891806E+001  0.6519899541E+001
  0.2653852002E+001  0.6606905351E+001
  0.2625451744E+001  0.6697239672E+001
  0.2596074874E+001  0.6791156947E+001
  0.2566159417E+001  0.6888906295E+001
  0.2536214441E+001  0.6990722449E+001
  0.2506838453E+001  0.7096809427E+001
  0.2478737734E+001  0.7207314169E+001
  0.2452741223E+001  0.7322286857E+001
  0.2429805628E+001  0.7441624864E+001
  0.2411000418E+001  0.7564999296E+001
  0.2397457905E+001  0.7691768688E+001
  0.2390271500E+001  0.7820895232E+001
  0.2390330937E+001  0.7950895173E+001
  0.2398104218E+001  0.8079870613E+001
  0.2413414865E+001  0.8205669530E+001
  0.2435304499E+001  0.8326184010E+001
  0.2462076346E+001  0.8439721670E+001
  0.2491550251E+001  0.8545315318E+001
  0.2521448011E+001  0.8642840656E+001
  0.2549756282E+001  0.8732908798E+001
  0.2574945395E+001  0.8816614364E+001
  0.2596018711E+001  0.8895262190E+001
  0.2612443946E+001  0.8970158173E+001
  0.2624036373E+001  0.9042488412E+001
  0.2630843427E+001  0.9113270883E+001
  0.2633052913E+001  0.9183352358E+001
  0.2630928723E+001  0.9253427655E+001
  0.2624769793E+001  0.9324066668E+001
  0.2614886094E+001  0.9395741547E+001
  0.2601586192E+001  0.9468850793E+001
  0.2585172357E+001  0.9543739321E+001
  0.2565940560E+001  0.9620714596E+001

  0.4004365001E+001  0.1296807474E+000
  0.4016436257E+001  0.2571449930E+000
  0.4035605872E+001  0.3802215143E+000
  0.4060481843E+001  0.4969901190E+000
  0.4089053368E+001  0.6061371364E+000
  0.4119035623E+001  0.7071688414E+000
  0.4148261735E+001  0.8003987343E+000
  0.4174974147E+001  0.8867441726E+000
  0.4197945315E+001  0.9674484363E+000
  0.4216452055E+001  0.1043836986E+001
  0.4230172107E+001  0.1117158153E+001
  0.4239063898E+001  0.1188506171E+001
  0.4243263089E+001  0.1258801511E+001
  0.4243006444E+001  0.1328802609E+001
  0.4238581335E+001  0.1399130764E+001
  0.4230294993E+001  0.1470297857E+001
  0.4218457574E+001  0.1542732017E+001
  0.4203374354E+001  0.1616799480E+001
  0.4185343834E+001  0.1692822400E+001
  0.4164659710E+001  0.1771092996E+001
  0.4141615509E+001  0.1851884539E+001
  0.4116511286E+001  0.1935459620E+001
  0.4089662138E+001  0.2022075927E+001
  0.4061408575E+001  0.2111989492E+001
  0.4032128868E+001  0.2205455062E+001
  0.4002253551E+001  0.2302722771E+001
  0.3972282037E+001  0.2404029818E+001
  0.3942800888E+001  0.2509585161E+001
  0.3914502291E+001  0.2619544551E+001
  0.3888199636E+001  0.2733972659E+001
  0.3864834284E+001  0.2852789150E+001
  0.3845463732E+001  0.2975697265E+001
  0.3831216876E+001  0.3102098536E+001
  0.3823199433E+001  0.3231007368E+001
  0.3822336952E+001  0.3360994968E+001
  0.3829161581E+001  0.3490208397E+001
  0.3843585743E+001  0.3616513217E+001
  0.3864748672E+001  0.3737776577E+001
  0.3891034143E+001  0.3852235967E+001
  0.3920301721E+001  0.3958824512E+001
  0.3950263794E+001  0.4057316472E+001
  0.3978859338E+001  0.4148244823E+001
  0.4004493774E+001  0.4232660352E+001
  0.4026107281E+001  0.4311855153E+001
  0.4043116675E+001  0.4387143202E+001
  0.4055301254E+001  0.4459729045E+001
  0.4062685550E+001  0.4530652041E+001
  0.4065444180E+001  0.4600779144E+001
  0.4063834342E+001  0.4670822368E+001
  0.4058152260E+001  0.4741365383E+001
  0.4048707413E+001  0.4812890924E+001
  0.4035808922E+001  0.4885805338E+001
  0.4019759906E+001  0.4960459154E+001
  0.4000856986E+001  0.5037163668E+001
  0.3979393198E+001  0.5116204045E+001
  0.3955663324E+001  0.5197849398E+001
  0.3929971176E+001  0.5282360255E+001
  0.3902638692E+001  0.5369993554E+001
  0.3874016907E+001  0.5461005037E+001
  0.3844498979E+001  0.5555648553E+001
  0.3814535371E+001  0.5654171325E+001
  0.3784651081E+001  0.5756803660E+001
  0.3755464189E+001  0.5863740904E+001
  0.3727703868E+001  0.5975114758E+001
  0.3702223963E+001  0.6090950619E+001
  0.3680005152E+001  0.6211108110E+001
  0.3662134421E+001  0.6335204519E+001
  0.3649746369E+001  0.6462527333E+001
  0.3643909687E+001  0.6591954075E+001
  0.3645450268E+001  0.6721914493E+001
  0.3654726997E+001  0.6850444167E+001
  0.3671417581E+001  0.6975372553E+001
  0.3694409775E+001  0.7094643230E+001
  0.3721886888E+001  0.7206685167E+001
  0.3751617933E+001  0.7310693280E+001
  0.3781351100E+001  0.7406700943E+001
  0.3809155555E+001  0.7495435406E+001
  0.3833606142E+001  0.7578052403E+001
  0.3853804361E+001  0.7655870610E+001
  0.3869295160E+001  0.7730179461E+001
  0.3879947448E+001  0.7802134341E+001
  0.3885842280E+001  0.7872719192E+001
  0.3887186489E+001  0.7942749322E+001
  0.3884253380E+001  0.8012893052E+001
  0.3877345489E+001  0.8083699199E+001
  0.3866773206E+001  0.8155623822E+001
  0.3852844072E+001  0.8229053552E+001
  0.3835859012E+001  0.8304324870E+001
  0.3816113067E+001  0.8381739528E+001
  0.3793899151E+001  0.8461576643E+001
  0.3769514032E+001  0.8544101920E+001
  0.3743266193E+001  0.8629574326E+001
  0.3715485511E+001  0.8718250294E+001
  0.3686534856E+001  0.8810385210E+001
  0.3656823793E+001  0.8906231564E+001
  0.3626824453E+001  0.9006032650E+001
  0.3597089289E+001  0.9110010094E+001
  0.3568269741E+001  0.9218342778E+001
  0.3541133376E+001  0.9331134092E+001
  0.3516574802E+001  0.9448364194E+001

  0.5025172146E+001  0.8367936667E-001
  0.5046225080E+001  0.1623070960E+000
  0.5062628389E+001  0.2371887466E+000
  0.5074198658E+001  0.3095097137E+000
  0.5080984154E+001  0.3802871703E+000
  0.5083173156E+001  0.4503671390E+000
  0.5081029795E+001  0.5204438036E+000
  0.5074853101E+001  0.5910865482E+000
  0.5064953060E+001  0.6627671344E+000
  0.5051638216E+001  0.7358837764E+000
  0.5035210808E+001  0.8107811819E+000
  0.5015966782E+001  0.8877666761E+000
  0.4994199057E+001  0.9671228843E+000
  0.4970203119E+001  0.1049117470E+001
  0.4944284538E+001  0.1134010280E+001
  0.4916768295E+001  0.1222058027E+001
  0.4888010004E+001  0.1313516322E+001
  0.4858409207E+001  0.1408638535E+001
  0.4828424831E+001  0.1507670449E+001
  0.4798592642E+001  0.1610839126E+001
  0.4769543863E+001  0.1718333684E+001
  0.4742022883E+001  0.1830275027E+001
  0.4716899864E+001  0.1946671182E+001
  0.4695170734E+001  0.2067355595E+001
  0.4677932760E+001  0.2191908645E+001
  0.4666319765E+001  0.2319569779E+001
  0.4661380718E+001  0.2449160416E+001
  0.4663895224E+001  0.2579054852E+001
  0.4674146450E+001  0.2707249042E+001
  0.4691714547E+001  0.2831566977E+001
  0.4715388536E+001  0.2949993649E+001
  0.4743279535E+001  0.3061043181E+001
  0.4773131697E+001  0.3164017820E+001
  0.4802717639E+001  0.3259050726E+001
  0.4830164187E+001  0.3346939287E+001
  0.4854114731E+001  0.3428873533E+001
  0.4873732985E+001  0.3506177187E+001
  0.4888611765E+001  0.3580126815E+001
  0.4898652640E+001  0.3651857028E+001
  0.4903956817E+001  0.3722329656E+001
  0.4904742326E+001  0.3792339941E+001
  0.4901287858E+001  0.3862539494E+001
  0.4893897860E+001  0.3933463939E+001
  0.4882882779E+001  0.4005559316E+001
  0.4868549413E+001  0.4079204912E+001
  0.4851197826E+001  0.4154732020E+001
  0.4831122530E+001  0.4232438916E+001
  0.4808616554E+001  0.4312602559E+001
  0.4783977680E+001  0.4395487481E+001
  0.4757516532E+001  0.4481352148E+001
  0.4729566487E+001  0.4570452838E+001
  0.4700495535E+001  0.4663044751E+001
  0.4670720257E+001  0.4759379670E+001
  0.4640721956E+001  0.4859698982E+001
  0.4611064613E+001  0.4964220267E+001
  0.4582413522E+001  0.5073114926E+001
  0.4555551968E+001  0.5186473702E+001
  0.4531390841E+001  0.5304256839E+001
  0.4510962389E+001  0.5426226781E+001
  0.4495384869E+001  0.5551865441E+001
  0.4485781398E+001  0.5680286794E+001
  0.4483138353E+001  0.5810170139E+001
  0.4488103346E+001  0.5939756434E+001
  0.4500755650E+001  0.6066957890E+001
  0.4520425868E+001  0.6189609216E+001
  0.4545665424E+001  0.6305825405E+001
  0.4574428417E+001  0.6414351261E+001
  0.4604425647E+001  0.6514758925E+001
  0.4633513537E+001  0.6607417626E+001
  0.4659973438E+001  0.6693279960E+001
  0.4682619188E+001  0.6773603324E+001
  0.4700762834E+001  0.6849711733E+001
  0.4714108039E+001  0.6922843433E+001
  0.4722630301E+001  0.6994079375E+001
  0.4726475460E+001  0.7064326816E+001
  0.4725885709E+001  0.7134332614E+001
  0.4721150838E+001  0.7204708620E+001
  0.4712578768E+001  0.7275959366E+001
  0.4700479464E+001  0.7348507465E+001
  0.4685157685E+001  0.7422715158E+001
  0.4666911452E+001  0.7498901822E+001
  0.4646034252E+001  0.7577357855E+001
  0.4622819856E+001  0.7658355439E+001
  0.4597569153E+001  0.7742156613E+001
  0.4570598813E+001  0.7829018851E+001
  0.4542251799E+001  0.7919198118E+001
  0.4512909880E+001  0.8012948975E+001
  0.4483008298E+001  0.8110520928E+001
  0.4453052543E+001  0.8212149644E+001
  0.4423636698E+001  0.8318040999E+001
  0.4395461840E+001  0.8428345240E+001
  0.4369351180E+001  0.8543117967E+001
  0.4346255811E+001  0.8662264871E+001
  0.4327240882E+001  0.8785469018E+001
  0.4313437617E+001  0.8912104894E+001
  0.4305944232E+001  0.9041153977E+001
  0.4305664002E+001  0.9171152668E+001
  0.4313088905E+001  0.9300219329E+001
  0.4328075397E+001  0.9426207886E+001
  0.4349700919E+001  0.9547000596E+001

  0.5974684381E+001  0.8390281246E-001
  0.5947660488E+001  0.1708755633E+000
  0.5919272406E+001  0.2611741840E+000
  0.5889903495E+001  0.3550531468E+000
  0.5859991138E+001  0.4527616609E+000
  0.5830043577E+001  0.5545346767E+000
  0.5800658298E+001  0.6605766442E+000
  0.5772540383E+001  0.7710352707E+000
  0.5746517453E+001  0.8859619953E+000
  0.5723544927E+001  0.1005256114E+001
  0.5704691289E+001  0.1128591502E+001
  0.5691088618E+001  0.1255330376E+001
  0.5683831460E+001  0.1384439372E+001
  0.5683812702E+001  0.1514439366E+001
  0.5691505901E+001  0.1643436171E+001
  0.5706742178E+001  0.1769279078E+001
  0.5728571385E+001  0.1889857846E+001
  0.5755303407E+001  0.2003473977E+001
  0.5784761217E+001  0.2109151778E+001
  0.5814665597E+001  0.2206758442E+001
  0.5842999042E+001  0.2296898631E+001
  0.5868226370E+001  0.2380663424E+001
  0.5889345643E+001  0.2459356704E+001
  0.5905820346E+001  0.2534285123E+001
  0.5917462781E+001  0.2606636367E+001
  0.5924318501E+001  0.2677430219E+001
  0.5926574234E+001  0.2747515145E+001
  0.5924493332E+001  0.2817587401E+001
  0.5918374514E+001  0.2888218028E+001
  0.5908527718E+001  0.2959880057E+001
  0.5895261558E+001  0.3032972641E+001
  0.5878878378E+001  0.3107841159E+001
  0.5859674202E+001  0.3184793391E+001
  0.5837941955E+001  0.3264112254E+001
  0.5813977035E+001  0.3346065574E+001
  0.5788084799E+001  0.3430913277E+001
  0.5760589860E+001  0.3518912097E+001
  0.5731847284E+001  0.3610317662E+001
  0.5702255848E+001  0.3705383404E+001
  0.5672273470E+001  0.3804355283E+001
  0.5642434636E+001  0.3907460757E+001
  0.5613369007E+001  0.4014889703E+001
  0.5585819174E+001  0.4126764327E+001
  0.5560653380E+001  0.4243094752E+001
  0.5538865777E+001  0.4363717564E+001
  0.5521552475E+001  0.4488217555E+001
  0.5509847486E+001  0.4615839888E+001
  0.5504802251E+001  0.4745412605E+001
  0.5507202009E+001  0.4875316470E+001
  0.5517339007E+001  0.5003551931E+001
  0.5534804950E+001  0.5127943340E+001
  0.5558400379E+001  0.5246470502E+001
  0.5586244636E+001  0.5357637299E+001
  0.5616084453E+001  0.5460733318E+001
  0.5645689294E+001  0.5555880131E+001
  0.5673179064E+001  0.5643867115E+001
  0.5697189092E+001  0.5725880493E+001
  0.5716875860E+001  0.5803243551E+001
  0.5731826659E+001  0.5877234445E+001
  0.5741939315E+001  0.5948990256E+001
  0.5747312733E+001  0.6019475406E+001
  0.5748163678E+001  0.6089487477E+001
  0.5744770234E+001  0.6159680019E+001
  0.5737436642E+001  0.6230590186E+001
  0.5726473350E+001  0.6302665175E+001
  0.5712187245E+001  0.6376285121E+001
  0.5694878494E+001  0.6451781915E+001
  0.5674841665E+001  0.6529454231E+001
  0.5652369769E+001  0.6609579274E+001
  0.5627760463E+001  0.6692421708E+001
  0.5601324111E+001  0.6778240055E+001
  0.5573393668E+001  0.6867290611E+001
  0.5544336510E+001  0.6959828600E+001
  0.5514568383E+001  0.7056105890E+001
  0.5484569494E+001  0.7156364107E+001
  0.5454902454E+001  0.7260821322E+001
  0.5426230915E+001  0.7369649844E+001
  0.5399336304E+001  0.7482941945E+001
  0.5375127603E+001  0.7600660262E+001
  0.5354635416E+001  0.7722570768E+001
  0.5338977179E+001  0.7848160212E+001
  0.5329276814E+001  0.7976548641E+001
  0.5326524092E+001  0.8106422083E+001
  0.5331373367E+001  0.8236027565E+001
  0.5343913957E+001  0.8363280704E+001
  0.5363488342E+001  0.8486014895E+001
  0.5388658768E+001  0.8602338181E+001
  0.5417385931E+001  0.8710983992E+001
  0.5447381288E+001  0.8811511786E+001
  0.5476496636E+001  0.8904280151E+001
  0.5503005774E+001  0.8990235023E+001
  0.5525714579E+001  0.9070631193E+001
  0.5543928358E+001  0.9146793025E+001
  0.5557345835E+001  0.9219960744E+001
  0.5565939265E+001  0.9291217867E+001
  0.5569852559E+001  0.9361474194E+001
  0.5569326887E+001  0.9431478799E+001
  0.5564651587E+001  0.9501845346E+001
  0.5556134454E+001  0.9573079768E+001
  0.5544085493E+001  0.9645605735E+001

  0.6995897883E+001  0.1297182207E+000
  0.6999312426E+001  0.2595232689E+000
  0.7010454092E+001  0.3873775911E+000
  0.7028811943E+001  0.5111049873E+000
  0.7053085787E+001  0.6287339544E+000
  0.7081324905E+001  0.7388607613E+000
  0.7111256401E+001  0.8408869757E+000
  0.7140680112E+001  0.9350350327E+000
  0.7167778197E+001  0.1022162822E+001
  0.7191257057E+001  0.1103488157E+001
  0.7210336258E+001  0.1180336827E+001
  0.7224650878E+001  0.1253972236E+001
  0.7234130961E+001  0.1325509488E+001
  0.7238895067E+001  0.1395890182E+001
  0.7239170736E+001  0.1465891448E+001
  0.7235241117E+001  0.1536149927E+001
  0.7227412145E+001  0.1607189485E+001
  0.7215994183E+001  0.1679447276E+001
  0.7201293305E+001  0.1753296097E+001
  0.7183608802E+001  0.1829062683E+001
  0.7163234755E+001  0.1907042278E+001
  0.7140464392E+001  0.1987509983E+001
  0.7115596540E+001  0.2070729341E+001
  0.7088943932E+001  0.2156958412E+001
  0.7060843333E+001  0.2246453350E+001
  0.7031667641E+001  0.2339469153E+001
  0.7001840118E+001  0.2436256853E+001
  0.6971850761E+001  0.2537055899E+001
  0.6942274419E+001  0.2642079838E+001
  0.6913789369E+001  0.2751492699E+001
  0.6887193502E+001  0.2865372896E+001
  0.6863412611E+001  0.2983661395E+001
  0.6843491521E+001  0.3106092404E+001
  0.6828554292E+001  0.3232109306E+001
  0.6819716632E+001  0.3360778031E+001
  0.6817936790E+001  0.3490725187E+001
  0.6823807805E+001  0.3620145098E+001
  0.6837328918E+001  0.3746925306E+001
  0.6857737573E+001  0.3868913639E+001
  0.6883501995E+001  0.3984282262E+001
  0.6912527499E+001  0.4091866462E+001
  0.6942522832E+001  0.4191337309E+001
  0.6971382749E+001  0.4283145531E+001
  0.6997448452E+001  0.4368293624E+001
  0.7019595719E+001  0.4448057554E+001
  0.7037188473E+001  0.4523757451E+001
  0.7049968097E+001  0.4596615579E+001
  0.7057934689E+001  0.4667692692E+001
  0.7061248617E+001  0.4737876289E+001
  0.7060159709E+001  0.4807896057E+001
  0.7054961085E+001  0.4878349918E+001
  0.7045961530E+001  0.4949731602E+001
  0.7033470642E+001  0.5022455648E+001
  0.7017792386E+001  0.5096878464E+001
  0.6999224083E+001  0.5173315398E+001
  0.6978058963E+001  0.5252054220E+001
  0.6954591238E+001  0.5333365563E+001
  0.6929123159E+001  0.5417510691E+001
  0.6901973885E+001  0.5504746799E+001
  0.6873490223E+001  0.5595329742E+001
  0.6844059382E+001  0.5689513765E+001
  0.6814123899E+001  0.5787547328E+001
  0.6784198636E+001  0.5889663605E+001
  0.6754889237E+001  0.5996063538E+001
  0.6726910360E+001  0.6106888623E+001
  0.6701100111E+001  0.6222180157E+001
  0.6678424107E+001  0.6341821919E+001
  0.6659958509E+001  0.6465465559E+001
  0.6646836940E+001  0.6592443780E+001
  0.6640144447E+001  0.6721687763E+001
  0.6640748212E+001  0.6851681687E+001
  0.6649076997E+001  0.6980502363E+001
  0.6664901131E+001  0.7105989552E+001
  0.6687205224E+001  0.7226052637E+001
  0.6714247044E+001  0.7339042634E+001
  0.6743825909E+001  0.7444051698E+001
  0.6773671747E+001  0.7541014272E+001
  0.6801800744E+001  0.7630585488E+001
  0.6826721641E+001  0.7713883725E+001
  0.6847474355E+001  0.7792219818E+001
  0.6863555622E+001  0.7866894083E+001
  0.6874801006E+001  0.7939081472E+001
  0.6881270735E+001  0.8009787401E+001
  0.6883159902E+001  0.8079846943E+001
  0.6880736043E+001  0.8149945021E+001
  0.6874299518E+001  0.8220643636E+001
  0.6864160504E+001  0.8292408899E+001
  0.6850627206E+001  0.8365634847E+001
  0.6834001398E+001  0.8440663213E+001
  0.6814578690E+001  0.8517799302E+001
  0.6792651976E+001  0.8597324459E+001
  0.6768517163E+001  0.8679505626E+001
  0.6742480814E+001  0.8764602321E+001
  0.6714869591E+001  0.8852871150E+001
  0.6686041621E+001  0.8944567649E+001
  0.6656399924E+001  0.9039944902E+001
  0.6626408022E+001  0.9139247858E+001
  0.6596607507E+001  0.9242701739E+001
  0.6567636674E+001  0.9350492171E+001
  0.6540248059E+001  0.9462734056E+001

  0.8028729784E+001  0.9136290050E-001
  0.8054580232E+001  0.1761394204E+000
  0.8076459684E+001  0.2556140800E+000
  0.8093758933E+001  0.3311041638E+000
  0.8106238693E+001  0.4038231156E+000
  0.8113911557E+001  0.4748209233E+000
  0.8116945202E+001  0.5449747008E+000
  0.8115593253E+001  0.6150051791E+000
  0.8110150445E+001  0.6855030462E+000
  0.8100925937E+001  0.7569564449E+000
  0.8088229098E+001  0.8297757483E+000
  0.8072363468E+001  0.9043143698E+000
  0.8053626010E+001  0.9808855909E+000
  0.8032309847E+001  0.1059775850E+001
  0.8008709463E+001  0.1141254999E+001
  0.7983127880E+001  0.1225583924E+001
  0.7955885637E+001  0.1313019682E+001
  0.7927331646E+001  0.1403818074E+001
  0.7897856085E+001  0.1498233153E+001
  0.7867905454E+001  0.1596512774E+001
  0.7837999686E+001  0.1698888699E+001
  0.7808750657E+001  0.1805559103E+001
  0.7780880310E+001  0.1916660624E+001
  0.7755234675E+001  0.2032226657E+001
  0.7732786989E+001  0.2152128954E+001
  0.7714618972E+001  0.2276002017E+001
  0.7701864943E+001  0.2403155925E+001
  0.7695602035E+001  0.2532494910E+001
  0.7696677055E+001  0.2662475642E+001
  0.7705483979E+001  0.2791153823E+001
  0.7721746707E+001  0.2916363419E+001
  0.7744400914E+001  0.3036030318E+001
  0.7771666307E+001  0.3148544243E+001
  0.7801326170E+001  0.3253048965E+001
  0.7831118956E+001  0.3349529041E+001
  0.7859087177E+001  0.3438676455E+001
  0.7883772837E+001  0.3521628927E+001
  0.7904247040E+001  0.3599701615E+001
  0.7920031048E+001  0.3674189557E+001
  0.7930977442E+001  0.3746257918E+001
  0.7937157109E+001  0.3816901289E+001
  0.7938771173E+001  0.3886944740E+001
  0.7936090147E+001  0.3957064779E+001
  0.7929415529E+001  0.4027816711E+001
  0.7919057622E+001  0.4099661537E+001
  0.7905324307E+001  0.4172989529E+001
  0.7888516927E+001  0.4248139741E+001
  0.7868930799E+001  0.4325415666E+001
  0.7846858815E+001  0.4405097508E+001
  0.7822597302E+001  0.4487451573E+001
  0.7796453773E+001  0.4572737095E+001
  0.7768756488E+001  0.4661210587E+001
  0.7739865937E+001  0.4753127514E+001
  0.7710188410E+001  0.4848740670E+001
  0.7680191732E+001  0.4948294195E+001
  0.7650422933E+001  0.5052011535E+001
  0.7621526898E+001  0.5160074978E+001
  0.7594263713E+001  0.5272593714E+001
  0.7569520148E+001  0.5389557087E+001
  0.7548307265E+001  0.5510770610E+001
  0.7531731735E+001  0.5635775646E+001
  0.7520924601E+001  0.5763761461E+001
  0.7516911702E+001  0.5893491860E+001
  0.7520421732E+001  0.6023285814E+001
  0.7531657290E+001  0.6151102396E+001
  0.7550097728E+001  0.6274765664E+001
  0.7574433516E+001  0.6392309022E+001
  0.7602707654E+001  0.6502337638E+001
  0.7632645767E+001  0.6604263611E+001
  0.7662050831E+001  0.6698318678E+001
  0.7689110978E+001  0.6785366906E+001
  0.7712539274E+001  0.6866628843E+001
  0.7731561112E+001  0.6943430359E+001
  0.7745815949E+001  0.7017033397E+001
  0.7755236756E+001  0.7088550974E+001
  0.7759943867E+001  0.7158922557E+001
  0.7760165786E+001  0.7228923378E+001
  0.7756186108E+001  0.7299188514E+001
  0.7748310909E+001  0.7370240608E+001
  0.7736850538E+001  0.7442515891E+001
  0.7722110990E+001  0.7516386488E+001
  0.7704391475E+001  0.7592178663E+001
  0.7683986033E+001  0.7670187348E+001
  0.7661187916E+001  0.7750687454E+001
  0.7636296070E+001  0.7833942424E+001
  0.7609623459E+001  0.7920210279E+001
  0.7581507216E+001  0.8009747160E+001
  0.7552320770E+001  0.8102808041E+001
  0.7522488103E+001  0.8199643870E+001
  0.7492500147E+001  0.8300493878E+001
  0.7462932917E+001  0.8405571167E+001
  0.7434466078E+001  0.8515038960E+001
  0.7407899074E+001  0.8628974322E+001
  0.7384159270E+001  0.8747316125E+001
  0.7364292795E+001  0.8869795519E+001
  0.7349424255E+001  0.8995851737E+001
  0.7340668457E+001  0.9124545569E+001
  0.7338980504E+001  0.9254498045E+001
  0.7344947471E+001  0.9383898646E+001
  0.7358559981E+001  0.9510632511E+001

  0.8980190499E+001  0.7747038260E-001
  0.8957920176E+001  0.1573698176E+000
  0.8933485984E+001  0.2399637758E+000
  0.8907196807E+001  0.3255111241E+000
  0.8879383175E+001  0.4142682639E+000
  0.8850408926E+001  0.5064905475E+000
  0.8820684951E+001  0.6024303367E+000
  0.8790685117E+001  0.7023305765E+000
  0.8760964067E+001  0.8064121426E+000
  0.8732175875E+001  0.9148525231E+000
  0.8705091113E+001  0.1027752742E+001
  0.8680607515E+001  0.1145089219E+001
  0.8659745894E+001  0.1266648273E+001
  0.8643618509E+001  0.1391944665E+001
  0.8633353393E+001  0.1520133801E+001
  0.8629959340E+001  0.1649941189E+001
  0.8634129259E+001  0.1779649972E+001
  0.8646010625E+001  0.1907196898E+001
  0.8665015496E+001  0.2030409284E+001
  0.8689770498E+001  0.2147355961E+001
  0.8718276719E+001  0.2256704510E+001
  0.8748251278E+001  0.2357939745E+001
  0.8777520104E+001  0.2451356749E+001
  0.8804313123E+001  0.2537861041E+001
  0.8827389282E+001  0.2618690989E+001
  0.8846013791E+001  0.2695172323E+001
  0.8859855794E+001  0.2768556558E+001
  0.8868868028E+001  0.2839942232E+001
  0.8873182744E+001  0.2910254133E+001
  0.8873034879E+001  0.2980254497E+001
  0.8868710976E+001  0.3050567735E+001
  0.8860518021E+001  0.3121708153E+001
  0.8848766222E+001  0.3194105703E+001
  0.8833761022E+001  0.3268127944E+001
  0.8815801080E+001  0.3344097952E+001
  0.8795180168E+001  0.3422308552E+001
  0.8772191741E+001  0.3503033380E+001
  0.8747135593E+001  0.3586535216E+001
  0.8720326324E+001  0.3673071817E+001
  0.8692103661E+001  0.3762899243E+001
  0.8662844755E+001  0.3856272295E+001
  0.8632978629E+001  0.3953441299E+001
  0.8603002745E+001  0.4054643936E+001
  0.8573501237E+001  0.4160090132E+001
  0.8545163424E+001  0.4269937383E+001
  0.8518799505E+001  0.4384253241E+001
  0.8495347663E+001  0.4502961824E+001
  0.8475862848E+001  0.4625772830E+001
  0.8461473074E+001  0.4752096477E+001
  0.8453286296E+001  0.4880957812E+001
  0.8452235031E+001  0.5010939387E+001
  0.8458864200E+001  0.5140197790E+001
  0.8473104230E+001  0.5266602743E+001
  0.8494114487E+001  0.5388016969E+001
  0.8520295783E+001  0.5502664144E+001
  0.8549516585E+001  0.5609457135E+001
  0.8579488058E+001  0.5708149143E+001
  0.8608139801E+001  0.5799256586E+001
  0.8633863981E+001  0.5883820700E+001
  0.8655587649E+001  0.5963130551E+001
  0.8672716919E+001  0.6038501541E+001
  0.8685023465E+001  0.6111141919E+001
  0.8692526927E+001  0.6182095438E+001
  0.8695399085E+001  0.6252233243E+001
  0.8693895682E+001  0.6322270937E+001
  0.8688312336E+001  0.6392795078E+001
  0.8678958401E+001  0.6464290624E+001
  0.8666143102E+001  0.6537165578E+001
  0.8650169734E+001  0.6611771652E+001
  0.8631335057E+001  0.6688420957E+001
  0.8609932140E+001  0.6767399179E+001
  0.8586255640E+001  0.6848975734E+001
  0.8560609037E+001  0.6933411295E+001
  0.8533313686E+001  0.7020962849E+001
  0.8504719740E+001  0.7111886161E+001
  0.8475219118E+001  0.7206435168E+001
  0.8445260638E+001  0.7304857357E+001
  0.8415367197E+001  0.7407383645E+001
  0.8386154302E+001  0.7514210561E+001
  0.8358348132E+001  0.7625471862E+001
  0.8332799302E+001  0.7741196279E+001
  0.8310485422E+001  0.7861248480E+001
  0.8292491328E+001  0.7985252909E+001
  0.8279951553E+001  0.8112506423E+001
  0.8273938356E+001  0.8241897603E+001
  0.8275286374E+001  0.8371867302E+001
  0.8284369095E+001  0.8500459332E+001
  0.8300883367E+001  0.8625504866E+001
  0.8323736715E+001  0.8744940002E+001
  0.8351127355E+001  0.8857177356E+001
  0.8380830014E+001  0.8961390674E+001
  0.8410588700E+001  0.9057593223E+001
  0.8438461476E+001  0.9146497804E+001
  0.8463009611E+001  0.9229252831E+001
  0.8483322080E+001  0.9307175612E+001
  0.8498934101E+001  0.9381557947E+001
  0.8509707886E+001  0.9453559276E+001
  0.8515720327E+001  0.9524167941E+001
  0.8517175925E+001  0.9594203275E+001
  0.8514346848E+001  0.9664336967E+001

