 -0.2940199732E-001  0.9403991999E-001
 -0.5932699999E-001  0.1919199636E+000
 -0.8926328448E-001  0.2938741567E+000
 -0.1186090701E+000  0.4001051169E+000
 -0.1466542281E+000  0.5107573052E+000
 -0.1725656041E+000  0.6258768487E+000
 -0.1953823778E+000  0.7453549091E+000
 -0.2140319679E+000  0.8688536918E+000
 -0.2273813935E+000  0.9957198942E+000
 -0.2343409864E+000  0.1124901465E+001
 -0.2340312531E+000  0.1254899866E+001
 -0.2260021093E+000  0.1383805451E+001
 -0.2104544320E+000  0.1509462219E+001
 -0.1883728763E+000  0.1629769973E+001
 -0.1614753182E+000  0.1743056108E+001
 -0.1319516172E+000  0.1848380681E+001
 -0.1020764713E+000  0.1945646516E+001
 -0.7384976620E-001  0.2035485162E+001
 -0.4878351178E-001  0.2119002356E+001
 -0.2785746877E-001  0.2197505828E+001
 -0.1159048342E-001  0.2272298980E+001
 -0.1578662933E-003  0.2344562808E+001
  0.6493765293E-002  0.2415309504E+001
  0.8555611982E-002  0.2485380441E+001
  0.6293268087E-002  0.2555465866E+001
  0.6340820019E-005  0.2626132020E+001
 -0.9995096803E-002  0.2697848257E+001
 -0.2340264179E-001  0.2771011011E+001
 -0.3991425343E-001  0.2845963722E+001
 -0.5923412807E-001  0.2923012852E+001
 -0.8106936206E-001  0.3002440479E+001
 -0.1051242943E+000  0.3084513955E+001
 -0.1310929398E+000  0.3169492988E+001
 -0.1586496113E+000  0.3257634242E+001
 -0.1874376379E+000  0.3349193299E+001
 -0.2170560130E+000  0.3444423408E+001
 -0.2470438723E+000  0.3543570008E+001
 -0.2768629931E+000  0.3646859390E+001
 -0.3058791667E+000  0.3754479211E+001
 -0.3333445599E+000  0.3866547855E+001
 -0.3583853492E+000  0.3983069322E+001
 -0.3800022342E+000  0.4103871012E+001
 -0.3970957811E+000  0.4228524828E+001
 -0.4085326016E+000  0.4356259267E+001
 -0.4132685557E+000  0.4485883088E+001
 -0.4105349300E+000  0.4615758283E+001
 -0.4000660187E+000  0.4743872370E+001
 -0.3823037726E+000  0.4868048859E+001
 -0.3584810794E+000  0.4986282874E+001
 -0.3305023118E+000  0.5097108240E+001
 -0.3006279893E+000  0.5199851387E+001
 -0.2710792663E+000  0.5294667472E+001
 -0.2437160166E+000  0.5382368994E+001
 -0.2198794761E+000  0.5464153085E+001
 -0.2003921859E+000  0.5541344194E+001
 -0.1856508710E+000  0.5615215787E+001
 -0.1757468814E+000  0.5686897754E+001
 -0.1705746771E+000  0.5757346979E+001
 -0.1699138400E+000  0.5827354259E+001
 -0.1734845514E+000  0.5897567516E+001
 -0.1809819773E+000  0.5968519477E+001
 -0.1920956797E+000  0.6040653985E+001
 -0.2065190342E+000  0.6114348722E+001
 -0.2239521664E+000  0.6189933852E+001
 -0.2441006755E+000  0.6267706896E+001
 -0.2666714920E+000  0.6347944349E+001
 -0.2913665884E+000  0.6430910494E+001
 -0.3178748398E+000  0.6516863694E+001
 -0.3458620585E+000  0.6606060195E+001
 -0.3749590745E+000  0.6698755151E+001
 -0.4047476983E+000  0.6795200170E+001
 -0.4347445297E+000  0.6895636185E+001
 -0.4643829617E+000  0.7000279819E+001
 -0.4929945561E+000  0.7109300721E+001
 -0.5197924781E+000  0.7222786691E+001
 -0.5438621963E+000  0.7340693356E+001
 -0.5641683510E+000  0.7462776383E+001
 -0.5795911668E+000  0.7588508401E+001
 -0.5890091523E+000  0.7716991757E+001
 -0.5914425282E+000  0.7846892905E+001
 -0.5862566937E+000  0.7976441291E+001
 -0.5733916582E+000  0.8103542783E+001
 -0.5535395011E+000  0.8226034823E+001
 -0.5281693306E+000  0.8342045896E+001
 -0.4993394103E+000  0.8450342624E+001
 -0.4693399425E+000  0.8550521328E+001
 -0.4403055047E+000  0.8642971400E+001
 -0.4139402711E+000  0.8728657963E+001
 -0.3914152443E+000  0.8808843242E+001
 -0.3734055859E+000  0.8884850489E+001
 -0.3601982825E+000  0.8957914136E+001
 -0.3518117105E+000  0.9029110223E+001
 -0.3480963966E+000  0.9099341171E+001
 -0.3488082283E+000  0.9169349617E+001
 -0.3536565668E+000  0.9239743982E+001
 -0.3623332621E+000  0.9311026131E+001
 -0.3745284305E+000  0.9383616683E+001
 -0.3899375039E+000  0.9457876433E+001
 -0.4082626366E+000  0.9534123759E+001
 -0.4292104095E+000  0.9612648406E+001

  0.1006816063E+001  0.1292154289E+000
  0.1021232165E+001  0.2555246667E+000
  0.1042388423E+001  0.3767946628E+000
  0.1068669358E+001  0.4912622992E+000
  0.1097934915E+001  0.5978598079E+000
  0.1127897428E+001  0.6963605290E+000
  0.1156495458E+001  0.7872967156E+000
  0.1182133840E+001  0.8717187399E+000
  0.1203752184E+001  0.9509185666E+000
  0.1220766835E+001  0.1026210235E+001
  0.1232956760E+001  0.1098798454E+001
  0.1240346277E+001  0.1169722776E+001
  0.1243109879E+001  0.1239850339E+001
  0.1241504703E+001  0.1309893313E+001
  0.1235826945E+001  0.1380435495E+001
  0.1226386078E+001  0.1451959715E+001
  0.1213491229E+001  0.1524872396E+001
  0.1197445525E+001  0.1599524114E+001
  0.1178545593E+001  0.1676226205E+001
  0.1157084469E+001  0.1755263854E+001
  0.1133356931E+001  0.1836906187E+001
  0.1107666775E+001  0.1921413741E+001
  0.1080335913E+001  0.2009043454E+001
  0.1051715343E+001  0.2100051069E+001
  0.1022198168E+001  0.2194690439E+001
  0.9922347779E+000  0.2293208799E+001
  0.9623500782E+000  0.2395836483E+001
  0.9331620372E+000  0.2502768890E+001
  0.9053996948E+000  0.2614137810E+001
  0.8799167564E+000  0.2729968787E+001
  0.8576937638E+000  0.2850121668E+001
  0.8398176100E+000  0.2974214055E+001
  0.8274228934E+000  0.3101533847E+001
  0.8215784633E+000  0.3230959051E+001
  0.8231105982E+000  0.3360919901E+001
  0.8323788282E+000  0.3489452337E+001
  0.8490616984E+000  0.3614385886E+001
  0.8720478307E+000  0.3733663794E+001
  0.8995211841E+000  0.3845714306E+001
  0.9292510151E+000  0.3949731413E+001
  0.9589853269E+000  0.4045747609E+001
  0.9867927948E+000  0.4134489513E+001
  0.1011247670E+001  0.4217112542E+001
  0.1031450902E+001  0.4294935316E+001
  0.1046947017E+001  0.4369247372E+001
  0.1057604629E+001  0.4441204275E+001
  0.1063504613E+001  0.4511790160E+001
  0.1064853700E+001  0.4581820509E+001
  0.1061925148E+001  0.4651963791E+001
  0.1055021472E+001  0.4722768941E+001
  0.1044453062E+001  0.4794692106E+001
  0.1030527464E+001  0.4868119983E+001
  0.1013545613E+001  0.4943389097E+001
  0.9938025531E+000  0.5020801232E+001
  0.9715911979E+000  0.5100635526E+001
  0.9472083073E+000  0.5183157693E+001
  0.9209623474E+000  0.5268626706E+001
  0.8931831638E+000  0.5357298999E+001
  0.8642335835E+000  0.5449429958E+001
  0.8345231132E+000  0.5545272080E+001
  0.8045238027E+000  0.5645068674E+001
  0.7747880087E+000  0.5749041401E+001
  0.7459670496E+000  0.5857369204E+001
  0.7188283585E+000  0.5970155582E+001
  0.6942663999E+000  0.6087380860E+001
  0.6732990979E+000  0.6208837146E+001
  0.6570370990E+000  0.6334047212E+001
  0.6466094352E+000  0.6462176624E+001
  0.6430301371E+000  0.6591962336E+001
  0.6470029725E+000  0.6721698115E+001
  0.6586920223E+000  0.6849327196E+001
  0.6775294762E+000  0.6972675651E+001
  0.7021608969E+000  0.7089801453E+001
  0.7305996154E+000  0.7199353379E+001
  0.7605649795E+000  0.7300794543E+001
  0.7898758336E+000  0.7394401278E+001
  0.8167495333E+000  0.7481066952E+001
  0.8399313506E+000  0.7562024805E+001
  0.8586746931E+000  0.7638600734E+001
  0.8726399394E+000  0.7712049427E+001
  0.8817740080E+000  0.7783473759E+001
  0.8862056519E+000  0.7853802889E+001
  0.8861679274E+000  0.7923802913E+001
  0.8819465214E+000  0.7994101402E+001
  0.8738481616E+000  0.8065215133E+001
  0.8621831049E+000  0.8137575913E+001
  0.8472569594E+000  0.8211552651E+001
  0.8293685485E+000  0.8287469363E+001
  0.8088117189E+000  0.8365619495E+001
  0.7858798617E+000  0.8446277056E+001
  0.7608725103E+000  0.8529705020E+001
  0.7341037690E+000  0.8616161221E+001
  0.7059125810E+000  0.8705901742E+001
  0.6766749768E+000  0.8799181437E+001
  0.6468184613E+000  0.8896250825E+001
  0.6168385335E+000  0.8997348059E+001
  0.5873168910E+000  0.9102684034E+001
  0.5589399584E+000  0.9212417980E+001
  0.5325147194E+000  0.9326620330E+001
  0.5089761345E+000  0.9445219658E+001

  0.2023729031E+001  0.8164426334E-001
  0.2043093221E+001  0.1587307704E+000
  0.2057705563E+001  0.2325300175E+000
  0.2067481267E+001  0.3041674431E+000
  0.2072529875E+001  0.3745953015E+000
  0.2073074004E+001  0.4446002366E+000
  0.2069394507E+001  0.5148267365E+000
  0.2061796566E+001  0.5858048260E+000
  0.2050590604E+001  0.6579763081E+000
  0.2036083080E+001  0.7317173713E+000
  0.2018573692E+001  0.8073571305E+000
  0.1998356740E+001  0.8851924095E+000
  0.1975725336E+001  0.9654992748E+000
  0.1950977743E+001  0.1048541780E+001
  0.1924425564E+001  0.1134578192E+001
  0.1896403755E+001  0.1223864731E+001
  0.1867282604E+001  0.1316656504E+001
  0.1837481819E+001  0.1413204952E+001
  0.1807486781E+001  0.1513750569E+001
  0.1777866573E+001  0.1618509068E+001
  0.1749292597E+001  0.1727648426E+001
  0.1722555021E+001  0.1841253647E+001
  0.1698571788E+001  0.1959275981E+001
  0.1678381150E+001  0.2081464675E+001
  0.1663104247E+001  0.2207283587E+001
  0.1653860940E+001  0.2335824107E+001
  0.1651624670E+001  0.2465740643E+001
  0.1657017663E+001  0.2595251923E+001
  0.1670081688E+001  0.2722258056E+001
  0.1690103372E+001  0.2844599322E+001
  0.1715594494E+001  0.2960417119E+001
  0.1744485468E+001  0.3068498680E+001
  0.1774485447E+001  0.3168462970E+001
  0.1803468499E+001  0.3260718120E+001
  0.1829744096E+001  0.3346240793E+001
  0.1852155420E+001  0.3426297560E+001
  0.1870039224E+001  0.3502210851E+001
  0.1883117199E+001  0.3575211470E+001
  0.1891376637E+001  0.3646370844E+001
  0.1894970366E+001  0.3716586870E+001
  0.1894144265E+001  0.3786598246E+001
  0.1889189746E+001  0.3857010196E+001
  0.1880415163E+001  0.3928322102E+001
  0.1868130319E+001  0.4000952729E+001
  0.1852639601E+001  0.4075261531E+001
  0.1834240693E+001  0.4151565958E+001
  0.1813226953E+001  0.4230155149E+001
  0.1789892349E+001  0.4311300541E+001
  0.1764538398E+001  0.4395263797E+001
  0.1737482929E+001  0.4482302254E+001
  0.1709070698E+001  0.4572671825E+001
  0.1679686022E+001  0.4666626929E+001
  0.1649767559E+001  0.4764416592E+001
  0.1619825196E+001  0.4866275331E+001
  0.1590458448E+001  0.4972406736E+001
  0.1562374783E+001  0.5082956984E+001
  0.1536404439E+001  0.5197975015E+001
  0.1513505396E+001  0.5317356290E+001
  0.1494748090E+001  0.5440769181E+001
  0.1481265049E+001  0.5567568577E+001
  0.1474148550E+001  0.5696712280E+001
  0.1474285191E+001  0.5826711969E+001
  0.1482137471E+001  0.5955666100E+001
  0.1497521397E+001  0.6081421388E+001
  0.1519470474E+001  0.6201872256E+001
  0.1546281383E+001  0.6315332389E+001
  0.1575770927E+001  0.6420842992E+001
  0.1605661943E+001  0.6518288153E+001
  0.1633945214E+001  0.6608285324E+001
  0.1659096518E+001  0.6691932591E+001
  0.1680124435E+001  0.6770535705E+001
  0.1696500842E+001  0.6845399808E+001
  0.1708043932E+001  0.6917709430E+001
  0.1714802989E+001  0.6988480760E+001
  0.1716966871E+001  0.7058558902E+001
  0.1714800001E+001  0.7128637259E+001
  0.1708601525E+001  0.7199284595E+001
  0.1698681447E+001  0.7270972194E+001
  0.1685348284E+001  0.7344097917E+001
  0.1668904233E+001  0.7419006222E+001
  0.1649645215E+001  0.7496004260E+001
  0.1627864143E+001  0.7575374551E+001
  0.1603856539E+001  0.7657384694E+001
  0.1577928054E+001  0.7742294510E+001
  0.1550403807E+001  0.7830360700E+001
  0.1521639620E+001  0.7921838871E+001
  0.1492035323E+001  0.8016982369E+001
  0.1462050225E+001  0.8116036909E+001
  0.1432220576E+001  0.8219229403E+001
  0.1403178186E+001  0.8326748682E+001
  0.1375668123E+001  0.8438715155E+001
  0.1350561274E+001  0.8555136060E+001
  0.1328854233E+001  0.8675843652E+001
  0.1311644698E+001  0.8800416643E+001
  0.1300066414E+001  0.8928092325E+001
  0.1295167410E+001  0.9057689618E+001
  0.1297725155E+001  0.9187580385E+001
  0.1308019383E+001  0.9315758902E+001
  0.1325625887E+001  0.9440049045E+001
  0.1349329356E+001  0.9558437779E+001

  0.2973434415E+001  0.8606193454E-001
  0.2945402065E+001  0.1753760852E+000
  0.2916273581E+001  0.2681975463E+000
  0.2886469140E+001  0.3647777050E+000
  0.2856474732E+001  0.4653569204E+000
  0.2826860202E+001  0.5701506228E+000
  0.2798297859E+001  0.6793262729E+000
  0.2771578895E+001  0.7929680104E+000
  0.2747622298E+001  0.9110257356E+000
  0.2727467200E+001  0.1033246717E+001
  0.2712235146E+001  0.1159092114E+001
  0.2703045479E+001  0.1287649950E+001
  0.2700869668E+001  0.1417570944E+001
  0.2706326114E+001  0.1547070557E+001
  0.2719450982E+001  0.1674047173E+001
  0.2739524374E+001  0.1796341992E+001
  0.2765052240E+001  0.1912100420E+001
  0.2793961582E+001  0.2020116028E+001
  0.2823961411E+001  0.2120014711E+001
  0.2852928483E+001  0.2212210305E+001
  0.2879176462E+001  0.2297682966E+001
  0.2901552870E+001  0.2377700565E+001
  0.2919398090E+001  0.2453585256E+001
  0.2932436455E+001  0.2526566725E+001
  0.2940656980E+001  0.2597714983E+001
  0.2944213507E+001  0.2667926544E+001
  0.2943352451E+001  0.2737938904E+001
  0.2938365456E+001  0.2808356309E+001
  0.2929560938E+001  0.2879677389E+001
  0.2917248673E+001  0.2952320340E+001
  0.2901732992E+001  0.3026644211E+001
  0.2883311530E+001  0.3102966167E+001
  0.2862277629E+001  0.3181575164E+001
  0.2838925286E+001  0.3262742531E+001
  0.2813556114E+001  0.3346729876E+001
  0.2786488116E+001  0.3433794518E+001
  0.2758066318E+001  0.3524192362E+001
  0.2728675417E+001  0.3618177803E+001
  0.2698754583E+001  0.3715999796E+001
  0.2668814359E+001  0.3817892682E+001
  0.2639455071E+001  0.3924059704E+001
  0.2611385136E+001  0.4034646429E+001
  0.2585435837E+001  0.4149700793E+001
  0.2562566170E+001  0.4269116724E+001
  0.2543847342E+001  0.4392560390E+001
  0.2530412051E+001  0.4519383756E+001
  0.2523351648E+001  0.4648541100E+001
  0.2523550204E+001  0.4778540443E+001
  0.2531465787E+001  0.4907477332E+001
  0.2546908371E+001  0.5033197491E+001
  0.2568904960E+001  0.5153597247E+001
  0.2595747010E+001  0.5266995171E+001
  0.2625248916E+001  0.5372439207E+001
  0.2655134374E+001  0.5469820156E+001
  0.2683397493E+001  0.5559760530E+001
  0.2708518420E+001  0.5643361170E+001
  0.2729509912E+001  0.5721928548E+001
  0.2745847171E+001  0.5796767189E+001
  0.2757350724E+001  0.5869060362E+001
  0.2764071326E+001  0.5939822826E+001
  0.2766198678E+001  0.6009898348E+001
  0.2763997624E+001  0.6079979201E+001
  0.2757767476E+001  0.6150633243E+001
  0.2747818264E+001  0.6222331067E+001
  0.2734458465E+001  0.6295470022E+001
  0.2717990219E+001  0.6370394199E+001
  0.2698709405E+001  0.6447410504E+001
  0.2676908933E+001  0.6526801297E+001
  0.2652884374E+001  0.6608834089E+001
  0.2626941498E+001  0.6693768659E+001
  0.2599405626E+001  0.6781861697E+001
  0.2570632884E+001  0.6873368798E+001
  0.2541023522E+001  0.6968543276E+001
  0.2511037404E+001  0.7067630747E+001
  0.2481211484E+001  0.7170857901E+001
  0.2452178431E+001  0.7278413153E+001
  0.2424684302E+001  0.7390416188E+001
  0.2399601033E+001  0.7506873090E+001
  0.2377926189E+001  0.7627614380E+001
  0.2360758092E+001  0.7752216341E+001
  0.2349230369E+001  0.7879913121E+001
  0.2344389666E+001  0.8009520005E+001
  0.2347010335E+001  0.8139405321E+001
  0.2357367100E+001  0.8267560914E+001
  0.2375029412E+001  0.8391810506E+001
  0.2398775661E+001  0.8510143963E+001
  0.2426709427E+001  0.8621084928E+001
  0.2456572556E+001  0.8723947362E+001
  0.2486140651E+001  0.8818875107E+001
  0.2513546967E+001  0.8906672901E+001
  0.2537442344E+001  0.8988534242E+001
  0.2556997169E+001  0.9065783224E+001
  0.2571809338E+001  0.9139694919E+001
  0.2581783864E+001  0.9211401654E+001
  0.2587024060E+001  0.9281862860E+001
  0.2587749121E+001  0.9351871623E+001
  0.2584238287E+001  0.9422077764E+001
  0.2576796195E+001  0.9493015499E+001
  0.2565733289E+001  0.9565129802E+001
  0.2551356281E+001  0.9638799180E+001

  0.3998381337E+001  0.1299563004E+000
  0.4004420594E+001  0.2593421367E+000
  0.4018101884E+001  0.3860408691E+000
  0.4038645330E+001  0.5079033216E+000
  0.4064504016E+001  0.6231128030E+000
  0.4093574768E+001  0.7305216757E+000
  0.4123566544E+001  0.8298192922E+000
  0.4152381621E+001  0.9214711573E+000
  0.4178372445E+001  0.1006488598E+001
  0.4200426219E+001  0.1086150676E+001
  0.4217916322E+001  0.1161776586E+001
  0.4230590959E+001  0.1234585529E+001
  0.4238454645E+001  0.1305634494E+001
  0.4241670335E+001  0.1375807336E+001
  0.4240489209E+001  0.1445830596E+001
  0.4235204963E+001  0.1516299651E+001
  0.4226126518E+001  0.1587706263E+001
  0.4213563394E+001  0.1660463503E+001
  0.4197819410E+001  0.1734926726E+001
  0.4179191759E+001  0.1811410549E+001
  0.4157973632E+001  0.1890202271E+001
  0.4134459332E+001  0.1971572249E+001
  0.4108951377E+001  0.2055781611E+001
  0.4081769404E+001  0.2143087504E+001
  0.4053260951E+001  0.2233745765E+001
  0.4023814261E+001  0.2328010571E+001
  0.3993873251E+001  0.2426130175E+001
  0.3963954548E+001  0.2528337267E+001
  0.3934665972E+001  0.2634831827E+001
  0.3906724725E+001  0.2745753673E+001
  0.3880971684E+001  0.2861141358E+001
  0.3858375142E+001  0.2980874485E+001
  0.3840013228E+001  0.3104598736E+001
  0.3827019855E+001  0.3231638934E+001
  0.3820477377E+001  0.3360916843E+001
  0.3821245938E+001  0.3490906997E+001
  0.3829742221E+001  0.3619678739E+001
  0.3845720359E+001  0.3745069665E+001
  0.3868147802E+001  0.3864994770E+001
  0.3895268870E+001  0.3977818484E+001
  0.3924877093E+001  0.4082650994E+001
  0.3954705224E+001  0.4179444345E+001
  0.3982778577E+001  0.4268866688E+001
  0.4007617528E+001  0.4352043296E+001
  0.4028272946E+001  0.4430286603E+001
  0.4044250208E+001  0.4504895126E+001
  0.4055390886E+001  0.4577040408E+001
  0.4061758977E+001  0.4647724075E+001
  0.4063551713E+001  0.4717777687E+001
  0.4061037689E+001  0.4787883212E+001
  0.4054517673E+001  0.4858600292E+001
  0.4044301891E+001  0.4930393239E+001
  0.4030698437E+001  0.5003654765E+001
  0.4014008933E+001  0.5078725656E+001
  0.3994528885E+001  0.5155910579E+001
  0.3972551184E+001  0.5235490475E+001
  0.3948371881E+001  0.5317732060E+001
  0.3922297866E+001  0.5402894751E+001
  0.3894656357E+001  0.5491235120E+001
  0.3865806302E+001  0.5583008680E+001
  0.3836151859E+001  0.5678468415E+001
  0.3806158049E+001  0.5777858995E+001
  0.3776368359E+001  0.5881405030E+001
  0.3747423384E+001  0.5989290993E+001
  0.3720078296E+001  0.6101629801E+001
  0.3695214693E+001  0.6218416737E+001
  0.3673838963E+001  0.6339466159E+001
  0.3657054968E+001  0.6464331748E+001
  0.3645994840E+001  0.6592218547E+001
  0.3641691967E+001  0.6721908365E+001
  0.3644891324E+001  0.6851737279E+001
  0.3655820992E+001  0.6979675467E+001
  0.3673991881E+001  0.7103546345E+001
  0.3698124939E+001  0.7221367554E+001
  0.3726283798E+001  0.7331715437E+001
  0.3756199125E+001  0.7433967818E+001
  0.3785663858E+001  0.7528326054E+001
  0.3812846762E+001  0.7615633943E+001
  0.3836439211E+001  0.7697102986E+001
  0.3855647560E+001  0.7774058695E+001
  0.3870096952E+001  0.7847767725E+001
  0.3879710766E+001  0.7919349869E+001
  0.3884603520E+001  0.7989751542E+001
  0.3885000552E+001  0.8059754169E+001
  0.3881183987E+001  0.8129997929E+001
  0.3873459426E+001  0.8201009463E+001
  0.3862137264E+001  0.8273228019E+001
  0.3847523752E+001  0.8347027918E+001
  0.3829918362E+001  0.8422736968E+001
  0.3809615274E+001  0.8500651122E+001
  0.3786907660E+001  0.8581045912E+001
  0.3762094087E+001  0.8664185111E+001
  0.3735486773E+001  0.8750326871E+001
  0.3707421658E+001  0.8839727374E+001
  0.3678270452E+001  0.8932641670E+001
  0.3648454802E+001  0.9029320979E+001
  0.3618462606E+001  0.9130005230E+001
  0.3588866095E+001  0.9234908960E+001
  0.3560340428E+001  0.9344198002E+001
  0.3533679995E+001  0.9457953776E+001

  0.5027912788E+001  0.8900562621E-001
  0.5052518392E+001  0.1718427520E+000
  0.5072898353E+001  0.2498278209E+000
  0.5088582089E+001  0.3242539975E+000
  0.5099427814E+001  0.3962831154E+000
  0.5105509932E+001  0.4669061203E+000
  0.5107031544E+001  0.5369447336E+000
  0.5104264136E+001  0.6070726487E+000
  0.5097509569E+001  0.6778429408E+000
  0.5087078181E+001  0.7497149096E+000
  0.5073277736E+001  0.8230775725E+000
  0.5056409436E+001  0.8982690971E+000
  0.5036768502E+001  0.9755923757E+000
  0.5014647829E+001  0.1055327237E+001
  0.4990343894E+001  0.1137739778E+001
  0.4964164536E+001  0.1223089138E+001
  0.4936438565E+001  0.1311631805E+001
  0.4907527278E+001  0.1403623216E+001
  0.4877838081E+001  0.1499316063E+001
  0.4847840263E+001  0.1598954202E+001
  0.4818082703E+001  0.1702760465E+001
  0.4789212521E+001  0.1810915988E+001
  0.4761992358E+001  0.1923527995E+001
  0.4737311667E+001  0.2040582716E+001
  0.4716183912E+001  0.2161881025E+001
  0.4699717178E+001  0.2286957841E+001
  0.4689041862E+001  0.2414994203E+001
  0.4685179765E+001  0.2544744568E+001
  0.4688850992E+001  0.2674519089E+001
  0.4700244801E+001  0.2802271226E+001
  0.4718824137E+001  0.2925825594E+001
  0.4743263760E+001  0.3043224009E+001
  0.4771596190E+001  0.3153086736E+001
  0.4801544700E+001  0.3254843653E+001
  0.4830917669E+001  0.3348742118E+001
  0.4857913358E+001  0.3435656526E+001
  0.4881256066E+001  0.3516811951E+001
  0.4900180993E+001  0.3593534340E+001
  0.4914334934E+001  0.3667083141E+001
  0.4923655764E+001  0.3738567845E+001
  0.4928266785E+001  0.3808924321E+001
  0.4928398106E+001  0.3878924608E+001
  0.4924334065E+001  0.3949201157E+001
  0.4916380972E+001  0.4020274555E+001
  0.4904849148E+001  0.4092579482E+001
  0.4890044452E+001  0.4166486936E+001
  0.4872265961E+001  0.4242322390E+001
  0.4851807644E+001  0.4320380256E+001
  0.4828962800E+001  0.4400935126E+001
  0.4804030576E+001  0.4484250276E+001
  0.4777324328E+001  0.4570583662E+001
  0.4749181816E+001  0.4660191404E+001
  0.4719977370E+001  0.4753328436E+001
  0.4690136193E+001  0.4850245558E+001
  0.4660150800E+001  0.4951181634E+001
  0.4630599180E+001  0.5056349003E+001
  0.4602163346E+001  0.5165909514E+001
  0.4575645366E+001  0.5279937940E+001
  0.4551975256E+001  0.5398369595E+001
  0.4532201328E+001  0.5520930441E+001
  0.4517449081E+001  0.5647052677E+001
  0.4508831750E+001  0.5775788397E+001
  0.4507299059E+001  0.5905749219E+001
  0.4513427934E+001  0.6035116495E+001
  0.4527194397E+001  0.6161771410E+001
  0.4547809343E+001  0.6283566455E+001
  0.4573717833E+001  0.6398690943E+001
  0.4602812241E+001  0.6506006365E+001
  0.4632801717E+001  0.6605211799E+001
  0.4661592592E+001  0.6696780575E+001
  0.4687543317E+001  0.6781728670E+001
  0.4709547171E+001  0.6861336749E+001
  0.4726982549E+001  0.6936923482E+001
  0.4739601264E+001  0.7009706428E+001
  0.4747410166E+001  0.7080740568E+001
  0.4750573577E+001  0.7150907820E+001
  0.4749343386E+001  0.7220933054E+001
  0.4744013590E+001  0.7291410295E+001
  0.4734893181E+001  0.7362830265E+001
  0.4722291639E+001  0.7435605256E+001
  0.4706512700E+001  0.7510090062E+001
  0.4687853492E+001  0.7586598916E+001
  0.4666607185E+001  0.7665418868E+001
  0.4643068134E+001  0.7746820129E+001
  0.4617538999E+001  0.7831063756E+001
  0.4590339675E+001  0.7918406871E+001
  0.4561818091E+001  0.8009105300E+001
  0.4532363043E+001  0.8103413184E+001
  0.4502419186E+001  0.8201578666E+001
  0.4472504095E+001  0.8303834170E+001
  0.4443226748E+001  0.8410379165E+001
  0.4415305706E+001  0.8521352560E+001
  0.4389583323E+001  0.8636791441E+001
  0.4367029316E+001  0.8756573168E+001
  0.4348722850E+001  0.8880340232E+001
  0.4335797975E+001  0.9007413237E+001
  0.4329335573E+001  0.9136708926E+001
  0.4330192000E+001  0.9266696699E+001
  0.4338777461E+001  0.9395441957E+001
  0.4354837434E+001  0.9520781200E+001

  0.5978387026E+001  0.7919424739E-001
  0.5954526462E+001  0.1610098167E+000
  0.5928722964E+001  0.2457068939E+000
  0.5901299932E+001  0.3335423011E+000
  0.5872610615E+001  0.4247717186E+000
  0.5843051261E+001  0.5196487707E+000
  0.5813076436E+001  0.6184199979E+000
  0.5783216365E+001  0.7213141573E+000
  0.5754095517E+001  0.8285236097E+000
  0.5726450476E+001  0.9401748632E+000
  0.5701143061E+001  0.1056284946E+001
  0.5679161448E+001  0.1176700838E+001
  0.5661597769E+001  0.1301021965E+001
  0.5649586480E+001  0.1428512489E+001
  0.5644186995E+001  0.1558022582E+001
  0.5646203040E+001  0.1687954764E+001
  0.5655956925E+001  0.1816324849E+001
  0.5673078875E+001  0.1940958948E+001
  0.5696408176E+001  0.2059820118E+001
  0.5724092220E+001  0.2171378392E+001
  0.5753887042E+001  0.2274881046E+001
  0.5783552087E+001  0.2370410571E+001
  0.5811184360E+001  0.2458729070E+001
  0.5835392205E+001  0.2541009583E+001
  0.5855307727E+001  0.2618573630E+001
  0.5870499523E+001  0.2692704549E+001
  0.5880852696E+001  0.2764547635E+001
  0.5886458321E+001  0.2835076005E+001
  0.5887528822E+001  0.2905095111E+001
  0.5884340208E+001  0.2975265046E+001
  0.5877195990E+001  0.3046128126E+001
  0.5866406606E+001  0.3118135462E+001
  0.5852279240E+001  0.3191670060E+001
  0.5835114394E+001  0.3267065832E+001
  0.5815206842E+001  0.3344622806E+001
  0.5792849542E+001  0.3424619028E+001
  0.5768339742E+001  0.3507319615E+001
  0.5741986952E+001  0.3592983281E+001
  0.5714122736E+001  0.3681866381E+001
  0.5685112440E+001  0.3774224214E+001
  0.5655369027E+001  0.3870308936E+001
  0.5625369076E+001  0.3970362936E+001
  0.5595670638E+001  0.4074605905E+001
  0.5566931890E+001  0.4183213133E+001
  0.5539928064E+001  0.4296281927E+001
  0.5515561734E+001  0.4413782840E+001
  0.5494857955E+001  0.4535493517E+001
  0.5478931283E+001  0.4660916758E+001
  0.5468908115E+001  0.4789192827E+001
  0.5465789249E+001  0.4919030264E+001
  0.5470251236E+001  0.5048696587E+001
  0.5482416719E+001  0.5176119223E+001
  0.5501667877E+001  0.5299127764E+001
  0.5526603484E+001  0.5415807557E+001
  0.5555206918E+001  0.5524854302E+001
  0.5585192480E+001  0.5625784937E+001
  0.5614396948E+001  0.5718922063E+001
  0.5641069011E+001  0.5805188853E+001
  0.5663987833E+001  0.5885830971E+001
  0.5682435972E+001  0.5962173707E+001
  0.5696095410E+001  0.6035463788E+001
  0.5704927378E+001  0.6106793310E+001
  0.5709069212E+001  0.6177080598E+001
  0.5708758576E+001  0.6247082207E+001
  0.5704283243E+001  0.6317417895E+001
  0.5695950564E+001  0.6388598345E+001
  0.5684070667E+001  0.6461050785E+001
  0.5668948743E+001  0.6535140798E+001
  0.5650883217E+001  0.6611190083E+001
  0.5630167748E+001  0.6689490559E+001
  0.5607095900E+001  0.6770315319E+001
  0.5581967858E+001  0.6853926862E+001
  0.5555098972E+001  0.6940582839E+001
  0.5526830141E+001  0.7030539274E+001
  0.5497540198E+001  0.7124050881E+001
  0.5467660430E+001  0.7221367700E+001
  0.5437691226E+001  0.7322726685E+001
  0.5408220357E+001  0.7428336308E+001
  0.5379941442E+001  0.7538351444E+001
  0.5353669455E+001  0.7652835321E+001
  0.5330347335E+001  0.7771705370E+001
  0.5311033837E+001  0.7894661607E+001
  0.5296858271E+001  0.8021101223E+001
  0.5288925205E+001  0.8150033324E+001
  0.5288156674E+001  0.8280023478E+001
  0.5295078425E+001  0.8409214048E+001
  0.5309593892E+001  0.8535468595E+001
  0.5330832309E+001  0.8656656555E+001
  0.5357169040E+001  0.8771022368E+001
  0.5386459316E+001  0.8877509256E+001
  0.5416416227E+001  0.8975901928E+001
  0.5444983465E+001  0.9066741529E+001
  0.5470573051E+001  0.9151083525E+001
  0.5492131677E+001  0.9230221463E+001
  0.5509081446E+001  0.9305468577E+001
  0.5521205419E+001  0.9378027563E+001
  0.5528530535E+001  0.9448935594E+001
  0.5531232806E+001  0.9519057546E+001
  0.5529570144E+001  0.9589103656E+001
  0.5523839066E+001  0.9659656164E+001

  0.6990075554E+001  0.1283108701E+000
  0.6987068787E+001  0.2581598124E+000
  0.6991649506E+001  0.3878080335E+000
  0.7003930187E+001  0.5151792752E+000
  0.7023280845E+001  0.6381041970E+000
  0.7048289007E+001  0.7546750100E+000
  0.7076930999E+001  0.8635989279E+000
  0.7106920142E+001  0.9644059331E+000
  0.7136097744E+001  0.1057429721E+001
  0.7162720165E+001  0.1143600522E+001
  0.7185574768E+001  0.1224166863E+001
  0.7203951118E+001  0.1300453792E+001
  0.7217536363E+001  0.1373706061E+001
  0.7226295142E+001  0.1445013138E+001
  0.7230366828E+001  0.1515290733E+001
  0.7229990172E+001  0.1585293098E+001
  0.7225453436E+001  0.1655638115E+001
  0.7217064110E+001  0.1726835003E+001
  0.7205132287E+001  0.1799309895E+001
  0.7189963057E+001  0.1873427575E+001
  0.7171854748E+001  0.1949509190E+001
  0.7151100977E+001  0.2027846296E+001
  0.7127995354E+001  0.2108711767E+001
  0.7102838228E+001  0.2192367991E+001
  0.7075945256E+001  0.2279072577E+001
  0.7047657819E+001  0.2369081534E+001
  0.7018355439E+001  0.2462649542E+001
  0.6988470330E+001  0.2560026517E+001
  0.6958504079E+001  0.2661449117E+001
  0.6929045939E+001  0.2767125208E+001
  0.6900791286E+001  0.2877208588E+001
  0.6874557035E+001  0.2991760704E+001
  0.6851288056E+001  0.3110696242E+001
  0.6832044629E+001  0.3233711249E+001
  0.6817956554E+001  0.3360197588E+001
  0.6810126960E+001  0.3489157861E+001
  0.6809473533E+001  0.3619150744E+001
  0.6816514136E+001  0.3748312876E+001
  0.6831141168E+001  0.3874505430E+001
  0.6852471625E+001  0.3995600728E+001
  0.6878870631E+001  0.4109851780E+001
  0.6908188195E+001  0.4216214206E+001
  0.6938138345E+001  0.4314485477E+001
  0.6966670599E+001  0.4405216685E+001
  0.6992205069E+001  0.4489468961E+001
  0.7013696403E+001  0.4568537583E+001
  0.7030573152E+001  0.4643734854E+001
  0.7042622955E+001  0.4716261190E+001
  0.7049875679E+001  0.4787151089E+001
  0.7052509027E+001  0.4857266887E+001
  0.7050781775E+001  0.4927316652E+001
  0.7044990796E+001  0.4997880882E+001
  0.7035445699E+001  0.5069439870E+001
  0.7022455485E+001  0.5142398156E+001
  0.7006323079E+001  0.5217104965E+001
  0.6987344953E+001  0.5293870708E+001
  0.6965814106E+001  0.5372979977E+001
  0.6942025465E+001  0.5454701558E+001
  0.6916283217E+001  0.5539295824E+001
  0.6888909949E+001  0.5627019659E+001
  0.6860257686E+001  0.5718128778E+001
  0.6830720961E+001  0.5812876931E+001
  0.6800752071E+001  0.5911511040E+001
  0.6770878350E+001  0.6014260725E+001
  0.6741720735E+001  0.6121320008E+001
  0.6714011715E+001  0.6232818279E+001
  0.6688608714E+001  0.6348777211E+001
  0.6666495779E+001  0.6469050793E+001
  0.6648762235E+001  0.6593248343E+001
  0.6636542670E+001  0.6720646923E+001
  0.6630901699E+001  0.6850111808E+001
  0.6632655383E+001  0.6980060508E+001
  0.6642146304E+001  0.7108519643E+001
  0.6659030925E+001  0.7233317014E+001
  0.6682175216E+001  0.7352404753E+001
  0.6709746232E+001  0.7464230111E+001
  0.6739506967E+001  0.7568011463E+001
  0.6769210497E+001  0.7663804287E+001
  0.6796938389E+001  0.7752351601E+001
  0.6821280509E+001  0.7834817029E+001
  0.6841352127E+001  0.7912520614E+001
  0.6856708860E+001  0.7986749103E+001
  0.6867226933E+001  0.8058653372E+001
  0.6872991936E+001  0.8129212503E+001
  0.6874213239E+001  0.8199237373E+001
  0.6871165376E+001  0.8269392599E+001
  0.6864151330E+001  0.8340224069E+001
  0.6853481518E+001  0.8412185611E+001
  0.6839463322E+001  0.8485662222E+001
  0.6822397477E+001  0.8560989222E+001
  0.6802578903E+001  0.8638467585E+001
  0.6780300529E+001  0.8718375943E+001
  0.6755859337E+001  0.8800979734E+001
  0.6729564265E+001  0.8886537809E+001
  0.6701745940E+001  0.8975306567E+001
  0.6672768337E+001  0.9067541354E+001
  0.6643042539E+001  0.9163494514E+001
  0.6613042661E+001  0.9263408941E+001
  0.6583323660E+001  0.9367505403E+001
  0.6554539989E+001  0.9475961186E+001

  0.8029873028E+001  0.9724279458E-001
  0.8058092400E+001  0.1870610933E+000
  0.8083147679E+001  0.2705616075E+000
  0.8104060599E+001  0.3490523128E+000
  0.8120313504E+001  0.4238363838E+000
  0.8131731914E+001  0.4960943595E+000
  0.8138369736E+001  0.5668379188E+000
  0.8140418469E+001  0.6369079557E+000
  0.8138143856E+001  0.7069943110E+000
  0.8131845564E+001  0.7776629027E+000
  0.8121833673E+001  0.8493828382E+000
  0.8108416573E+001  0.9225503688E+000
  0.8091896283E+001  0.9975088032E+000
  0.8072568592E+001  0.1074564515E+001
  0.8050726402E+001  0.1153999526E+001
  0.8026665394E+001  0.1236081159E+001
  0.8000691595E+001  0.1321069104E+001
  0.7973130767E+001  0.1409220023E+001
  0.7944339689E+001  0.1500789493E+001
  0.7914719521E+001  0.1596030752E+001
  0.7884731326E+001  0.1695189201E+001
  0.7854913584E+001  0.1798491052E+001
  0.7825900810E+001  0.1906123809E+001
  0.7798441196E+001  0.2018205595E+001
  0.7773408941E+001  0.2134739991E+001
  0.7751803694E+001  0.2255553767E+001
  0.7734725109E+001  0.2380217950E+001
  0.7723306524E+001  0.2507959903E+001
  0.7718591571E+001  0.2637587073E+001
  0.7721347830E+001  0.2767460189E+001
  0.7731839193E+001  0.2895565905E+001
  0.7749621424E+001  0.3019727699E+001
  0.7773459379E+001  0.3137941756E+001
  0.7801447101E+001  0.3248743951E+001
  0.7831323608E+001  0.3351463208E+001
  0.7860868402E+001  0.3446256949E+001
  0.7888222991E+001  0.3533939219E+001
  0.7912047725E+001  0.3615707872E+001
  0.7931521478E+001  0.3692887421E+001
  0.7946248599E+001  0.3766751012E+001
  0.7956138463E+001  0.3838428042E+001
  0.7961297054E+001  0.3908874888E+001
  0.7961945034E+001  0.3978881887E+001
  0.7958362337E+001  0.4049096584E+001
  0.7950853836E+001  0.4120051405E+001
  0.7939729967E+001  0.4192189970E+001
  0.7925297337E+001  0.4265889796E+001
  0.7907855800E+001  0.4341480928E+001
  0.7887699747E+001  0.4419260813E+001
  0.7865122251E+001  0.4499505898E+001
  0.7840421365E+001  0.4582480440E+001
  0.7813908266E+001  0.4668442790E+001
  0.7785917227E+001  0.4757649194E+001
  0.7756817540E+001  0.4850354799E+001
  0.7727027560E+001  0.4946811195E+001
  0.7697030907E+001  0.5047259266E+001
  0.7667394457E+001  0.5151915539E+001
  0.7638786977E+001  0.5260949477E+001
  0.7611995665E+001  0.5374448575E+001
  0.7587935431E+001  0.5492367981E+001
  0.7567641953E+001  0.5614462658E+001
  0.7552235160E+001  0.5740204273E+001
  0.7542836368E+001  0.5868693968E+001
  0.7540424666E+001  0.5998596872E+001
  0.7545633302E+001  0.6128141248E+001
  0.7558520266E+001  0.6255232319E+001
  0.7578391137E+001  0.6377707828E+001
  0.7603774694E+001  0.6493697669E+001
  0.7632611416E+001  0.6601970725E+001
  0.7662611015E+001  0.6702125812E+001
  0.7691639856E+001  0.6794554393E+001
  0.7717995263E+001  0.6880222871E+001
  0.7740507797E+001  0.6960393957E+001
  0.7758503611E+001  0.7036390818E+001
  0.7771696678E+001  0.7109447489E+001
  0.7780069250E+001  0.7180639503E+001
  0.7783771172E+001  0.7250868783E+001
  0.7783046751E+001  0.7320877531E+001
  0.7778186714E+001  0.7391273814E+001
  0.7769499232E+001  0.7462559225E+001
  0.7757294182E+001  0.7535154175E+001
  0.7741876111E+001  0.7609419314E+001
  0.7723542847E+001  0.7685672915E+001
  0.7702587802E+001  0.7764204657E+001
  0.7679304856E+001  0.7845286295E+001
  0.7653995254E+001  0.7929179650E+001
  0.7626976320E+001  0.8016142119E+001
  0.7598592034E+001  0.8106429637E+001
  0.7569225610E+001  0.8200296683E+001
  0.7539314228E+001  0.8297992496E+001
  0.7509365876E+001  0.8399752093E+001
  0.7479977721E+001  0.8505780058E+001
  0.7451854473E+001  0.8616224336E+001
  0.7425823343E+001  0.8731136755E+001
  0.7402839348E+001  0.8850417211E+001
  0.7383970665E+001  0.8973740436E+001
  0.7370349299E+001  0.9100469790E+001
  0.7363070145E+001  0.9229573293E+001
  0.7363027065E+001  0.9359573263E+001
  0.7370695341E+001  0.9488576668E+001

  0.8985061314E+001  0.7398393457E-001
  0.8967161555E+001  0.1499090797E+000
  0.8946594558E+001  0.2280687817E+000
  0.8923653723E+001  0.3087369915E+000
  0.8898638626E+001  0.3921766506E+000
  0.8871863448E+001  0.4786455814E+000
  0.8843667255E+001  0.5683998628E+000
  0.8814426257E+001  0.6616943408E+000
  0.8784568197E+001  0.7587795047E+000
  0.8754588885E+001  0.8598934329E+000
  0.8725070404E+001  0.9652468672E+000
  0.8696699636E+001  0.1074998765E+001
  0.8670284073E+001  0.1189219105E+001
  0.8646759189E+001  0.1307835759E+001
  0.8627177744E+001  0.1430563870E+001
  0.8612666960E+001  0.1556821005E+001
  0.8604336617E+001  0.1685641230E+001
  0.8603125050E+001  0.1815616755E+001
  0.8609587927E+001  0.1944912339E+001
  0.8623670910E+001  0.2071401385E+001
  0.8644550495E+001  0.2192943042E+001
  0.8670642096E+001  0.2307749403E+001
  0.8699821952E+001  0.2414716181E+001
  0.8729800377E+001  0.2513578623E+001
  0.8758499121E+001  0.2604838937E+001
  0.8784299107E+001  0.2689530093E+001
  0.8806116189E+001  0.2768938469E+001
  0.8823347320E+001  0.2844380617E+001
  0.8835757626E+001  0.2917067904E+001
  0.8843362542E+001  0.2988047820E+001
  0.8846331400E+001  0.3058195084E+001
  0.8844918681E+001  0.3128228365E+001
  0.8839419477E+001  0.3198736692E+001
  0.8830143028E+001  0.3270206927E+001
  0.8817398647E+001  0.3343048490E+001
  0.8801489774E+001  0.3417614108E+001
  0.8782713292E+001  0.3494216593E+001
  0.8761362300E+001  0.3573142079E+001
  0.8737731351E+001  0.3654660243E+001
  0.8712123650E+001  0.3739031883E+001
  0.8684860059E+001  0.3826514030E+001
  0.8656289989E+001  0.3917362470E+001
  0.8626804312E+001  0.4011831208E+001
  0.8596850454E+001  0.4110167956E+001
  0.8566949534E+001  0.4212604138E+001
  0.8537714882E+001  0.4319337273E+001
  0.8509870136E+001  0.4430502852E+001
  0.8484263165E+001  0.4546132407E+001
  0.8461868962E+001  0.4666094863E+001
  0.8443770503E+001  0.4790020703E+001
  0.8431102210E+001  0.4917214716E+001
  0.8424939291E+001  0.5046574867E+001
  0.8426123706E+001  0.5176551477E+001
  0.8435041253E+001  0.5305195453E+001
  0.8451405003E+001  0.5430339591E+001
  0.8474139333E+001  0.5549913815E+001
  0.8501455289E+001  0.5662316980E+001
  0.8531132663E+001  0.5766704863E+001
  0.8560912078E+001  0.5863073555E+001
  0.8588842254E+001  0.5952123427E+001
  0.8613472913E+001  0.6034996529E+001
  0.8633882341E+001  0.6113008913E+001
  0.8649597412E+001  0.6187454334E+001
  0.8660474586E+001  0.6259495667E+001
  0.8666587173E+001  0.6330124996E+001
  0.8668137658E+001  0.6400165090E+001
  0.8665397225E+001  0.6470290518E+001
  0.8658667623E+001  0.6541055052E+001
  0.8648259179E+001  0.6612918523E+001
  0.8634479695E+001  0.6686270337E+001
  0.8617630415E+001  0.6761448940E+001
  0.8598006590E+001  0.6838757410E+001
  0.8575901116E+001  0.6918475694E+001
  0.8551610421E+001  0.7000869952E+001
  0.8525442243E+001  0.7086199355E+001
  0.8497725217E+001  0.7174720397E+001
  0.8468820390E+001  0.7266688524E+001
  0.8439134817E+001  0.7362356461E+001
  0.8409137330E+001  0.7461968152E+001
  0.8379376229E+001  0.7565746623E+001
  0.8350497933E+001  0.7673873372E+001
  0.8323264287E+001  0.7786456238E+001
  0.8298563905E+001  0.7903482427E+001
  0.8277409500E+001  0.8024754266E+001
  0.8260908721E+001  0.8149808693E+001
  0.8250192170E+001  0.8277829320E+001
  0.8246282922E+001  0.8407573526E+001
  0.8249903774E+001  0.8537354215E+001
  0.8261248164E+001  0.8665126590E+001
  0.8279784164E+001  0.8788715076E+001
  0.8304191438E+001  0.8906158842E+001
  0.8332505763E+001  0.9016073427E+001
  0.8362451129E+001  0.9117883152E+001
  0.8391834210E+001  0.9211830504E+001
  0.8418850098E+001  0.9298786664E+001
  0.8442219583E+001  0.9379975306E+001
  0.8461174804E+001  0.9456722359E+001
  0.8475360272E+001  0.9530288053E+001
  0.8484712333E+001  0.9601782984E+001
  0.8489353366E+001  0.9672144145E+001

