 -0.2476006804E-001  0.8306072521E-001
 -0.5132267853E-001  0.1691169910E+000
 -0.7935268953E-001  0.2584250088E+000
 -0.1084795477E+000  0.3512398761E+000
 -0.1382831794E+000  0.4478129918E+000
 -0.1682777306E+000  0.5483847452E+000
 -0.1978935256E+000  0.6531706294E+000
 -0.2264584565E+000  0.7623382201E+000
 -0.2531815581E+000  0.8759718492E+000
 -0.2771440762E+000  0.9940217170E+000
 -0.2973070727E+000  0.1116235532E+001
 -0.3125490922E+000  0.1242075053E+001
 -0.3217506757E+000  0.1370629052E+001
 -0.3239399160E+000  0.1500549066E+001
 -0.3184975600E+000  0.1630051282E+001
 -0.3053861984E+000  0.1757034465E+001
 -0.2853242798E+000  0.1879339609E+001
 -0.2598045609E+000  0.1995111227E+001
 -0.2308992845E+000  0.2103141482E+001
 -0.2008994100E+000  0.2203054731E+001
 -0.1719287797E+000  0.2295263545E+001
 -0.1456746610E+000  0.2380747304E+001
 -0.1232904957E+000  0.2460773592E+001
 -0.1054367065E+000  0.2536664627E+001
 -0.9238954599E-001  0.2609650342E+001
 -0.8416038138E-001  0.2680801064E+001
 -0.8059559488E-001  0.2751013612E+001
 -0.8144889067E-001  0.2821025749E+001
 -0.8642867526E-001  0.2891441941E+001
 -0.9522654806E-001  0.2962760981E+001
 -0.1075327262E+000  0.3035401193E+001
 -0.1230428658E+000  0.3109721716E+001
 -0.1414593206E+000  0.3186039778E+001
 -0.1624887466E+000  0.3264644375E+001
 -0.1858371526E+000  0.3345806861E+001
 -0.2112029466E+000  0.3429788856E+001
 -0.2382681644E+000  0.3516847682E+001
 -0.2666878401E+000  0.3607239246E+001
 -0.2960773617E+000  0.3701217949E+001
 -0.3259976718E+000  0.3799032761E+001
 -0.3559383737E+000  0.3900918064E+001
 -0.3852993229E+000  0.4007077176E+001
 -0.4133723115E+000  0.4117655801E+001
 -0.4393262892E+000  0.4232702098E+001
 -0.4622024852E+000  0.4352110335E+001
 -0.4809298639E+000  0.4475547171E+001
 -0.4943757646E+000  0.4602365220E+001
 -0.5014486290E+000  0.4731519543E+001
 -0.5012638250E+000  0.4861518974E+001
 -0.4933622978E+000  0.4990459704E+001
 -0.4779327336E+000  0.5116187677E+001
 -0.4559466845E+000  0.5236598792E+001
 -0.4291115369E+000  0.5350010535E+001
 -0.3996123623E+000  0.5455469354E+001
 -0.3697256590E+000  0.5552864558E+001
 -0.3414580559E+000  0.5642817538E+001
 -0.3163303778E+000  0.5726428523E+001
 -0.2953307951E+000  0.5805003829E+001
 -0.2789848417E+000  0.5879848118E+001
 -0.2674725091E+000  0.5952144937E+001
 -0.2607433694E+000  0.6022909365E+001
 -0.2586079073E+000  0.6092985465E+001
 -0.2608013723E+000  0.6163065761E+001
 -0.2670244890E+000  0.6233718311E+001
 -0.2769672331E+000  0.6305413862E+001
 -0.2903211201E+000  0.6378549876E+001
 -0.3067839947E+000  0.6453470527E+001
 -0.3260599704E+000  0.6530482775E+001
 -0.3478561359E+000  0.6609869013E+001
 -0.3718769319E+000  0.6691896775E+001
 -0.3978166144E+000  0.6776825847E+001
 -0.4253499069E+000  0.6864912921E+001
 -0.4541207513E+000  0.6956413596E+001
 -0.4837289914E+000  0.7051581193E+001
 -0.5137148862E+000  0.7150661350E+001
 -0.5435416376E+000  0.7253880807E+001
 -0.5725767684E+000  0.7361428071E+001
 -0.6000744406E+000  0.7473422987E+001
 -0.6251629516E+000  0.7589871896E+001
 -0.6468449516E+000  0.7710605706E+001
 -0.6640222563E+000  0.7835201238E+001
 -0.6755612130E+000  0.7962893340E+001
 -0.6804148665E+000  0.8092498104E+001
 -0.6778081724E+000  0.8222384642E+001
 -0.6674652914E+000  0.8350545338E+001
 -0.6498153651E+000  0.8474803947E+001
 -0.6260786040E+000  0.8593149687E+001
 -0.5981504411E+000  0.8704104946E+001
 -0.5682887311E+000  0.8806982146E+001
 -0.5387182672E+000  0.8901923721E+001
 -0.5113066420E+000  0.8989733446E+001
 -0.4874039957E+000  0.9071604367E+001
 -0.4678408191E+000  0.9148860530E+001
 -0.4530198833E+000  0.9222777204E+001
 -0.4430366274E+000  0.9294487019E+001
 -0.4377880137E+000  0.9364949719E+001
 -0.4370550004E+000  0.9434958676E+001
 -0.4405584200E+000  0.9505163944E+001
 -0.4479936599E+000  0.9576099925E+001
 -0.4590502762E+000  0.9648211733E+001

  0.9949009850E+000  0.1295634918E+000
  0.9972425789E+000  0.2594719678E+000
  0.1007321618E+001  0.3877281702E+000
  0.1024735656E+001  0.5121566635E+000
  0.1048291085E+001  0.6307346552E+000
  0.1076111444E+001  0.7419608569E+000
  0.1105944809E+001  0.8451184398E+000
  0.1135559072E+001  0.9403230843E+000
  0.1163070644E+001  0.1028360082E+001
  0.1187110766E+001  0.1110413703E+001
  0.1206832243E+001  0.1187806994E+001
  0.1221819557E+001  0.1261818911E+001
  0.1231968621E+001  0.1333587784E+001
  0.1237377171E+001  0.1404079352E+001
  0.1238261322E+001  0.1474092384E+001
  0.1234898850E+001  0.1544281416E+001
  0.1227593888E+001  0.1615184380E+001
  0.1216656884E+001  0.1687249062E+001
  0.1202394772E+001  0.1760856030E+001
  0.1185107767E+001  0.1836337476E+001
  0.1165090470E+001  0.1913992280E+001
  0.1142635882E+001  0.1994097771E+001
  0.1118041596E+001  0.2076918682E+001
  0.1091617846E+001  0.2162713562E+001
  0.1063697374E+001  0.2251738716E+001
  0.1034647248E+001  0.2344249380E+001
  0.1004882786E+001  0.2440497468E+001
  0.9748836472E+000  0.2540724721E+001
  0.9452117468E+000  0.2645149462E+001
  0.9165299039E+000  0.2753944454E+001
  0.8896186080E+000  0.2867202740E+001
  0.8653858689E+000  0.2984888168E+001
  0.8448614573E+000  0.3106768491E+001
  0.8291623850E+000  0.3232332902E+001
  0.8194129707E+000  0.3360704524E+001
  0.8166046883E+000  0.3490572794E+001
  0.8213952903E+000  0.3620187826E+001
  0.8338791745E+000  0.3747466988E+001
  0.8534048379E+000  0.3870243038E+001
  0.8785400317E+000  0.3986620523E+001
  0.9072488290E+000  0.4095327128E+001
  0.9372430514E+000  0.4195915872E+001
  0.9663721753E+000  0.4288739930E+001
  0.9929061801E+000  0.4374741838E+001
  0.1015646903E+001  0.4455175041E+001
  0.1033896223E+001  0.4531364070E+001
  0.1047350348E+001  0.4604550146E+001
  0.1055979879E+001  0.4675818088E+001
  0.1059927746E+001  0.4746078983E+001
  0.1059434594E+001  0.4816083037E+001
  0.1054789529E+001  0.4886444829E+001
  0.1046300281E+001  0.4957671010E+001
  0.1034276875E+001  0.5030185783E+001
  0.1019024222E+001  0.5104352537E+001
  0.1000840480E+001  0.5180491449E+001
  0.9800191945E+000  0.5258893438E+001
  0.9568540609E+000  0.5339830999E+001
  0.9316457205E+000  0.5423566326E+001
  0.9047103809E+000  0.5510356955E+001
  0.8763902836E+000  0.5600458870E+001
  0.8470661731E+000  0.5694126687E+001
  0.8171719130E+000  0.5791610100E+001
  0.7872112158E+000  0.5893145231E+001
  0.7577759686E+000  0.5998938868E+001
  0.7295646557E+000  0.6109142877E+001
  0.7033976307E+000  0.6223815532E+001
  0.6802231652E+000  0.6342866626E+001
  0.6611042136E+000  0.6465985140E+001
  0.6471713832E+000  0.6592553471E+001
  0.6395251672E+000  0.6721562700E+001
  0.6390754472E+000  0.6851559329E+001
  0.6463260156E+000  0.6980669968E+001
  0.6611496850E+000  0.7106751739E+001
  0.6826418361E+000  0.7227682278E+001
  0.7091496344E+000  0.7341729934E+001
  0.7385140888E+000  0.7447872312E+001
  0.7684511068E+000  0.7545929388E+001
  0.7969206324E+000  0.7636469678E+001
  0.8223571145E+000  0.7720564164E+001
  0.8437292168E+000  0.7799511058E+001
  0.8604768172E+000  0.7874620942E+001
  0.8723955779E+000  0.7947090175E+001
  0.8795204821E+000  0.8017948525E+001
  0.8820321865E+000  0.8088053855E+001
  0.8801909705E+000  0.8158110409E+001
  0.8742943203E+000  0.8228695625E+001
  0.8646519591E+000  0.8300287442E+001
  0.8515727683E+000  0.8373288650E+001
  0.8353594863E+000  0.8448047226E+001
  0.8163084368E+000  0.8524872725E+001
  0.7947125931E+000  0.8604049192E+001
  0.7708670274E+000  0.8685845099E+001
  0.7450762946E+000  0.8770520671E+001
  0.7176636259E+000  0.8858332742E+001
  0.6889820128E+000  0.8949537001E+001
  0.6594273431E+000  0.9044387098E+001
  0.6294537074E+000  0.9143129654E+001
  0.5995907243E+000  0.9245993610E+001
  0.5704621234E+000  0.9353171674E+001
  0.5428036322E+000  0.9464790963E+001

  0.2029003946E+001  0.9233376763E-001
  0.2055315834E+001  0.1779225038E+000
  0.2077773125E+001  0.2580310455E+000
  0.2095707767E+001  0.3339821664E+000
  0.2108837961E+001  0.4070081416E+000
  0.2117148719E+001  0.4781822624E+000
  0.2120791518E+001  0.5484042502E+000
  0.2120011530E+001  0.6184143916E+000
  0.2115099857E+001  0.6888191983E+000
  0.2106364771E+001  0.7601190541E+000
  0.2094116109E+001  0.8327334690E+000
  0.2078658330E+001  0.9070224385E+000
  0.2060289185E+001  0.9833037854E+000
  0.2039302056E+001  0.1061866892E+001
  0.2015990868E+001  0.1142983340E+001
  0.1990657016E+001  0.1226914863E+001
  0.1963618100E+001  0.1313918826E+001
  0.1935218521E+001  0.1404251151E+001
  0.1905842095E+001  0.1498166285E+001
  0.1875926810E+001  0.1595913351E+001
  0.1845981688E+001  0.1697727093E+001
  0.1816605178E+001  0.1803811556E+001
  0.1788503496E+001  0.1914313721E+001
  0.1762505506E+001  0.2029283841E+001
  0.1739567845E+001  0.2148619396E+001
  0.1720759926E+001  0.2271991649E+001
  0.1707214048E+001  0.2398759338E+001
  0.1700023688E+001  0.2527884906E+001
  0.1700078753E+001  0.2657884856E+001
  0.1707847560E+001  0.2786861495E+001
  0.1723154054E+001  0.2912662876E+001
  0.1745040317E+001  0.3033180953E+001
  0.1771809944E+001  0.3146723001E+001
  0.1801282957E+001  0.3252321351E+001
  0.1831181093E+001  0.3349851232E+001
  0.1859490774E+001  0.3439923396E+001
  0.1884682026E+001  0.3523632268E+001
  0.1905757911E+001  0.3602282630E+001
  0.1922185911E+001  0.3677180422E+001
  0.1933781132E+001  0.3749511832E+001
  0.1940590905E+001  0.3820294937E+001
  0.1942802974E+001  0.3890376602E+001
  0.1940681202E+001  0.3960451728E+001
  0.1934524512E+001  0.4031090271E+001
  0.1924642874E+001  0.4102764430E+001
  0.1911344857E+001  0.4175872745E+001
  0.1894932734E+001  0.4250760154E+001
  0.1875702479E+001  0.4327734140E+001
  0.1853947014E+001  0.4407077429E+001
  0.1829961794E+001  0.4489057739E+001
  0.1804052315E+001  0.4573934946E+001
  0.1776543429E+001  0.4661965768E+001
  0.1747790562E+001  0.4753405825E+001
  0.1718192990E+001  0.4848508505E+001
  0.1688209291E+001  0.4947519655E+001
  0.1658374789E+001  0.5050666473E+001
  0.1629320165E+001  0.5158138341E+001
  0.1601789186E+001  0.5270056614E+001
  0.1576651352E+001  0.5386430045E+001
  0.1554901976E+001  0.5507093169E+001
  0.1537637926E+001  0.5631627891E+001
  0.1525993095E+001  0.5759275638E+001
  0.1521017311E+001  0.5888860120E+001
  0.1523492132E+001  0.6018757866E+001
  0.1533703872E+001  0.6146966382E+001
  0.1551236677E+001  0.6271309774E+001
  0.1574883550E+001  0.6389771232E+001
  0.1602758445E+001  0.6500861329E+001
  0.1632606394E+001  0.6603877934E+001
  0.1662198918E+001  0.6698950205E+001
  0.1689660446E+001  0.6786872768E+001
  0.1713631579E+001  0.6868834342E+001
  0.1733273534E+001  0.6946158505E+001
  0.1748177218E+001  0.7020122373E+001
  0.1758242910E+001  0.7091861413E+001
  0.1763571023E+001  0.7162338351E+001
  0.1764379152E+001  0.7232349237E+001
  0.1760945777E+001  0.7302546352E+001
  0.1753575274E+001  0.7373465849E+001
  0.1742578093E+001  0.7445554166E+001
  0.1728261061E+001  0.7519190885E+001
  0.1710924278E+001  0.7594707504E+001
  0.1690862276E+001  0.7672402436E+001
  0.1668368077E+001  0.7752552726E+001
  0.1643739419E+001  0.7835422950E+001
  0.1617286836E+001  0.7921271594E+001
  0.1589343559E+001  0.8010354942E+001
  0.1560277367E+001  0.8102928204E+001
  0.1530504549E+001  0.8199243190E+001
  0.1500506031E+001  0.8299541371E+001
  0.1470845319E+001  0.8404040498E+001
  0.1442187137E+001  0.8512912286E+001
  0.1415314130E+001  0.8626248009E+001
  0.1391136527E+001  0.8744008738E+001
  0.1370686009E+001  0.8865958142E+001
  0.1355080551E+001  0.8991579806E+001
  0.1345443551E+001  0.9119989808E+001
  0.1342762565E+001  0.9249869773E+001
  0.1347687543E+001  0.9379462755E+001
  0.1360301236E+001  0.9506682137E+001

  0.2980959214E+001  0.7681706492E-001
  0.2959372517E+001  0.1559840500E+000
  0.2935534960E+001  0.2377694711E+000
  0.2909751046E+001  0.3224335733E+000
  0.2882343915E+001  0.4102331987E+000
  0.2853666420E+001  0.5014240384E+000
  0.2824114259E+001  0.5962597578E+000
  0.2794141269E+001  0.6949870210E+000
  0.2764276745E+001  0.7978348638E+000
  0.2735144023E+001  0.9049961830E+000
  0.2707478373E+001  0.1016598416E+001
  0.2682140205E+001  0.1132660086E+001
  0.2660116375E+001  0.1253030430E+001
  0.2642498123E+001  0.1377312052E+001
  0.2630419962E+001  0.1504773262E+001
  0.2624942996E+001  0.1634269072E+001
  0.2626874932E+001  0.1764206801E+001
  0.2636544604E+001  0.1892605700E+001
  0.2653590658E+001  0.2017292378E+001
  0.2676860917E+001  0.2136226342E+001
  0.2704509035E+001  0.2247870292E+001
  0.2734293225E+001  0.2351462234E+001
  0.2763970846E+001  0.2447076025E+001
  0.2791633935E+001  0.2535467688E+001
  0.2815884914E+001  0.2617807280E+001
  0.2835850506E+001  0.2695415872E+001
  0.2851095164E+001  0.2769577908E+001
  0.2861501161E+001  0.2841440473E+001
  0.2867157825E+001  0.2911978597E+001
  0.2868276610E+001  0.2981999466E+001
  0.2865133056E+001  0.3052164619E+001
  0.2858030508E+001  0.3123017513E+001
  0.2847279397E+001  0.3195010128E+001
  0.2833186972E+001  0.3268526103E+001
  0.2816053810E+001  0.3343899801E+001
  0.2796174730E+001  0.3421431552E+001
  0.2773842682E+001  0.3501399588E+001
  0.2749354825E+001  0.3584069126E+001
  0.2723020487E+001  0.3669698927E+001
  0.2695170929E+001  0.3758545358E+001
  0.2666171056E+001  0.3850863733E+001
  0.2636433226E+001  0.3946906270E+001
  0.2606433228E+001  0.4046915520E+001
  0.2576728118E+001  0.4151111523E+001
  0.2547974878E+001  0.4259670213E+001
  0.2520947382E+001  0.4372689985E+001
  0.2496546797E+001  0.4490143107E+001
  0.2475796950E+001  0.4611809760E+001
  0.2459811740E+001  0.4737196234E+001
  0.2449718058E+001  0.4865447209E+001
  0.2446519059E+001  0.4995276162E+001
  0.2450896084E+001  0.5124955138E+001
  0.2462979027E+001  0.5252414244E+001
  0.2482158765E+001  0.5375482353E+001
  0.2507042147E+001  0.5492239957E+001
  0.2535617648E+001  0.5601374547E+001
  0.2565600332E+001  0.5702393717E+001
  0.2594823775E+001  0.5795612100E+001
  0.2621531195E+001  0.5881947777E+001
  0.2644495879E+001  0.5962644324E+001
  0.2662995356E+001  0.6039027183E+001
  0.2676707893E+001  0.6112344486E+001
  0.2685592266E+001  0.6183690203E+001
  0.2689784342E+001  0.6253984539E+001
  0.2689521001E+001  0.6323985694E+001
  0.2685089663E+001  0.6394314779E+001
  0.2676797573E+001  0.6465483524E+001
  0.2664954884E+001  0.6537919948E+001
  0.2649866863E+001  0.6611990204E+001
  0.2631832000E+001  0.6688016391E+001
  0.2611143987E+001  0.6766290689E+001
  0.2588096356E+001  0.6847086348E+001
  0.2562989177E+001  0.6930665948E+001
  0.2536137579E+001  0.7017287171E+001
  0.2507882120E+001  0.7107206049E+001
  0.2478601140E+001  0.7200677325E+001
  0.2448725267E+001  0.7297951121E+001
  0.2418754034E+001  0.7399264606E+001
  0.2389274154E+001  0.7504826677E+001
  0.2360977991E+001  0.7614792978E+001
  0.2334679130E+001  0.7729228002E+001
  0.2311319129E+001  0.7848051136E+001
  0.2291955642E+001  0.7970965222E+001
  0.2277717615E+001  0.8097371255E+001
  0.2269710626E+001  0.8226282985E+001
  0.2268859788E+001  0.8356270917E+001
  0.2275696460E+001  0.8485481531E+001
  0.2290131950E+001  0.8611780136E+001
  0.2311304252E+001  0.8733034162E+001
  0.2337596097E+001  0.8847481960E+001
  0.2366866509E+001  0.8954057902E+001
  0.2396827959E+001  0.9052537547E+001
  0.2425420008E+001  0.9143454885E+001
  0.2451048891E+001  0.9227861286E+001
  0.2472655599E+001  0.9307049026E+001
  0.2489657602E+001  0.9382331989E+001
  0.2501834667E+001  0.9454914493E+001
  0.2509211624E+001  0.9525835626E+001
  0.2511963264E+001  0.9595962084E+001
  0.2510346874E+001  0.9666005661E+001

  0.3986843580E+001  0.1269612426E+000
  0.3980110272E+001  0.2561958551E+000
  0.3980669158E+001  0.3861906488E+000
  0.3988952272E+001  0.5150244835E+000
  0.4004734348E+001  0.6405377364E+000
  0.4027004677E+001  0.7606382939E+000
  0.4054024715E+001  0.8736735365E+000
  0.4083595392E+001  0.9787307179E+000
  0.4113445893E+001  0.1075739470E+001
  0.4141589935E+001  0.1165351354E+001
  0.4166533090E+001  0.1248682851E+001
  0.4187312282E+001  0.1327044340E+001
  0.4203421884E+001  0.1401736619E+001
  0.4214695812E+001  0.1473935566E+001
  0.4221193259E+001  0.1544647630E+001
  0.4223108731E+001  0.1614708843E+001
  0.4220709471E+001  0.1684804938E+001
  0.4214295727E+001  0.1755498558E+001
  0.4204177662E+001  0.1827256307E+001
  0.4190663510E+001  0.1900472586E+001
  0.4174055086E+001  0.1975489386E+001
  0.4154648031E+001  0.2052612188E+001
  0.4132735238E+001  0.2132122447E+001
  0.4108612576E+001  0.2214287168E+001
  0.4082586518E+001  0.2299365897E+001
  0.4054983580E+001  0.2387615247E+001
  0.4026161661E+001  0.2479290764E+001
  0.3996523476E+001  0.2574645556E+001
  0.3966532139E+001  0.2673924648E+001
  0.3936728725E+001  0.2777353427E+001
  0.3907750906E+001  0.2885117832E+001
  0.3880350498E+001  0.2997333299E+001
  0.3855405548E+001  0.3113999117E+001
  0.3833919222E+001  0.3234935635E+001
  0.3816993389E+001  0.3359704894E+001
  0.3805760811E+001  0.3487522680E+001
  0.3801259870E+001  0.3617183117E+001
  0.3804246485E+001  0.3747034082E+001
  0.3814966009E+001  0.3875053572E+001
  0.3832950912E+001  0.3999064887E+001
  0.3856943159E+001  0.4117075220E+001
  0.3885020840E+001  0.4227641384E+001
  0.3914918460E+001  0.4330117729E+001
  0.3944422378E+001  0.4424684603E+001
  0.3971688215E+001  0.4512171644E+001
  0.3995392461E+001  0.4593783912E+001
  0.4014728326E+001  0.4670846511E+001
  0.4029311024E+001  0.4744629248E+001
  0.4039057261E+001  0.4816256534E+001
  0.4044077491E+001  0.4886679562E+001
  0.4044594831E+001  0.4956684023E+001
  0.4040890367E+001  0.5026913619E+001
  0.4033269361E+001  0.5097897757E+001
  0.4022042229E+001  0.5170077773E+001
  0.4007515395E+001  0.5243829514E+001
  0.3989988514E+001  0.5319481856E+001
  0.3969755864E+001  0.5397331463E+001
  0.3947110568E+001  0.5477654305E+001
  0.3922350944E+001  0.5560714382E+001
  0.3895788704E+001  0.5646769942E+001
  0.3867758984E+001  0.5736077196E+001
  0.3838632329E+001  0.5828891242E+001
  0.3808828798E+001  0.5925463480E+001
  0.3778834229E+001  0.6026034304E+001
  0.3749218277E+001  0.6130819214E+001
  0.3720653023E+001  0.6239985801E+001
  0.3693929407E+001  0.6353618420E+001
  0.3669966151E+001  0.6471667309E+001
  0.3649802171E+001  0.6593880231E+001
  0.3634558910E+001  0.6719719019E+001
  0.3625355842E+001  0.6848272540E+001
  0.3623164929E+001  0.6978192431E+001
  0.3628605530E+001  0.7107694971E+001
  0.3641715209E+001  0.7234678973E+001
  0.3661775698E+001  0.7356985402E+001
  0.3687294401E+001  0.7472758663E+001
  0.3716199171E+001  0.7580790743E+001
  0.3746199050E+001  0.7680705806E+001
  0.3775170123E+001  0.7772916267E+001
  0.3801425007E+001  0.7858401409E+001
  0.3823810138E+001  0.7938428780E+001
  0.3841664995E+001  0.8014320605E+001
  0.3854713251E+001  0.8087306850E+001
  0.3862943492E+001  0.8158457878E+001
  0.3866509308E+001  0.8228670550E+001
  0.3865656979E+001  0.8298682660E+001
  0.3860678092E+001  0.8369098700E+001
  0.3851881047E+001  0.8440417486E+001
  0.3839575628E+001  0.8513057358E+001
  0.3824066179E+001  0.8587377463E+001
  0.3805650347E+001  0.8663695040E+001
  0.3784621479E+001  0.8742299089E+001
  0.3761273564E+001  0.8823460967E+001
  0.3735908191E+001  0.8907442295E+001
  0.3708843319E+001  0.8994500397E+001
  0.3680423908E+001  0.9084891179E+001
  0.3651034558E+001  0.9178869043E+001
  0.3621114314E+001  0.9276682960E+001
  0.3591173552E+001  0.9378567318E+001
  0.3561812396E+001  0.9484725445E+001

  0.5029990791E+001  0.1007432635E+000
  0.5059154374E+001  0.1937086738E+000
  0.5085751075E+001  0.2798300757E+000
  0.5108572487E+001  0.3603574501E+000
  0.5126911777E+001  0.4366157056E+000
  0.5140458748E+001  0.5098485692E+000
  0.5149179786E+001  0.5811441532E+000
  0.5153215308E+001  0.6514168163E+000
  0.5152804623E+001  0.7214196275E+000
  0.5148236240E+001  0.7917695031E+000
  0.5139817722E+001  0.8629749108E+000
  0.5127859140E+001  0.9354614171E+000
  0.5112665536E+001  0.1009593399E+001
  0.5094535184E+001  0.1085691718E+001
  0.5073761682E+001  0.1164047744E+001
  0.5050638664E+001  0.1244934239E+001
  0.5025466564E+001  0.1328613536E+001
  0.4998561198E+001  0.1415343220E+001
  0.4970264199E+001  0.1505379294E+001
  0.4940955442E+001  0.1598976419E+001
  0.4911067624E+001  0.1696384447E+001
  0.4881102950E+001  0.1797839881E+001
  0.4851651440E+001  0.1903550274E+001
  0.4823409377E+001  0.2013668863E+001
  0.4797194679E+001  0.2128256172E+001
  0.4773953209E+001  0.2247225466E+001
  0.4754746033E+001  0.2370270734E+001
  0.4740703193E+001  0.2496781084E+001
  0.4732927059E+001  0.2625755758E+001
  0.4732333058E+001  0.2755749877E+001
  0.4739434961E+001  0.2884897140E+001
  0.4754119463E+001  0.3011057519E+001
  0.4775497248E+001  0.3132104854E+001
  0.4801928178E+001  0.3246296610E+001
  0.4831259605E+001  0.3352594814E+001
  0.4861206078E+001  0.3450803513E+001
  0.4889720140E+001  0.3541478906E+001
  0.4915226083E+001  0.3625685021E+001
  0.4936682654E+001  0.3704718009E+001
  0.4953521717E+001  0.3779889679E+001
  0.4965533263E+001  0.3852399267E+001
  0.4972748660E+001  0.3923279891E+001
  0.4975346478E+001  0.3993392580E+001
  0.4973585935E+001  0.4063444284E+001
  0.4967764086E+001  0.4134014603E+001
  0.4958190572E+001  0.4205583145E+001
  0.4945174361E+001  0.4278553934E+001
  0.4929018324E+001  0.4353275831E+001
  0.4910018887E+001  0.4430058997E+001
  0.4888469044E+001  0.4509187862E+001
  0.4864663763E+001  0.4590931121E+001
  0.4838907337E+001  0.4675549102E+001
  0.4811522541E+001  0.4763298675E+001
  0.4782861680E+001  0.4854435548E+001
  0.4753319682E+001  0.4949213441E+001
  0.4723349368E+001  0.5047879191E+001
  0.4693478734E+001  0.5150662219E+001
  0.4664329533E+001  0.5257756166E+001
  0.4636635199E+001  0.5369289763E+001
  0.4611254168E+001  0.5485283614E+001
  0.4589171446E+001  0.5605590100E+001
  0.4571477009E+001  0.5729816261E+001
  0.4559305428E+001  0.5857236193E+001
  0.4553720137E+001  0.5986711683E+001
  0.4555534371E+001  0.6116656775E+001
  0.4565086054E+001  0.6245095575E+001
  0.4582025600E+001  0.6369855458E+001
  0.4605212809E+001  0.6488891038E+001
  0.4632810162E+001  0.6600654800E+001
  0.4662579006E+001  0.6704371784E+001
  0.4692273848E+001  0.6800103725E+001
  0.4719979805E+001  0.6888598076E+001
  0.4744291007E+001  0.6971020663E+001
  0.4764326623E+001  0.7048691890E+001
  0.4779645279E+001  0.7122897729E+001
  0.4790125262E+001  0.7194787767E+001
  0.4795853438E+001  0.7265339711E+001
  0.4797039888E+001  0.7335363181E+001
  0.4793959490E+001  0.7405521748E+001
  0.4786915352E+001  0.7476360470E+001
  0.4776217895E+001  0.7548332548E+001
  0.4762174457E+001  0.7621822515E+001
  0.4745085720E+001  0.7697165365E+001
  0.4725246568E+001  0.7774661853E+001
  0.4702949937E+001  0.7854590473E+001
  0.4678492869E+001  0.7937216590E+001
  0.4652184434E+001  0.8022799023E+001
  0.4624355474E+001  0.8111594158E+001
  0.4595370279E+001  0.8203857334E+001
  0.4565640364E+001  0.8299840850E+001
  0.4535640411E+001  0.8399787485E+001
  0.4505926091E+001  0.8503917761E+001
  0.4477152714E+001  0.8612408506E+001
  0.4450092256E+001  0.8725359631E+001
  0.4425643914E+001  0.8842745792E+001
  0.4404829787E+001  0.8964350701E+001
  0.4388762838E+001  0.9089685522E+001
  0.4378570626E+001  0.9217901100E+001
  0.4375259562E+001  0.9347717821E+001
  0.4379517649E+001  0.9477414095E+001

  0.5988195275E+001  0.7242014395E-001
  0.5973141845E+001  0.1464703031E+000
  0.5955138272E+001  0.2224729831E+000
  0.5934478280E+001  0.3007206332E+000
  0.5911455369E+001  0.3814866639E+000
  0.5886369492E+001  0.4650337378E+000
  0.5859535557E+001  0.5516195686E+000
  0.5831293773E+001  0.6415002002E+000
  0.5802021982E+001  0.7349303987E+000
  0.5772150140E+001  0.8321603736E+000
  0.5742176912E+001  0.9334275081E+000
  0.5712687932E+001  0.1038941133E+001
  0.5684374290E+001  0.1148857668E+001
  0.5658048155E+001  0.1263242889E+001
  0.5634649674E+001  0.1382018169E+001
  0.5615235376E+001  0.1504889221E+001
  0.5600933826E+001  0.1631260903E+001
  0.5592851607E+001  0.1760151693E+001
  0.5591916947E+001  0.1890137130E+001
  0.5598666893E+001  0.2019367905E+001
  0.5613020760E+001  0.2145711150E+001
  0.5634125473E+001  0.2267032292E+001
  0.5660371300E+001  0.2381563519E+001
  0.5689621177E+001  0.2488230202E+001
  0.5719586998E+001  0.2586798562E+001
  0.5748204137E+001  0.2677795266E+001
  0.5773872944E+001  0.2762267473E+001
  0.5795528589E+001  0.2841506138E+001
  0.5812583805E+001  0.2916825789E+001
  0.5824814987E+001  0.2989432392E+001
  0.5832244804E+001  0.3060366986E+001
  0.5835046795E+001  0.3130498126E+001
  0.5833477605E+001  0.3200539193E+001
  0.5827833228E+001  0.3271074960E+001
  0.5818423096E+001  0.3342589009E+001
  0.5805556371E+001  0.3415488319E+001
  0.5789536239E+001  0.3490123869E+001
  0.5770659374E+001  0.3566807266E+001
  0.5749218824E+001  0.3645823872E+001
  0.5725509322E+001  0.3727442917E+001
  0.5699834553E+001  0.3811924983E+001
  0.5672516232E+001  0.3899527028E+001
  0.5643905055E+001  0.3990504801E+001
  0.5614393707E+001  0.4085112185E+001
  0.5584432019E+001  0.4183596505E+001
  0.5554544186E+001  0.4286188303E+001
  0.5525347304E+001  0.4393083379E+001
  0.5497569399E+001  0.4504414223E+001
  0.5472063084E+001  0.4620207510E+001
  0.5449807865E+001  0.4740324796E+001
  0.5431889909E+001  0.4864386111E+001
  0.5419443801E+001  0.4991682528E+001
  0.5413539607E+001  0.5121095798E+001
  0.5415006578E+001  0.5251059910E+001
  0.5424209197E+001  0.5379613575E+001
  0.5440832493E+001  0.5504586882E+001
  0.5463771769E+001  0.5623920521E+001
  0.5491216009E+001  0.5736037191E+001
  0.5520936378E+001  0.5840123712E+001
  0.5550679443E+001  0.5936205788E+001
  0.5578510111E+001  0.6025005168E+001
  0.5602998039E+001  0.6107674808E+001
  0.5623239948E+001  0.6185532877E+001
  0.5638777077E+001  0.6259869720E+001
  0.5649475785E+001  0.6331842275E+001
  0.5655415541E+001  0.6402436165E+001
  0.5656802292E+001  0.6472468234E+001
  0.5653908912E+001  0.6542608087E+001
  0.5647037779E+001  0.6613405561E+001
  0.5636499270E+001  0.6685317488E+001
  0.5622600982E+001  0.6758731071E+001
  0.5605643905E+001  0.6833983191E+001
  0.5585923123E+001  0.6911375874E+001
  0.5563731546E+001  0.6991188406E+001
  0.5539365868E+001  0.7073686585E+001
  0.5513134419E+001  0.7159129418E+001
  0.5485366816E+001  0.7247773352E+001
  0.5456425551E+001  0.7339873785E+001
  0.5426719668E+001  0.7435683256E+001
  0.5396720613E+001  0.7535445196E+001
  0.5366979979E+001  0.7639381524E+001
  0.5338148164E+001  0.7747671668E+001
  0.5310991555E+001  0.7860419944E+001
  0.5286403519E+001  0.7977607978E+001
  0.5265401011E+001  0.8099029804E+001
  0.5249094126E+001  0.8224210858E+001
  0.5238612212E+001  0.8352320100E+001
  0.5234971023E+001  0.8482098310E+001
  0.5238877927E+001  0.8611842823E+001
  0.5250502533E+001  0.8739499080E+001
  0.5269283760E+001  0.8862892787E+001
  0.5293873530E+001  0.8980078339E+001
  0.5322289323E+001  0.9089698252E+001
  0.5352251291E+001  0.9191208376E+001
  0.5381575951E+001  0.9284878741E+001
  0.5408476471E+001  0.9371598605E+001
  0.5431693543E+001  0.9452599457E+001
  0.5450476608E+001  0.9529207226E+001
  0.5464483093E+001  0.9602677651E+001
  0.5473657955E+001  0.9674115055E+001

  0.6979834207E+001  0.1222112762E+000
  0.6964588659E+001  0.2480487154E+000
  0.6955382855E+001  0.3766013542E+000
  0.6953188860E+001  0.5065210197E+000
  0.6958626225E+001  0.6360241561E+000
  0.6971732802E+001  0.7630096638E+000
  0.6991790656E+001  0.8853184624E+000
  0.7017307488E+001  0.1001094752E+001
  0.7046211323E+001  0.1109130194E+001
  0.7076211212E+001  0.1209048602E+001
  0.7105183101E+001  0.1301262098E+001
  0.7131439393E+001  0.1386749789E+001
  0.7153826305E+001  0.1466779156E+001
  0.7171683129E+001  0.1542672439E+001
  0.7184733405E+001  0.1615659658E+001
  0.7192965630E+001  0.1686811253E+001
  0.7196533342E+001  0.1757024152E+001
  0.7195682795E+001  0.1827036211E+001
  0.7190705564E+001  0.1897451973E+001
  0.7181910045E+001  0.1968770291E+001
  0.7169606023E+001  0.2041409534E+001
  0.7154097846E+001  0.2115728871E+001
  0.7135683165E+001  0.2192045554E+001
  0.7114655324E+001  0.2270648593E+001
  0.7091308313E+001  0.2351809351E+001
  0.7065943716E+001  0.2435789450E+001
  0.7038879483E+001  0.2522846217E+001
  0.7010460559E+001  0.2613235557E+001
  0.6981071526E+001  0.2707211874E+001
  0.6951151402E+001  0.2805024143E+001
  0.6921210531E+001  0.2906906760E+001
  0.6891848994E+001  0.3013063071E+001
  0.6863774925E+001  0.3123638827E+001
  0.6837819291E+001  0.3238682266E+001
  0.6814940783E+001  0.3358087778E+001
  0.6796210377E+001  0.3481522194E+001
  0.6782760720E+001  0.3608338360E+001
  0.6775683442E+001  0.3737491612E+001
  0.6775863376E+001  0.3867491073E+001
  0.6783759925E+001  0.3996433162E+001
  0.6799184877E+001  0.4122163899E+001
  0.6821167192E+001  0.4242579037E+001
  0.6847999893E+001  0.4355995674E+001
  0.6877498098E+001  0.4461459728E+001
  0.6907385241E+001  0.4558859981E+001
  0.6935654431E+001  0.4648817426E+001
  0.6960784500E+001  0.4732432077E+001
  0.6981786948E+001  0.4811010192E+001
  0.6998135980E+001  0.4885856482E+001
  0.7009651422E+001  0.4958154594E+001
  0.7016383586E+001  0.5028919718E+001
  0.7018521921E+001  0.5098996023E+001
  0.7016331144E+001  0.5169076121E+001
  0.7010110518E+001  0.5239728143E+001
  0.7000170064E+001  0.5311422890E+001
  0.6986818272E+001  0.5384557863E+001
  0.6970357300E+001  0.5459477265E+001
  0.6951083038E+001  0.5536488076E+001
  0.6929288398E+001  0.5615872702E+001
  0.6905268935E+001  0.5697898681E+001
  0.6879330384E+001  0.5782825806E+001
  0.6851798005E+001  0.5870910769E+001
  0.6823027833E+001  0.5962409169E+001
  0.6793419991E+001  0.6057574329E+001
  0.6763434175E+001  0.6156651896E+001
  0.6733607130E+001  0.6259868627E+001
  0.6704571264E+001  0.6367413060E+001
  0.6677072337E+001  0.6479405101E+001
  0.6651981971E+001  0.6595851180E+001
  0.6630297437E+001  0.6716582340E+001
  0.6613116872E+001  0.6841175595E+001
  0.6601573937E+001  0.6968866038E+001
  0.6596715698E+001  0.7098470050E+001
  0.6599317443E+001  0.7228357019E+001
  0.6609655406E+001  0.7356519521E+001
  0.6627300945E+001  0.7480781322E+001
  0.6651034344E+001  0.7599131411E+001
  0.6678960520E+001  0.7710091733E+001
  0.6708821726E+001  0.7812974162E+001
  0.6738393028E+001  0.7907920636E+001
  0.6765806532E+001  0.7995734588E+001
  0.6789711752E+001  0.8077608903E+001
  0.6809277886E+001  0.8154867610E+001
  0.6824101927E+001  0.8228786049E+001
  0.6834088275E+001  0.8300496955E+001
  0.6839339870E+001  0.8370960185E+001
  0.6840075700E+001  0.8440969211E+001
  0.6836574907E+001  0.8511174170E+001
  0.6829142094E+001  0.8582109530E+001
  0.6818087706E+001  0.8654220455E+001
  0.6803718472E+001  0.8727885590E+001
  0.6786334380E+001  0.8803435777E+001
  0.6766229897E+001  0.8881168991E+001
  0.6743698069E+001  0.8961362005E+001
  0.6719036774E+001  0.9044279250E+001
  0.6692556834E+001  0.9130179151E+001
  0.6664591948E+001  0.9219317974E+001
  0.6635510575E+001  0.9311950901E+001
  0.6605729935E+001  0.9408329645E+001
  0.6575732165E+001  0.9508695414E+001

  0.8028588587E+001  0.1090935514E+000
  0.8058572648E+001  0.2100713486E+000
  0.8087787252E+001  0.3032517499E+000
  0.8114478170E+001  0.3895552203E+000
  0.8137421435E+001  0.4702263152E+000
  0.8155896929E+001  0.5465904076E+000
  0.8169584656E+001  0.6198949749E+000
  0.8178444540E+001  0.6912331109E+000
  0.8182613137E+001  0.7615241426E+000
  0.8182327693E+001  0.8315255006E+000
  0.8177875794E+001  0.9018576629E+000
  0.8169564734E+001  0.9730318709E+000
  0.8157704655E+001  0.1045475773E+001
  0.8142600788E+001  0.1119555256E+001
  0.8124551594E+001  0.1195592231E+001
  0.8103850747E+001  0.1273878757E+001
  0.8080791796E+001  0.1354688009E+001
  0.8055674864E+001  0.1438282531E+001
  0.8028815183E+001  0.1524919989E+001
  0.8000553470E+001  0.1614856412E+001
  0.7971268296E+001  0.1708346529E+001
  0.7941390596E+001  0.1805640423E+001
  0.7911420303E+001  0.1906975165E+001
  0.7881944622E+001  0.2012559453E+001
  0.7853656506E+001  0.2122548571E+001
  0.7827370188E+001  0.2237006423E+001
  0.7804027871E+001  0.2355851482E+001
  0.7784687725E+001  0.2478785272E+001
  0.7770478866E+001  0.2605207012E+001
  0.7762506403E+001  0.2734128282E+001
  0.7761694016E+001  0.2864117280E+001
  0.7768570442E+001  0.2993318560E+001
  0.7783043314E+001  0.3119596611E+001
  0.7804246533E+001  0.3240819795E+001
  0.7830559384E+001  0.3355229301E+001
  0.7859839112E+001  0.3461763636E+001
  0.7889798472E+001  0.3560202634E+001
  0.7918378952E+001  0.3651083633E+001
  0.7943989489E+001  0.3735459921E+001
  0.7965573739E+001  0.3814624371E+001
  0.7982551339E+001  0.3889890566E+001
  0.7994703596E+001  0.3962462065E+001
  0.8002056327E+001  0.4033377063E+001
  0.8004784896E+001  0.4103501406E+001
  0.8003146880E+001  0.4173546157E+001
  0.7997438663E+001  0.4244094226E+001
  0.7987969754E+001  0.4315627759E+001
  0.7975049245E+001  0.4388552670E+001
  0.7958980211E+001  0.4463219171E+001
  0.7940059236E+001  0.4539938348E+001
  0.7918579347E+001  0.4618995227E+001
  0.7894835359E+001  0.4700658841E+001
  0.7869131174E+001  0.4785189682E+001
  0.7841788885E+001  0.4872844674E+001
  0.7813159763E+001  0.4963879553E+001
  0.7783637296E+001  0.5058548143E+001
  0.7753672385E+001  0.5157097598E+001
  0.7723790585E+001  0.5259758060E+001
  0.7694610663E+001  0.5366724560E+001
  0.7666862583E+001  0.5478128248E+001
  0.7641401051E+001  0.5593993631E+001
  0.7619207553E+001  0.5714178987E+001
  0.7601369638E+001  0.5838299701E+001
  0.7589021914E+001  0.5965640763E+001
  0.7583232105E+001  0.6095076763E+001
  0.7584823762E+001  0.6225034511E+001
  0.7594151878E+001  0.6353547424E+001
  0.7610889072E+001  0.6478444540E+001
  0.7633917870E+001  0.6597671460E+001
  0.7661417662E+001  0.6709661517E+001
  0.7691155987E+001  0.6813615248E+001
  0.7720882184E+001  0.6909571338E+001
  0.7748668379E+001  0.6998260839E+001
  0.7773093018E+001  0.7080841395E+001
  0.7793260908E+001  0.7158632024E+001
  0.7808719566E+001  0.7232921522E+001
  0.7819339663E+001  0.7304864196E+001
  0.7825203347E+001  0.7375442822E+001
  0.7826518062E+001  0.7445471644E+001
  0.7823557414E+001  0.7515618092E+001
  0.7816624045E+001  0.7586430280E+001
  0.7806028352E+001  0.7658363729E+001
  0.7792077839E+001  0.7731804678E+001
  0.7775073386E+001  0.7807089327E+001
  0.7755310004E+001  0.7884519242E+001
  0.7733080610E+001  0.7964373423E+001
  0.7708682022E+001  0.8046917509E+001
  0.7682422834E+001  0.8132410441E+001
  0.7654633099E+001  0.8221108643E+001
  0.7625675952E+001  0.8313267490E+001
  0.7595961323E+001  0.8409139439E+001
  0.7565961815E+001  0.8508967689E+001
  0.7536230481E+001  0.8612973661E+001
  0.7507419482E+001  0.8721335857E+001
  0.7480297208E+001  0.8834157022E+001
  0.7455759124E+001  0.8951416292E+001
  0.7434824038E+001  0.9072904014E+001
  0.7418603094E+001  0.9198140515E+001
  0.7408225029E+001  0.9326288264E+001
  0.7404702287E+001  0.9456080717E+001

  0.8996371693E+001  0.7022021850E-001
  0.8988821047E+001  0.1411859672E+000
  0.8977658494E+001  0.2133400086E+000
  0.8963190571E+001  0.2870592322E+000
  0.8945717058E+001  0.3626732453E+000
  0.8925532304E+001  0.4404791992E+000
  0.8902929398E+001  0.5207533617E+000
  0.8878206494E+001  0.6037598931E+000
  0.8851674966E+001  0.6897571059E+000
  0.8823669410E+001  0.7790012319E+000
  0.8794559584E+001  0.8717474010E+000
  0.8764764482E+001  0.9682471324E+000
  0.8734768550E+001  0.1068741129E+001
  0.8705139703E+001  0.1173445534E+001
  0.8676547946E+001  0.1282529114E+001
  0.8649781877E+001  0.1396078194E+001
  0.8625757834E+001  0.1514046093E+001
  0.8605512711E+001  0.1636185085E+001
  0.8590167011E+001  0.1761963166E+001
  0.8580841376E+001  0.1890476892E+001
  0.8578512250E+001  0.2020386341E+001
  0.8583807706E+001  0.2149915279E+001
  0.8596778108E+001  0.2276966502E+001
  0.8616720111E+001  0.2399378921E+001
  0.8642154474E+001  0.2515287823E+001
  0.8671016910E+001  0.2623470720E+001
  0.8701016839E+001  0.2723535920E+001
  0.8730024235E+001  0.2815882752E+001
  0.8756342136E+001  0.2901482471E+001
  0.8778807051E+001  0.2981599624E+001
  0.8796750131E+001  0.3057557040E+001
  0.8809888995E+001  0.3130587237E+001
  0.8818208275E+001  0.3201763817E+001
  0.8821859224E+001  0.3271986803E+001
  0.8821086896E+001  0.3341996746E+001
  0.8816182340E+001  0.3412400372E+001
  0.8807453815E+001  0.3483698232E+001
  0.8795211164E+001  0.3556309959E+001
  0.8779758858E+001  0.3630595639E+001
  0.8761394658E+001  0.3706873157E+001
  0.8740411950E+001  0.3785431936E+001
  0.8717104654E+001  0.3866543581E+001
  0.8691774143E+001  0.3950469839E+001
  0.8664737978E+001  0.4037468077E+001
  0.8636340504E+001  0.4127794221E+001
  0.8606965453E+001  0.4221702721E+001
  0.8577050701E+001  0.4319442717E+001
  0.8547105128E+001  0.4421248992E+001
  0.8517727005E+001  0.4527325662E+001
  0.8489622341E+001  0.4637819843E+001
  0.8463619772E+001  0.4752782008E+001
  0.8440675710E+001  0.4872109969E+001
  0.8421859401E+001  0.4995475467E+001
  0.8408303103E+001  0.5122237880E+001
  0.8401100489E+001  0.5251360421E+001
  0.8401142016E+001  0.5381360392E+001
  0.8408896962E+001  0.5510340744E+001
  0.8424190589E+001  0.5636149754E+001
  0.8446066403E+001  0.5756678971E+001
  0.8472829151E+001  0.5870234608E+001
  0.8502299393E+001  0.5975847526E+001
  0.8532198688E+001  0.6073391480E+001
  0.8560512738E+001  0.6163476108E+001
  0.8585710610E+001  0.6247195223E+001
  0.8606794455E+001  0.6325853445E+001
  0.8623231018E+001  0.6400756843E+001
  0.8634834895E+001  0.6473091883E+001
  0.8641653091E+001  0.6543876952E+001
  0.8643873164E+001  0.6613959210E+001
  0.8641758882E+001  0.6684033806E+001
  0.8635609134E+001  0.6754670894E+001
  0.8625733882E+001  0.6826342826E+001
  0.8612441703E+001  0.6899448255E+001
  0.8596034885E+001  0.6974332198E+001
  0.8576809410E+001  0.7051302194E+001
  0.8555058199E+001  0.7130641002E+001
  0.8531076699E+001  0.7212616362E+001
  0.8505170379E+001  0.7297488158E+001
  0.8477664047E+001  0.7385513111E+001
  0.8448913064E+001  0.7476946842E+001
  0.8419316614E+001  0.7572042748E+001
  0.8389333154E+001  0.7671046696E+001
  0.8359497853E+001  0.7774185932E+001
  0.8330441206E+001  0.7881649930E+001
  0.8302906764E+001  0.7993560200E+001
  0.8277763796E+001  0.8109925748E+001
  0.8256007404E+001  0.8230581483E+001
  0.8238734316E+001  0.8355109843E+001
  0.8227078448E+001  0.8482752938E+001
  0.8222089925E+001  0.8612335275E+001
  0.8224550981E+001  0.8742234158E+001
  0.8234749020E+001  0.8870447630E+001
  0.8252269575E+001  0.8994799840E+001
  0.8275907030E+001  0.9113273355E+001
  0.8303776324E+001  0.9224377519E+001
  0.8333622798E+001  0.9327408684E+001
  0.8363217594E+001  0.9422494616E+001
  0.8390684309E+001  0.9510428981E+001
  0.8414662579E+001  0.9592400044E+001
  0.8434312753E+001  0.9669731328E+001

