 -0.2090120102E-001  0.7847931702E-001
 -0.4413673724E-001  0.1595027563E+000
 -0.6940561047E-001  0.2433322880E+000
 -0.9639094967E-001  0.3302253635E+000
 -0.1247494808E+000  0.4204379372E+000
 -0.1540989912E+000  0.5142245457E+000
 -0.1840036435E+000  0.6118346137E+000
 -0.2139571817E+000  0.7135036095E+000
 -0.2433645737E+000  0.8194370147E+000
 -0.2715236261E+000  0.9297843702E+000
 -0.2976098962E+000  0.1044600122E+001
 -0.3206710826E+000  0.1163788183E+001
 -0.3396410984E+000  0.1287029063E+001
 -0.3533884680E+000  0.1413693831E+001
 -0.3608159819E+000  0.1542759825E+001
 -0.3610232398E+000  0.1672759109E+001
 -0.3535233808E+000  0.1801806521E+001
 -0.3384670077E+000  0.1927754654E+001
 -0.3167843882E+000  0.2048487817E+001
 -0.2901494517E+000  0.2162292894E+001
 -0.2607315033E+000  0.2268173737E+001
 -0.2308120426E+000  0.2365976951E+001
 -0.2024185184E+000  0.2456291509E+001
 -0.1770994023E+000  0.2540199823E+001
 -0.1558694473E+000  0.2619003384E+001
 -0.1392754355E+000  0.2694010610E+001
 -0.1275122877E+000  0.2766412995E+001
 -0.1205390313E+000  0.2837234686E+001
 -0.1181715650E+000  0.2907328247E+001
 -0.1201478639E+000  0.2977393414E+001
 -0.1261697368E+000  0.3048004010E+001
 -0.1359273350E+000  0.3119635202E+001
 -0.1491119250E+000  0.3192687723E+001
 -0.1654209917E+000  0.3267508082E+001
 -0.1845583813E+000  0.3344404829E+001
 -0.2062311489E+000  0.3423661368E+001
 -0.2301440422E+000  0.3505545808E+001
 -0.2559920587E+000  0.3590318200E+001
 -0.2834511936E+000  0.3678235323E+001
 -0.3121672927E+000  0.3769552832E+001
 -0.3417428470E+000  0.3864524255E+001
 -0.3717216177E+000  0.3963395846E+001
 -0.4015712536E+000  0.4066395718E+001
 -0.4306646920E+000  0.4173714997E+001
 -0.4582623464E+000  0.4285478052E+001
 -0.4834991831E+000  0.4401698474E+001
 -0.5053840274E+000  0.4522218064E+001
 -0.5228227377E+000  0.4646628951E+001
 -0.5346810430E+000  0.4774185812E+001
 -0.5399034632E+000  0.4903727754E+001
 -0.5376954535E+000  0.5033646388E+001
 -0.5277496838E+000  0.5161949774E+001
 -0.5104551789E+000  0.5286463038E+001
 -0.4869920782E+000  0.5405157500E+001
 -0.4592271283E+000  0.5516520051E+001
 -0.4294090787E+000  0.5619819129E+001
 -0.3997735754E+000  0.5715156839E+001
 -0.3722122022E+000  0.5803309025E+001
 -0.3481031094E+000  0.5885455408E+001
 -0.3283019613E+000  0.5962918448E+001
 -0.3132307643E+000  0.6036978922E+001
 -0.3029980137E+000  0.6108778021E+001
 -0.2975086872E+000  0.6179284508E+001
 -0.2965481717E+000  0.6249299889E+001
 -0.2998394076E+000  0.6319480973E+001
 -0.3070785129E+000  0.6390367482E+001
 -0.3179550420E+000  0.6462408563E+001
 -0.3321619577E+000  0.6535985779E+001
 -0.3493989269E+000  0.6611432023E+001
 -0.3693712791E+000  0.6689046646E+001
 -0.3917860321E+000  0.6769107266E+001
 -0.4163457358E+000  0.6851878774E+001
 -0.4427404557E+000  0.6937619785E+001
 -0.4706379355E+000  0.7026586625E+001
 -0.4996718165E+000  0.7119034555E+001
 -0.5294277489E+000  0.7215215591E+001
 -0.5594273425E+000  0.7315371742E+001
 -0.5891102695E+000  0.7419721897E+001
 -0.6178156189E+000  0.7528439862E+001
 -0.6447650598E+000  0.7641620440E+001
 -0.6690528107E+000  0.7759230243E+001
 -0.6896510277E+000  0.7881041099E+001
 -0.7054436893E+000  0.8006547801E+001
 -0.7153055951E+000  0.8134880517E+001
 -0.7182414022E+000  0.8264736522E+001
 -0.7135855983E+000  0.8394373045E+001
 -0.7012321587E+000  0.8521711526E+001
 -0.6818187638E+000  0.8644583345E+001
 -0.6567649773E+000  0.8761085095E+001
 -0.6280988875E+000  0.8869931298E+001
 -0.5981077433E+000  0.8970660180E+001
 -0.5689473396E+000  0.9063612425E+001
 -0.5423564528E+000  0.9149722690E+001
 -0.5195425369E+000  0.9230241282E+001
 -0.5012116125E+000  0.9306493078E+001
 -0.4876732796E+000  0.9379721571E+001
 -0.4789607572E+000  0.9451014570E+001
 -0.4749333937E+000  0.9521286126E+001
 -0.4753517559E+000  0.9591289044E+001
 -0.4799272777E+000  0.9661640020E+001

  0.9891292670E+000  0.1279611724E+000
  0.9850435402E+000  0.2576816508E+000
  0.9884756305E+000  0.3874846835E+000
  0.9996345601E+000  0.5153320943E+000
  0.1018007605E+001  0.6390477266E+000
  0.1042292858E+001  0.7566609750E+000
  0.1070538439E+001  0.8667697411E+000
  0.1100471176E+001  0.9687775284E+000
  0.1129891481E+001  0.1062908484E+001
  0.1156982607E+001  0.1150021635E+001
  0.1180452183E+001  0.1231335303E+001
  0.1199520845E+001  0.1308175291E+001
  0.1213824477E+001  0.1381804738E+001
  0.1223293663E+001  0.1453338362E+001
  0.1228047291E+001  0.1523717373E+001
  0.1228313078E+001  0.1593718550E+001
  0.1224374255E+001  0.1663978246E+001
  0.1216536782E+001  0.1735020104E+001
  0.1205111022E+001  0.1807281106E+001
  0.1190403033E+001  0.1881133925E+001
  0.1172712091E+001  0.1956905211E+001
  0.1152332271E+001  0.2034890150E+001
  0.1129556803E+001  0.2115363807E+001
  0.1104684537E+001  0.2198589708E+001
  0.1078028249E+001  0.2284825904E+001
  0.1049924770E+001  0.2374328548E+001
  0.1020747097E+001  0.2467352634E+001
  0.9909186229E+000  0.2564149177E+001
  0.9609295170E+000  0.2664957588E+001
  0.9313548414E+000  0.2769991330E+001
  0.9028731301E+000  0.2879414287E+001
  0.8762825575E+000  0.2993304624E+001
  0.8525092059E+000  0.3111602923E+001
  0.8325981412E+000  0.3234042832E+001
  0.8176735243E+000  0.3360066971E+001
  0.8088508994E+000  0.3488740326E+001
  0.8070879398E+000  0.3618688481E+001
  0.8129765905E+000  0.3748104867E+001
  0.8265145110E+000  0.3874876582E+001
  0.8469373301E+000  0.3996851760E+001
  0.8727116803E+000  0.4112203727E+001
  0.9017419790E+000  0.4219769555E+001
  0.9317369858E+000  0.4319222232E+001
  0.9605922385E+000  0.4411014042E+001
  0.9866501167E+000  0.4496148411E+001
  0.1008787597E+001  0.4575901634E+001
  0.1026369596E+001  0.4651593749E+001
  0.1039138215E+001  0.4724446697E+001
  0.1047094016E+001  0.4795520840E+001
  0.1050397640E+001  0.4865703294E+001
  0.1049299058E+001  0.4935723415E+001
  0.1044091453E+001  0.5006178858E+001
  0.1035083622E+001  0.5077563146E+001
  0.1022585154E+001  0.5150290664E+001
  0.1006900002E+001  0.5224717709E+001
  0.9883254712E+000  0.5301159551E+001
  0.9671547879E+000  0.5379903913E+001
  0.9436821743E+000  0.5461221396E+001
  0.9182099082E+000  0.5545373253E+001
  0.8910571994E+000  0.5632616670E+001
  0.8625709294E+000  0.5723207503E+001
  0.8331384173E+000  0.5817399988E+001
  0.8032023438E+000  0.5915442565E+001
  0.7732777551E+000  0.6017568358E+001
  0.7439705232E+000  0.6123978206E+001
  0.7159955728E+000  0.6234813434E+001
  0.6901912986E+000  0.6350115049E+001
  0.6675236005E+000  0.6469766397E+001
  0.6490688462E+000  0.6593418501E+001
  0.6359606912E+000  0.6720403242E+001
  0.6292839047E+000  0.6849650815E+001
  0.6299049349E+000  0.6979644387E+001
  0.6382512827E+000  0.7108459981E+001
  0.6540915826E+000  0.7233937126E+001
  0.6764086453E+000  0.7353985784E+001
  0.7034588213E+000  0.7466958370E+001
  0.7330408147E+000  0.7571948928E+001
  0.7628848404E+000  0.7668893748E+001
  0.7910080371E+000  0.7758449333E+001
  0.8159203656E+000  0.7841734791E+001
  0.8366628910E+000  0.7920061129E+001
  0.8527332590E+000  0.7994728477E+001
  0.8639676655E+000  0.8066911430E+001
  0.8704267356E+000  0.8137615006E+001
  0.8723057884E+000  0.8207673912E+001
  0.8698724707E+000  0.8277772758E+001
  0.8634271872E+000  0.8348473299E+001
  0.8532801190E+000  0.8420241455E+001
  0.8397394607E+000  0.8493471125E+001
  0.8231069686E+000  0.8568503942E+001
  0.8036782440E+000  0.8645645144E+001
  0.7817461785E+000  0.8725176033E+001
  0.7576066953E+000  0.8807363528E+001
  0.7315663901E+000  0.8892467135E+001
  0.7039519849E+000  0.8980743457E+001
  0.6751216905E+000  0.9072448029E+001
  0.6454786471E+000  0.9167833923E+001
  0.6154865341E+000  0.9267146059E+001
  0.5856871396E+000  0.9370609596E+001
  0.5567190007E+000  0.9478410040E+001

  0.2029948843E+001  0.9824877605E-001
  0.2058474569E+001  0.1889599135E+000
  0.2083998793E+001  0.2731955871E+000
  0.2105477635E+001  0.3522513913E+000
  0.2122340840E+001  0.4274394519E+000
  0.2134376891E+001  0.4999597601E+000
  0.2141616196E+001  0.5708463188E+000
  0.2144236771E+001  0.6409609949E+000
  0.2142497551E+001  0.7110114521E+000
  0.2136695474E+001  0.7815778675E+000
  0.2127140160E+001  0.8531402871E+000
  0.2114140599E+001  0.9261030644E+000
  0.2097999697E+001  0.1000815295E+001
  0.2079013908E+001  0.1077587298E+001
  0.2057476231E+001  0.1156703609E+001
  0.2033681607E+001  0.1238432980E+001
  0.2007934261E+001  0.1323035769E+001
  0.1980556847E+001  0.1410768854E+001
  0.1951901489E+001  0.1501887947E+001
  0.1922362866E+001  0.1596646788E+001
  0.1892393461E+001  0.1695292268E+001
  0.1862520845E+001  0.1798053937E+001
  0.1833366249E+001  0.1905125679E+001
  0.1805662502E+001  0.2016636648E+001
  0.1780267390E+001  0.2132608132E+001
  0.1758165308E+001  0.2252893544E+001
  0.1740445812E+001  0.2377101384E+001
  0.1728243487E+001  0.2504507647E+001
  0.1722622525E+001  0.2633976355E+001
  0.1724397970E+001  0.2763923772E+001
  0.1733910735E+001  0.2892375614E+001
  0.1750815107E+001  0.3017159525E+001
  0.1773974838E+001  0.3136228527E+001
  0.1801555337E+001  0.3248031750E+001
  0.1831319003E+001  0.3351789964E+001
  0.1861019424E+001  0.3447560899E+001
  0.1888739441E+001  0.3536089166E+001
  0.1913070454E+001  0.3618539186E+001
  0.1933129135E+001  0.3696231131E+001
  0.1948472182E+001  0.3770451470E+001
  0.1958976563E+001  0.3842350616E+001
  0.1964728327E+001  0.3912907158E+001
  0.1965937100E+001  0.3982931520E+001
  0.1962877540E+001  0.4053087943E+001
  0.1955852676E+001  0.4123922017E+001
  0.1945172924E+001  0.4195887343E+001
  0.1931145653E+001  0.4269368753E+001
  0.1914071577E+001  0.4344701447E+001
  0.1894245604E+001  0.4422186324E+001
  0.1871960666E+001  0.4502101963E+001
  0.1847513765E+001  0.4584713777E+001
  0.1821213887E+001  0.4670280606E+001
  0.1793391737E+001  0.4759058843E+001
  0.1764411402E+001  0.4851303833E+001
  0.1734684121E+001  0.4947267902E+001
  0.1704684212E+001  0.5047193905E+001
  0.1674966889E+001  0.5151302520E+001
  0.1646186912E+001  0.5259770870E+001
  0.1619115634E+001  0.5372699360E+001
  0.1594651600E+001  0.5490063433E+001
  0.1573816337E+001  0.5611647961E+001
  0.1557722498E+001  0.5736965708E+001
  0.1547497854E+001  0.5865169550E+001
  0.1544149878E+001  0.5994982149E+001
  0.1548368760E+001  0.6124684018E+001
  0.1560297830E+001  0.6252210319E+001
  0.1579344141E+001  0.6375388716E+001
  0.1604129632E+001  0.6492290770E+001
  0.1632652385E+001  0.6601588758E+001
  0.1662629007E+001  0.6702772880E+001
  0.1691887216E+001  0.6796142857E+001
  0.1718660073E+001  0.6882607196E+001
  0.1741709919E+001  0.6963405514E+001
  0.1760304882E+001  0.7039863480E+001
  0.1774116273E+001  0.7113231817E+001
  0.1783098264E+001  0.7184607984E+001
  0.1787383965E+001  0.7254915682E+001
  0.1787208775E+001  0.7324916194E+001
  0.1782859447E+001  0.7395233146E+001
  0.1774643030E+001  0.7466380234E+001
  0.1762869719E+001  0.7538786953E+001
  0.1747844915E+001  0.7612820528E+001
  0.1729867239E+001  0.7688803801E+001
  0.1709230441E+001  0.7767029446E+001
  0.1686227995E+001  0.7847771006E+001
  0.1661159760E+001  0.7931291213E+001
  0.1634340460E+001  0.8017847808E+001
  0.1606110017E+001  0.8107696843E+001
  0.1576845864E+001  0.8201093105E+001
  0.1546977401E+001  0.8298286874E+001
  0.1517002579E+001  0.8399515708E+001
  0.1487506141E+001  0.8504989295E+001
  0.1459178124E+001  0.8614864692E+001
  0.1432829529E+001  0.8729208733E+001
  0.1409399335E+001  0.8847944422E+001
  0.1389943137E+001  0.8970779840E+001
  0.1375589173E+001  0.9097123032E+001
  0.1367444848E+001  0.9225996375E+001
  0.1366440941E+001  0.9355979573E+001
  0.1373119181E+001  0.9485226815E+001

  0.2985944500E+001  0.7349636016E-001
  0.2968844824E+001  0.1488467949E+000
  0.2948995840E+001  0.2263519549E+000
  0.2926690487E+001  0.3062902694E+000
  0.2902225835E+001  0.3889270661E+000
  0.2875911018E+001  0.4745211501E+000
  0.2848076981E+001  0.5633289036E+000
  0.2819088165E+001  0.6556056578E+000
  0.2789356292E+001  0.7516036929E+000
  0.2759356316E+001  0.8515657325E+000
  0.2729644248E+001  0.9557121791E+000
  0.2700875809E+001  0.1064219643E+001
  0.2673823443E+001  0.1177187661E+001
  0.2649386832E+001  0.1294590305E+001
  0.2628588499E+001  0.1416210420E+001
  0.2612541641E+001  0.1541557971E+001
  0.2602373654E+001  0.1669782287E+001
  0.2599090152E+001  0.1799602056E+001
  0.2603377506E+001  0.1929294119E+001
  0.2615373237E+001  0.2056791436E+001
  0.2634477396E+001  0.2179922175E+001
  0.2659305380E+001  0.2296761748E+001
  0.2687851092E+001  0.2405989006E+001
  0.2717830451E+001  0.2507101684E+001
  0.2747073697E+001  0.2600405970E+001
  0.2773818281E+001  0.2686814531E+001
  0.2796831286E+001  0.2767568711E+001
  0.2815384918E+001  0.2843994090E+001
  0.2829153505E+001  0.2917340272E+001
  0.2838093218E+001  0.2988703206E+001
  0.2842338365E+001  0.3059005080E+001
  0.2842124989E+001  0.3129005838E+001
  0.2837740133E+001  0.3199328018E+001
  0.2829490932E+001  0.3270484462E+001
  0.2817687564E+001  0.3342904026E+001
  0.2802635370E+001  0.3416953468E+001
  0.2784632916E+001  0.3492955309E+001
  0.2763973925E+001  0.3571202007E+001
  0.2740951898E+001  0.3651966980E+001
  0.2715866783E+001  0.3735512893E+001
  0.2689033480E+001  0.3822097460E+001
  0.2660792185E+001  0.3911976725E+001
  0.2631520724E+001  0.4005405457E+001
  0.2601649027E+001  0.4102633867E+001
  0.2571675729E+001  0.4203899346E+001
  0.2542186426E+001  0.4309411241E+001
  0.2513872161E+001  0.4419325998E+001
  0.2487545053E+001  0.4533709440E+001
  0.2464145201E+001  0.4652483009E+001
  0.2444729090E+001  0.4775352523E+001
  0.2430425272E+001  0.4901722976E+001
  0.2422340369E+001  0.5030613014E+001
  0.2421402716E+001  0.5160598358E+001
  0.2428149563E+001  0.5289829848E+001
  0.2442500512E+001  0.5416174682E+001
  0.2463602806E+001  0.5537498218E+001
  0.2489846984E+001  0.5652032423E+001
  0.2519096123E+001  0.5758702347E+001
  0.2549062095E+001  0.5857273878E+001
  0.2577680127E+001  0.5948273420E+001
  0.2603350358E+001  0.6032747981E+001
  0.2625007749E+001  0.6111988467E+001
  0.2642064866E+001  0.6187309432E+001
  0.2654297981E+001  0.6259916899E+001
  0.2661729687E+001  0.6330851976E+001
  0.2664533478E+001  0.6400983284E+001
  0.2662965974E+001  0.6471024263E+001
  0.2657323163E+001  0.6541559731E+001
  0.2647914471E+001  0.6613073303E+001
  0.2635049065E+001  0.6685971988E+001
  0.2619030132E+001  0.6760606780E+001
  0.2600154348E+001  0.6837289301E+001
  0.2578714762E+001  0.6916304922E+001
  0.2555006106E+001  0.6997922876E+001
  0.2529332059E+001  0.7082403749E+001
  0.2502014326E+001  0.7170004497E+001
  0.2473403590E+001  0.7260980872E+001
  0.2443892516E+001  0.7355586758E+001
  0.2413930909E+001  0.7454069484E+001
  0.2384042930E+001  0.7556659600E+001
  0.2354845635E+001  0.7663552927E+001
  0.2327067002E+001  0.7774881987E+001
  0.2301559594E+001  0.7890673507E+001
  0.2279302866E+001  0.8010789124E+001
  0.2261382954E+001  0.8134848982E+001
  0.2248934439E+001  0.8262144302E+001
  0.2243027446E+001  0.8391557010E+001
  0.2244491364E+001  0.8521521271E+001
  0.2253690908E+001  0.8650075928E+001
  0.2270311410E+001  0.8775051093E+001
  0.2293248487E+001  0.8894387342E+001
  0.2320691359E+001  0.9006507110E+001
  0.2350411281E+001  0.9110596884E+001
  0.2380154752E+001  0.9206682049E+001
  0.2407986505E+001  0.9295484123E+001
  0.2432475980E+001  0.9378155950E+001
  0.2452719701E+001  0.9456015675E+001
  0.2468258752E+001  0.9530353682E+001
  0.2478959385E+001  0.9602326972E+001
  0.2484901005E+001  0.9672921239E+001

  0.3981749460E+001  0.1238100357E+000
  0.3968893629E+001  0.2509158949E+000
  0.3962511889E+001  0.3802292604E+000
  0.3963456753E+001  0.5102143773E+000
  0.3972131879E+001  0.6389327020E+000
  0.3988274025E+001  0.7642196777E+000
  0.4010832339E+001  0.8839964939E+000
  0.4038036919E+001  0.9966420789E+000
  0.4067675318E+001  0.1101285930E+001
  0.4097483497E+001  0.1197898832E+001
  0.4125496630E+001  0.1287162707E+001
  0.4150247536E+001  0.1370210048E+001
  0.4170798748E+001  0.1448354895E+001
  0.4186664808E+001  0.1522893785E+001
  0.4197693648E+001  0.1594994597E+001
  0.4203953249E+001  0.1665654907E+001
  0.4205643093E+001  0.1735702538E+001
  0.4203032889E+001  0.1805816306E+001
  0.4196423828E+001  0.1876553355E+001
  0.4186126184E+001  0.1948376085E+001
  0.4172447927E+001  0.2021675799E+001
  0.4155690519E+001  0.2096792285E+001
  0.4136149358E+001  0.2174029530E+001
  0.4114117332E+001  0.2253668050E+001
  0.4089890652E+001  0.2335974324E+001
  0.4063776563E+001  0.2421207661E+001
  0.4036102880E+001  0.2509624600E+001
  0.4007229437E+001  0.2601480627E+001
  0.3977561616E+001  0.2697028617E+001
  0.3947566048E+001  0.2796512938E+001
  0.3917788256E+001  0.2900157533E+001
  0.3888871299E+001  0.3008145625E+001
  0.3861573177E+001  0.3120587993E+001
  0.3836778464E+001  0.3237476516E+001
  0.3815496243E+001  0.3358620477E+001
  0.3798832008E+001  0.3483566483E+001
  0.3787917287E+001  0.3611510515E+001
  0.3783781164E+001  0.3741224021E+001
  0.3787159286E+001  0.3871033219E+001
  0.3798265112E+001  0.3998901851E+001
  0.3816591402E+001  0.4122653632E+001
  0.3840841535E+001  0.4240315203E+001
  0.3869067199E+001  0.4350479446E+001
  0.3898996081E+001  0.4452543913E+001
  0.3928426833E+001  0.4546727482E+001
  0.3955539339E+001  0.4633885675E+001
  0.3979037460E+001  0.4715235251E+001
  0.3998138530E+001  0.4792101961E+001
  0.4012475956E+001  0.4865749765E+001
  0.4021978657E+001  0.4937294560E+001
  0.4026764517E+001  0.5007678761E+001
  0.4027060703E+001  0.5077680224E+001
  0.4023150196E+001  0.5147936183E+001
  0.4015338871E+001  0.5218970977E+001
  0.4003937101E+001  0.5291222109E+001
  0.3989250988E+001  0.5365062635E+001
  0.3971579854E+001  0.5440819471E+001
  0.3951217797E+001  0.5518787979E+001
  0.3928458033E+001  0.5599243333E+001
  0.3903599348E+001  0.5682449115E+001
  0.3876954385E+001  0.5768663400E+001
  0.3848859769E+001  0.5858142347E+001
  0.3819688197E+001  0.5951140962E+001
  0.3789862656E+001  0.6047910311E+001
  0.3759872788E+001  0.6148689923E+001
  0.3730292996E+001  0.6253693514E+001
  0.3701801031E+001  0.6363085423E+001
  0.3675194190E+001  0.6476944571E+001
  0.3651397665E+001  0.6595212724E+001
  0.3631455785E+001  0.6717625252E+001
  0.3616492396E+001  0.6843627117E+001
  0.3607623545E+001  0.6972286208E+001
  0.3605808671E+001  0.7102231261E+001
  0.3611643080E+001  0.7231658454E+001
  0.3625129293E+001  0.7358456253E+001
  0.3645508524E+001  0.7480471860E+001
  0.3671252303E+001  0.7595875037E+001
  0.3700267818E+001  0.7703497365E+001
  0.3730263793E+001  0.7803005934E+001
  0.3759133362E+001  0.7894848241E+001
  0.3785215288E+001  0.7980024842E+001
  0.3807382859E+001  0.8059811016E+001
  0.3824997933E+001  0.8135527087E+001
  0.3837800401E+001  0.8208395983E+001
  0.3845789394E+001  0.8279479275E+001
  0.3849124712E+001  0.8349665258E+001
  0.3848055888E+001  0.8419684303E+001
  0.3842875914E+001  0.8490134889E+001
  0.3833893543E+001  0.8561511175E+001
  0.3821418391E+001  0.8634228020E+001
  0.3805754455E+001  0.8708642064E+001
  0.3787199083E+001  0.8785068813E+001
  0.3766045514E+001  0.8863796142E+001
  0.3742587942E+001  0.8945094743E+001
  0.3717128559E+001  0.9029225911E+001
  0.3689986422E+001  0.9116446851E+001
  0.3661508177E+001  0.9207013422E+001
  0.3632080812E+001  0.9301179883E+001
  0.3602146564E+001  0.9399194739E+001
  0.3572219911E+001  0.9501291270E+001

  0.5029245309E+001  0.1066866978E+000
  0.5059212058E+001  0.2052746385E+000
  0.5087834706E+001  0.2962888695E+000
  0.5113512303E+001  0.3807756164E+000
  0.5135178733E+001  0.4600255374E+000
  0.5152245686E+001  0.5353533031E+000
  0.5164488807E+001  0.6079652403E+000
  0.5171930289E+001  0.6789028188E+000
  0.5174743392E+001  0.7490350025E+000
  0.5173184620E+001  0.8190755261E+000
  0.5167549907E+001  0.8896094437E+000
  0.5158148674E+001  0.9611205545E+000
  0.5145290091E+001  0.1034016000E+001
  0.5129277363E+001  0.1108646875E+001
  0.5110407177E+001  0.1185324866E+001
  0.5088972585E+001  0.1264335387E+001
  0.5065268306E+001  0.1345947696E+001
  0.5039597995E+001  0.1430422390E+001
  0.5012283307E+001  0.1518016431E+001
  0.4983674854E+001  0.1608985572E+001
  0.4954165197E+001  0.1703583703E+001
  0.4924204010E+001  0.1802058177E+001
  0.4894315278E+001  0.1904639593E+001
  0.4865115847E+001  0.2011523868E+001
  0.4837333451E+001  0.2122843694E+001
  0.4811820384E+001  0.2238626071E+001
  0.4789555854E+001  0.2358733052E+001
  0.4771625817E+001  0.2482785366E+001
  0.4759164852E+001  0.2610075004E+001
  0.4753243374E+001  0.2739484800E+001
  0.4754691493E+001  0.2869449828E+001
  0.4763875122E+001  0.2998009607E+001
  0.4780481163E+001  0.3122994391E+001
  0.4803406855E+001  0.3242344136E+001
  0.4830842640E+001  0.3354479939E+001
  0.4860560240E+001  0.3458586548E+001
  0.4890305811E+001  0.3554687699E+001
  0.4918143174E+001  0.3643503726E+001
  0.4942640655E+001  0.3726186873E+001
  0.4962893750E+001  0.3804055173E+001
  0.4978442746E+001  0.3878399204E+001
  0.4989153347E+001  0.3950376302E+001
  0.4995104615E+001  0.4020972520E+001
  0.4996502269E+001  0.4091005095E+001
  0.4993619072E+001  0.4161143964E+001
  0.4986757360E+001  0.4231939222E+001
  0.4976227508E+001  0.4303847903E+001
  0.4962337126E+001  0.4377257354E+001
  0.4945387223E+001  0.4452504561E+001
  0.4925672892E+001  0.4529891618E+001
  0.4903487042E+001  0.4609697856E+001
  0.4879126349E+001  0.4692189096E+001
  0.4852899104E+001  0.4777624358E+001
  0.4825134858E+001  0.4866260089E+001
  0.4796196004E+001  0.4958351691E+001
  0.4766491455E+001  0.5054151717E+001
  0.4736492481E+001  0.5153903632E+001
  0.4706750455E+001  0.5257829429E+001
  0.4677915510E+001  0.5366108676E+001
  0.4650753727E+001  0.5478845926E+001
  0.4626158159E+001  0.5596023180E+001
  0.4605145477E+001  0.5717435028E+001
  0.4588825619E+001  0.5842607676E+001
  0.4578328020E+001  0.5970711064E+001
  0.4574668931E+001  0.6100487079E+001
  0.4578556758E+001  0.6230234092E+001
  0.4590162708E+001  0.6357898183E+001
  0.4608927645E+001  0.6481304959E+001
  0.4633505335E+001  0.6598507782E+001
  0.4661914463E+001  0.6708147362E+001
  0.4691875418E+001  0.6809677446E+001
  0.4721204050E+001  0.6903366236E+001
  0.4748112314E+001  0.6990101799E+001
  0.4771339577E+001  0.7071115112E+001
  0.4790134132E+001  0.7147732112E+001
  0.4804152551E+001  0.7221208841E+001
  0.4813339219E+001  0.7292650039E+001
  0.4817821366E+001  0.7362986757E+001
  0.4817831226E+001  0.7432986758E+001
  0.4813654111E+001  0.7503278986E+001
  0.4805596632E+001  0.7574381287E+001
  0.4793969067E+001  0.7646726274E+001
  0.4779077094E+001  0.7720683441E+001
  0.4761219608E+001  0.7796577214E+001
  0.4740690490E+001  0.7874701307E+001
  0.4717783103E+001  0.7955329895E+001
  0.4692796870E+001  0.8038726034E+001
  0.4666045685E+001  0.8125147593E+001
  0.4637868154E+001  0.8214850664E+001
  0.4608639827E+001  0.8308090124E+001
  0.4578787557E+001  0.8405116575E+001
  0.4548806001E+001  0.8506168370E+001
  0.4519275807E+001  0.8611456815E+001
  0.4490882155E+001  0.8721141883E+001
  0.4464430643E+001  0.8835295240E+001
  0.4440854839E+001  0.8953847368E+001
  0.4421205960E+001  0.9076517206E+001
  0.4406610645E+001  0.9202727448E+001
  0.4398179913E+001  0.9331518466E+001
  0.4396856118E+001  0.9461489245E+001

  0.5993909854E+001  0.7062466805E-001
  0.5984089438E+001  0.1422775444E+000
  0.5970847401E+001  0.2153582491E+000
  0.5954486137E+001  0.2902124933E+000
  0.5935301708E+001  0.3671482854E+000
  0.5913587046E+001  0.4464486853E+000
  0.5889637505E+001  0.5283816025E+000
  0.5863758335E+001  0.6132069989E+000
  0.5836273970E+001  0.7011816226E+000
  0.5807539204E+001  0.7925611100E+000
  0.5777952439E+001  0.8875989202E+000
  0.5747971095E+001  0.9865411023E+000
  0.5718129023E+001  0.1089615309E+001
  0.5689055115E+001  0.1197011789E+001
  0.5661491073E+001  0.1308853392E+001
  0.5636304188E+001  0.1425151269E+001
  0.5614487734E+001  0.1545743557E+001
  0.5597137241E+001  0.1670217225E+001
  0.5585386806E+001  0.1797820255E+001
  0.5580289078E+001  0.1927383969E+001
  0.5582632063E+001  0.2057292336E+001
  0.5592712490E+001  0.2185548043E+001
  0.5610127771E+001  0.2309975650E+001
  0.5633684158E+001  0.2428552427E+001
  0.5661505091E+001  0.2539777207E+001
  0.5691338612E+001  0.2642933316E+001
  0.5720952651E+001  0.2738136576E+001
  0.5748463701E+001  0.2826172376E+001
  0.5772503104E+001  0.2908225033E+001
  0.5792223751E+001  0.2985617599E+001
  0.5807210191E+001  0.3059629013E+001
  0.5817358383E+001  0.3131397573E+001
  0.5822766092E+001  0.3201888986E+001
  0.5823649448E+001  0.3271901994E+001
  0.5820286235E+001  0.3342091111E+001
  0.5812980588E+001  0.3412994246E+001
  0.5802042955E+001  0.3485059175E+001
  0.5787780268E+001  0.3558666453E+001
  0.5770492743E+001  0.3634148267E+001
  0.5750474978E+001  0.3711803489E+001
  0.5728019975E+001  0.3791909449E+001
  0.5703425330E+001  0.3874730874E+001
  0.5677001278E+001  0.3960526316E+001
  0.5649080567E+001  0.4049552078E+001
  0.5620030272E+001  0.4142063396E+001
  0.5590265722E+001  0.4238312182E+001
  0.5560266589E+001  0.4338540176E+001
  0.5530594804E+001  0.4442965694E+001
  0.5501913207E+001  0.4551761489E+001
  0.5475002310E+001  0.4665020584E+001
  0.5450770146E+001  0.4782706799E+001
  0.5430246505E+001  0.4904587845E+001
  0.5414548409E+001  0.5030152856E+001
  0.5404800168E+001  0.5158524881E+001
  0.5401993215E+001  0.5288393276E+001
  0.5406785221E+001  0.5418008081E+001
  0.5419270463E+001  0.5545286621E+001
  0.5438797293E+001  0.5668061670E+001
  0.5463933332E+001  0.5784437860E+001
  0.5492642570E+001  0.5893143009E+001
  0.5522636821E+001  0.5993730295E+001
  0.5551765616E+001  0.6086553019E+001
  0.5578299027E+001  0.6172553800E+001
  0.5601038986E+001  0.6252986116E+001
  0.5619287456E+001  0.6329174494E+001
  0.5632740703E+001  0.6402360130E+001
  0.5641369371E+001  0.6473627812E+001
  0.5645316410E+001  0.6543888597E+001
  0.5644822480E+001  0.6613892664E+001
  0.5640176691E+001  0.6684254569E+001
  0.5631686775E+001  0.6755480947E+001
  0.5619662757E+001  0.6827995987E+001
  0.5604409547E+001  0.6902163071E+001
  0.5586225301E+001  0.6978302367E+001
  0.5565403565E+001  0.7056704790E+001
  0.5542238034E+001  0.7137642834E+001
  0.5517029352E+001  0.7221378691E+001
  0.5490093730E+001  0.7308169897E+001
  0.5461773415E+001  0.7398272434E+001
  0.5432449160E+001  0.7491940919E+001
  0.5402554840E+001  0.7589425045E+001
  0.5372594181E+001  0.7690960929E+001
  0.5343159089E+001  0.7796755352E+001
  0.5314948068E+001  0.7906960169E+001
  0.5288781495E+001  0.8021633630E+001
  0.5265607664E+001  0.8140685495E+001
  0.5246489548E+001  0.8263804700E+001
  0.5232557759E+001  0.8390373577E+001
  0.5224912772E+001  0.8519383131E+001
  0.5224464416E+001  0.8649379780E+001
  0.5231716388E+001  0.8778490068E+001
  0.5246541371E+001  0.8904571094E+001
  0.5268034599E+001  0.9025500526E+001
  0.5294543120E+001  0.9139546819E+001
  0.5323907882E+001  0.9245687725E+001
  0.5353844807E+001  0.9343743369E+001
  0.5382313909E+001  0.9434282385E+001
  0.5407749733E+001  0.9518375819E+001
  0.5429121037E+001  0.9597321902E+001
  0.5445867773E+001  0.9672431205E+001

  0.6975823481E+001  0.1177622052E+000
  0.6955374415E+001  0.2397129616E+000
  0.6939770796E+001  0.3653357457E+000
  0.6930136003E+001  0.4937464966E+000
  0.6927457516E+001  0.6236266858E+000
  0.6932385129E+001  0.7532192293E+000
  0.6945001365E+001  0.8804374324E+000
  0.6964640664E+001  0.1003115571E+001
  0.6989857941E+001  0.1119366384E+001
  0.7018609418E+001  0.1227930996E+001
  0.7048606095E+001  0.1328377453E+001
  0.7077702896E+001  0.1421071552E+001
  0.7104178730E+001  0.1506963745E+001
  0.7126844864E+001  0.1587310593E+001
  0.7145011170E+001  0.1663436228E+001
  0.7158379719E+001  0.1736579536E+001
  0.7166924965E+001  0.1807822298E+001
  0.7170792126E+001  0.1878072591E+001
  0.7170223066E+001  0.1948077988E+001
  0.7165507429E+001  0.2018450927E+001
  0.7156953096E+001  0.2089696390E+001
  0.7144870046E+001  0.2162237332E+001
  0.7129563069E+001  0.2236436237E+001
  0.7111330217E+001  0.2312612654E+001
  0.7090464989E+001  0.2391057093E+001
  0.7067261137E+001  0.2472041802E+001
  0.7042019500E+001  0.2555828852E+001
  0.7015056647E+001  0.2642675732E+001
  0.6986715385E+001  0.2732838410E+001
  0.6957377265E+001  0.2826571459E+001
  0.6927477231E+001  0.2924124426E+001
  0.6897520391E+001  0.3025733076E+001
  0.6868100358E+001  0.3131603482E+001
  0.6839917652E+001  0.3241886238E+001
  0.6813794872E+001  0.3356637521E+001
  0.6790682506E+001  0.3475763904E+001
  0.6771645234E+001  0.3598949725E+001
  0.6757814153E+001  0.3725571167E+001
  0.6750287974E+001  0.3854611770E+001
  0.6749971397E+001  0.3984610100E+001
  0.6757358941E+001  0.4113686279E+001
  0.6772310576E+001  0.4239694905E+001
  0.6793907585E+001  0.4360517229E+001
  0.6820485514E+001  0.4474431742E+001
  0.6849879654E+001  0.4580430454E+001
  0.6879807289E+001  0.4678347981E+001
  0.6908235259E+001  0.4768764113E+001
  0.6933607390E+001  0.4852756148E+001
  0.6954901466E+001  0.4931624126E+001
  0.6971564709E+001  0.5006677457E+001
  0.6983397970E+001  0.5079109832E+001
  0.6990439535E+001  0.5149947933E+001
  0.6992871962E+001  0.5220046707E+001
  0.6990956493E+001  0.5290107920E+001
  0.6984991006E+001  0.5360707019E+001
  0.6975285294E+001  0.5432320417E+001
  0.6962148158E+001  0.5505349773E+001
  0.6945882214E+001  0.5580142253E+001
  0.6926783692E+001  0.5657006859E+001
  0.6905145549E+001  0.5736227284E+001
  0.6881262954E+001  0.5818071797E+001
  0.6855440709E+001  0.5902800529E+001
  0.6828002466E+001  0.5990670283E+001
  0.6799301856E+001  0.6081936729E+001
  0.6769735654E+001  0.6176853451E+001
  0.6739759130E+001  0.6275666869E+001
  0.6709903400E+001  0.6378605473E+001
  0.6680794023E+001  0.6485861104E+001
  0.6653168845E+001  0.6597559375E+001
  0.6627891037E+001  0.6713715873E+001
  0.6605950037E+001  0.6834175407E+001
  0.6588438828E+001  0.6958534338E+001
  0.6576491796E+001  0.7086052849E+001
  0.6571166715E+001  0.7215576458E+001
  0.6573263467E+001  0.7345503096E+001
  0.6583098079E+001  0.7473845298E+001
  0.6600292688E+001  0.7598428736E+001
  0.6623678404E+001  0.7717219912E+001
  0.6651396647E+001  0.7828695930E+001
  0.6681201410E+001  0.7932112960E+001
  0.6710854176E+001  0.8027561756E+001
  0.6738456737E+001  0.8115810218E+001
  0.6762623116E+001  0.8198034220E+001
  0.6782490569E+001  0.8275555690E+001
  0.6797631654E+001  0.8349656895E+001
  0.6807934174E+001  0.8421481408E+001
  0.6813490872E+001  0.8492000514E+001
  0.6814515097E+001  0.8562018003E+001
  0.6811283301E+001  0.8632192586E+001
  0.6804099154E+001  0.8703065485E+001
  0.6793273096E+001  0.8775086985E+001
  0.6779112252E+001  0.8848639480E+001
  0.6761917052E+001  0.8924056456E+001
  0.6741982225E+001  0.9001637654E+001
  0.6719600740E+001  0.9081660939E+001
  0.6695069929E+001  0.9164391332E+001
  0.6668699480E+001  0.9250087507E+001
  0.6640821247E+001  0.9339005805E+001
  0.6611801001E+001  0.9431401510E+001
  0.6582052286E+001  0.9527526720E+001

  0.8026212109E+001  0.1145919610E+000
  0.8055446835E+001  0.2213247751E+000
  0.8085415678E+001  0.3199578503E+000
  0.8114050982E+001  0.4110124953E+000
  0.8139748809E+001  0.4955327776E+000
  0.8161440082E+001  0.5748086693E+000
  0.8178534074E+001  0.6501551611E+000
  0.8190804709E+001  0.7227794142E+000
  0.8198273075E+001  0.7937238896E+000
  0.8201111792E+001  0.8638584968E+000
  0.8199577033E+001  0.9338977806E+000
  0.8193964597E+001  0.1004427447E+001
  0.8184583876E+001  0.1075931797E+001
  0.8171744064E+001  0.1148818346E+001
  0.8155748405E+001  0.1223438455E+001
  0.8136893617E+001  0.1300103995E+001
  0.8115472760E+001  0.1379100499E+001
  0.8091780525E+001  0.1460697292E+001
  0.8066120492E+001  0.1545155004E+001
  0.8038814185E+001  0.1632730608E+001
  0.8010212018E+001  0.1723679863E+001
  0.7980706271E+001  0.1818256678E+001
  0.7950746247E+001  0.1916708465E+001
  0.7920855459E+001  0.2019265962E+001
  0.7891650172E+001  0.2126125350E+001
  0.7863857445E+001  0.2237419787E+001
  0.7838328843E+001  0.2353177023E+001
  0.7816042881E+001  0.2473260247E+001
  0.7798085031E+001  0.2597291802E+001
  0.7785589854E+001  0.2724565793E+001
  0.7779628570E+001  0.2853967546E+001
  0.7781033255E+001  0.2983934642E+001
  0.7790173115E+001  0.3112508458E+001
  0.7806739369E+001  0.3237519640E+001
  0.7829633715E+001  0.3356906463E+001
  0.7857049963E+001  0.3469086337E+001
  0.7886761130E+001  0.3573239238E+001
  0.7916512431E+001  0.3669384361E+001
  0.7944365187E+001  0.3758238780E+001
  0.7968884661E+001  0.3840953081E+001
  0.7989163524E+001  0.3918844988E+001
  0.8004739863E+001  0.3993205612E+001
  0.8015477872E+001  0.4065193201E+001
  0.8021455674E+001  0.4135794801E+001
  0.8022878459E+001  0.4205828559E+001
  0.8020018734E+001  0.4275965170E+001
  0.8013178739E+001  0.4346755335E+001
  0.8002668844E+001  0.4418656543E+001
  0.7988796690E+001  0.4492056481E+001
  0.7971863323E+001  0.4567292372E+001
  0.7952163864E+001  0.4644666472E+001
  0.7929991218E+001  0.4724458213E+001
  0.7905642021E+001  0.4806933470E+001
  0.7879424471E+001  0.4892351288E+001
  0.7851667966E+001  0.4980968122E+001
  0.7822734679E+001  0.5073039382E+001
  0.7793033215E+001  0.5168817648E+001
  0.7763034441E+001  0.5268546466E+001
  0.7733289223E+001  0.5372448001E+001
  0.7704447080E+001  0.5480702140E+001
  0.7677273397E+001  0.5593413982E+001
  0.7652660495E+001  0.5710566388E+001
  0.7631624397E+001  0.5831955231E+001
  0.7615274668E+001  0.5957108489E+001
  0.7604740949E+001  0.6085198358E+001
  0.7601040627E+001  0.6214969277E+001
  0.7604884499E+001  0.6344722002E+001
  0.7616447444E+001  0.6472404095E+001
  0.7635174813E+001  0.6595840940E+001
  0.7659724619E+001  0.6713083533E+001
  0.7688118333E+001  0.6822768419E+001
  0.7718076903E+001  0.6924344505E+001
  0.7747414644E+001  0.7018075776E+001
  0.7774340726E+001  0.7104847543E+001
  0.7797591457E+001  0.7185889603E+001
  0.7816412483E+001  0.7262527904E+001
  0.7830458399E+001  0.7336019184E+001
  0.7839672278E+001  0.7407469150E+001
  0.7844180556E+001  0.7477809828E+001
  0.7844215040E+001  0.7547809847E+001
  0.7840060845E+001  0.7618098862E+001
  0.7832024524E+001  0.7689195271E+001
  0.7820416363E+001  0.7761532108E+001
  0.7805542078E+001  0.7835479169E+001
  0.7787700600E+001  0.7911361091E+001
  0.7767185827E+001  0.7989471731E+001
  0.7744291109E+001  0.8070085347E+001
  0.7719315814E+001  0.8153465039E+001
  0.7692573724E+001  0.8239868693E+001
  0.7664403274E+001  0.8329552407E+001
  0.7635179765E+001  0.8422771071E+001
  0.7605329715E+001  0.8519775326E+001
  0.7575347343E+001  0.8620803631E+001
  0.7545812759E+001  0.8726067502E+001
  0.7517410499E+001  0.8835727295E+001
  0.7490945443E+001  0.8949855310E+001
  0.7467350439E+001  0.9068383014E+001
  0.7447676119E+001  0.9191030776E+001
  0.7433048895E+001  0.9317223224E+001
  0.7424580244E+001  0.9446003112E+001

  0.9002360346E+001  0.7009299805E-001
  0.9000377381E+001  0.1401586057E+000
  0.8994349328E+001  0.2107704688E+000
  0.8984586044E+001  0.2824036170E+000
  0.8971396254E+001  0.3554586835E+000
  0.8955082463E+001  0.4302821031E+000
  0.8935940815E+001  0.5071823778E+000
  0.8914264254E+001  0.5864428813E+000
  0.8890348042E+001  0.6683317022E+000
  0.8864497204E+001  0.7531088854E+000
  0.8837035782E+001  0.8410312063E+000
  0.8808317990E+001  0.9323543178E+000
  0.8778741415E+001  0.1027331742E+001
  0.8748762405E+001  0.1126209716E+001
  0.8718913445E+001  0.1229216309E+001
  0.8689821764E+001  0.1336542569E+001
  0.8662227139E+001  0.1448312729E+001
  0.8636994808E+001  0.1564540158E+001
  0.8615116136E+001  0.1685066329E+001
  0.8597685390E+001  0.1809482904E+001
  0.8585836828E+001  0.1937043956E+001
  0.8580625676E+001  0.2066587887E+001
  0.8582845891E+001  0.2196505619E+001
  0.8592803845E+001  0.2324804720E+001
  0.8610109289E+001  0.2449310262E+001
  0.8633580852E+001  0.2567994099E+001
  0.8661350894E+001  0.2679344198E+001
  0.8691170372E+001  0.2782630342E+001
  0.8720803958E+001  0.2877955882E+001
  0.8748360797E+001  0.2966097525E+001
  0.8772463597E+001  0.3048235413E+001
  0.8792257469E+001  0.3125692063E+001
  0.8807321001E+001  0.3199748085E+001
  0.8817546102E+001  0.3271544409E+001
  0.8823028043E+001  0.3342049523E+001
  0.8823981576E+001  0.3412064680E+001
  0.8820683826E+001  0.3482246484E+001
  0.8813438698E+001  0.3553134491E+001
  0.8802556638E+001  0.3625177725E+001
  0.8788344674E+001  0.3698757655E+001
  0.8771103128E+001  0.3774207114E+001
  0.8751126664E+001  0.3851825405E+001
  0.8728708267E+001  0.3931890123E+001
  0.8704145399E+001  0.4014666142E+001
  0.8677748022E+001  0.4100412073E+001
  0.8649848436E+001  0.4189384240E+001
  0.8620813065E+001  0.4281837900E+001
  0.8591056347E+001  0.4378025061E+001
  0.8561056788E+001  0.4478187708E+001
  0.8531374861E+001  0.4582544676E+001
  0.8502671650E+001  0.4691269680E+001
  0.8475725684E+001  0.4804457360E+001
  0.8451442948E+001  0.4922074077E+001
  0.8430851462E+001  0.5043891289E+001
  0.8415067339E+001  0.5169403276E+001
  0.8405215702E+001  0.5297739564E+001
  0.8402291541E+001  0.5427596712E+001
  0.8406959663E+001  0.5557231297E+001
  0.8419325032E+001  0.5684564384E+001
  0.8438748706E+001  0.5807427475E+001
  0.8463809958E+001  0.5923917885E+001
  0.8492479980E+001  0.6032751335E+001
  0.8522471433E+001  0.6133467405E+001
  0.8551629000E+001  0.6226407922E+001
  0.8578214703E+001  0.6312508268E+001
  0.8601021938E+001  0.6393019040E+001
  0.8619345408E+001  0.6469265083E+001
  0.8632876046E+001  0.6542489687E+001
  0.8641580981E+001  0.6613780384E+001
  0.8645601076E+001  0.6684050956E+001
  0.8645175875E+001  0.6754053970E+001
  0.8640593994E+001  0.6824405928E+001
  0.8632163024E+001  0.6895614979E+001
  0.8620193030E+001  0.6968106449E+001
  0.8604989029E+001  0.7042244540E+001
  0.8586849277E+001  0.7118349992E+001
  0.8566067361E+001  0.7196714097E+001
  0.8542936926E+001  0.7277609569E+001
  0.8517758442E+001  0.7361298716E+001
  0.8490847794E+001  0.7448039115E+001
  0.8462546721E+001  0.7538086765E+001
  0.8433235252E+001  0.7631696320E+001
  0.8403346287E+001  0.7729117604E+001
  0.8373382297E+001  0.7830587053E+001
  0.8343933630E+001  0.7936312087E+001
  0.8315696954E+001  0.8046445702E+001
  0.8289490618E+001  0.8161048028E+001
  0.8266260908E+001  0.8280031720E+001
  0.8247069222E+001  0.8403089891E+001
  0.8233045705E+001  0.8529610467E+001
  0.8225292403E+001  0.8658591259E+001
  0.8224723770E+001  0.8788585869E+001
  0.8231851830E+001  0.8917726747E+001
  0.8246560840E+001  0.9043873354E+001
  0.8267958788E+001  0.9164900189E+001
  0.8294403300E+001  0.9279066622E+001
  0.8323740599E+001  0.9385337417E+001
  0.8353685464E+001  0.9483519426E+001
  0.8382191732E+001  0.9574171022E+001
  0.8407685483E+001  0.9658357463E+001

