 -0.1620906918E-001  0.7475587046E-001
 -0.3525632066E-001  0.1515782474E+000
 -0.5684877980E-001  0.2307512047E+000
 -0.8069138199E-001  0.3125432306E+000
 -0.1064795919E+000  0.3972145572E+000
 -0.1338902119E+000  0.4850220221E+000
 -0.1625703015E+000  0.5762213142E+000
 -0.1921240435E+000  0.6710660898E+000
 -0.2220974411E+000  0.7698029860E+000
 -0.2519609956E+000  0.8726609779E+000
 -0.2810911230E+000  0.9798328449E+000
 -0.3087522651E+000  0.1091445821E+001
 -0.3340837032E+000  0.1207518103E+001
 -0.3560982920E+000  0.1327898434E+001
 -0.3737045951E+000  0.1452188722E+001
 -0.3857681113E+000  0.1579656368E+001
 -0.3912281046E+000  0.1709155325E+001
 -0.3892777377E+000  0.1839091859E+001
 -0.3795896052E+000  0.1967484465E+001
 -0.3625269059E+000  0.2092159641E+001
 -0.3392436870E+000  0.2211077667E+001
 -0.3115876718E+000  0.2322702848E+001
 -0.2818011286E+000  0.2426275220E+001
 -0.2521262444E+000  0.2521870535E+001
 -0.2244698949E+000  0.2610246150E+001
 -0.2002283601E+000  0.2692572780E+001
 -0.1802737378E+000  0.2770171596E+001
 -0.1650406641E+000  0.2844326800E+001
 -0.1546462457E+000  0.2916185086E+001
 -0.1490007694E+000  0.2986721064E+001
 -0.1478925699E+000  0.3056741540E+001
 -0.1510460025E+000  0.3126907736E+001
 -0.1581576865E+000  0.3197762857E+001
 -0.1689171889E+000  0.3269758695E+001
 -0.1830172750E+000  0.3343278748E+001
 -0.2001573842E+000  0.3418657281E+001
 -0.2200427067E+000  0.3496194557E+001
 -0.2423802926E+000  0.3576168767E+001
 -0.2668729616E+000  0.3658845108E+001
 -0.2932113472E+000  0.3744482328E+001
 -0.3210641216E+000  0.3833336793E+001
 -0.3500662833E+000  0.3925663813E+001
 -0.3798053411E+000  0.4021715593E+001
 -0.4098053350E+000  0.4121734649E+001
 -0.4395089894E+000  0.4225940944E+001
 -0.4682590614E+000  0.4334510270E+001
 -0.4952813791E+000  0.4447540786E+001
 -0.5196744667E+000  0.4565004385E+001
 -0.5404142286E+000  0.4686680692E+001
 -0.5563866206E+000  0.4812075232E+001
 -0.5664648589E+000  0.4940331720E+001
 -0.5696463027E+000  0.5070162550E+001
 -0.5652506588E+000  0.5199838775E+001
 -0.5531496187E+000  0.5327289910E+001
 -0.5339542135E+000  0.5450344984E+001
 -0.5090593647E+000  0.5567085549E+001
 -0.4804777178E+000  0.5676200890E+001
 -0.4504943812E+000  0.5777200654E+001
 -0.4212750780E+000  0.5870401218E+001
 -0.3945753949E+000  0.5956721784E+001
 -0.3716207551E+000  0.6037406388E+001
 -0.3531325265E+000  0.6113780441E+001
 -0.3394316265E+000  0.6187091766E+001
 -0.3305587407E+000  0.6258433925E+001
 -0.3263776780E+000  0.6328726708E+001
 -0.3266513874E+000  0.6398727957E+001
 -0.3310923711E+000  0.6469058483E+001
 -0.3393933599E+000  0.6540229789E+001
 -0.3512442066E+000  0.6612669720E+001
 -0.3663396612E+000  0.6686744303E+001
 -0.3843812474E+000  0.6762775549E+001
 -0.4050752809E+000  0.6841055581E+001
 -0.4281282225E+000  0.6921857616E+001
 -0.4532399774E+000  0.7005444214E+001
 -0.4800953680E+000  0.7092073051E+001
 -0.5083537618E+000  0.7182000158E+001
 -0.5376367103E+000  0.7275480270E+001
 -0.5675134423E+000  0.7372763493E+001
 -0.5974842359E+000  0.7474086948E+001
 -0.6269621486E+000  0.7579659439E+001
 -0.6552545399E+000  0.7689636443E+001
 -0.6815475207E+000  0.7804082174E+001
 -0.7048992301E+000  0.7922915593E+001
 -0.7242517732E+000  0.8045838923E+001
 -0.7384761221E+000  0.8172252327E+001
 -0.7464669195E+000  0.8301168536E+001
 -0.7472997237E+000  0.8431156975E+001
 -0.7404444048E+000  0.8560363217E+001
 -0.7259913777E+000  0.8686652188E+001
 -0.7048045689E+000  0.8807891754E+001
 -0.6785028634E+000  0.8922321594E+001
 -0.6492280745E+000  0.9028878021E+001
 -0.6192675976E+000  0.9127338599E+001
 -0.5906809701E+000  0.9218238888E+001
 -0.5650606887E+000  0.9302631160E+001
 -0.5434645129E+000  0.9381807971E+001
 -0.5264739554E+000  0.9457083066E+001
 -0.5143085271E+000  0.9529660404E+001
 -0.5069429339E+000  0.9600578657E+001
 -0.5042021166E+000  0.9670704121E+001

  0.9837909308E+000  0.1252441295E+000
  0.9734272072E+000  0.2533971619E+000
  0.9699208125E+000  0.3831915439E+000
  0.9739712561E+000  0.5129168514E+000
  0.9857360941E+000  0.6405137459E+000
  0.1004639592E+001  0.7638087619E+000
  0.1029319842E+001  0.8808641209E+000
  0.1057785325E+001  0.9903359873E+000
  0.1087754481E+001  0.1091696022E+001
  0.1117048920E+001  0.1185227960E+001
  0.1143890940E+001  0.1271829976E+001
  0.1167031200E+001  0.1352737350E+001
  0.1185727765E+001  0.1429275925E+001
  0.1199644475E+001  0.1502699146E+001
  0.1208730549E+001  0.1574108181E+001
  0.1213116122E+001  0.1644430467E+001
  0.1213034996E+001  0.1714430576E+001
  0.1208773198E+001  0.1784734835E+001
  0.1200637557E+001  0.1855859043E+001
  0.1188938313E+001  0.1928234277E+001
  0.1173981009E+001  0.2002228911E+001
  0.1156064403E+001  0.2078166592E+001
  0.1135482312E+001  0.2156340517E+001
  0.1112528151E+001  0.2237024552E+001
  0.1087501557E+001  0.2320481590E+001
  0.1060716828E+001  0.2406969437E+001
  0.1032513214E+001  0.2496744166E+001
  0.1003267187E+001  0.2590060610E+001
  0.9734068486E+000  0.2687169214E+001
  0.9434284681E+000  0.2788307945E+001
  0.9139147028E+000  0.2893687318E+001
  0.8855531150E+000  0.3003465883E+001
  0.8591519547E+000  0.3117712944E+001
  0.8356474518E+000  0.3236355324E+001
  0.8160929829E+000  0.3359106648E+001
  0.8016159944E+000  0.3485382432E+001
  0.7933257637E+000  0.3614214221E+001
  0.7921590081E+000  0.3744191524E+001
  0.7986684003E+000  0.3873476807E+001
  0.8127953497E+000  0.3999942432E+001
  0.8337115587E+000  0.4121448529E+001
  0.8598283483E+000  0.4236210415E+001
  0.8890197646E+000  0.4343128596E+001
  0.9189963416E+000  0.4441943342E+001
  0.9476820137E+000  0.4533160846E+001
  0.9734608460E+000  0.4617816408E+001
  0.9952518261E+000  0.4697197164E+001
  0.1012454476E+001  0.4772619353E+001
  0.1024835759E+001  0.4845293470E+001
  0.1032412289E+001  0.4916265963E+001
  0.1035354087E+001  0.4986410548E+001
  0.1033915989E+001  0.5056445036E+001
  0.1028393236E+001  0.5126957764E+001
  0.1019095099E+001  0.5198435060E+001
  0.1006330867E+001  0.5271285946E+001
  0.9904039410E+000  0.5345862866E+001
  0.9716111677E+000  0.5422478434E+001
  0.9502456382E+000  0.5501418658E+001
  0.9266019343E+000  0.5582953143E+001
  0.9009833370E+000  0.5667342650E+001
  0.8737108469E+000  0.5754844199E+001
  0.8451340800E+000  0.5845713569E+001
  0.8156442023E+000  0.5940204748E+001
  0.7856890278E+000  0.6038565383E+001
  0.7557901712E+000  0.6141026760E+001
  0.7265615712E+000  0.6247786119E+001
  0.6987275765E+000  0.6358978471E+001
  0.6731368224E+000  0.6474634566E+001
  0.6507650362E+000  0.6594622142E+001
  0.6326957161E+000  0.6718569995E+001
  0.6200633210E+000  0.6845780702E+001
  0.6139422409E+000  0.6975149604E+001
  0.6151723984E+000  0.7105124372E+001
  0.6241361590E+000  0.7233753919E+001
  0.6405420615E+000  0.7358870574E+001
  0.6633097658E+000  0.7478405969E+001
  0.6906467163E+000  0.7590762795E+001
  0.7203312679E+000  0.7695101849E+001
  0.7501049759E+000  0.7791424036E+001
  0.7780191632E+000  0.7880433215E+001
  0.8026267816E+000  0.7963273229E+001
  0.8230091106E+000  0.8041260490E+001
  0.8386953638E+000  0.8115688211E+001
  0.8495436154E+000  0.8187718309E+001
  0.8556281809E+000  0.8258341820E+001
  0.8571521125E+000  0.8328380552E+001
  0.8543868712E+000  0.8398508266E+001
  0.8476343094E+000  0.8469278095E+001
  0.8372047640E+000  0.8541149380E+001
  0.8234060028E+000  0.8614511171E+001
  0.8065392303E+000  0.8689701657E+001
  0.7868996700E+000  0.8767023746E+001
  0.7647802182E+000  0.8846757274E+001
  0.7404773460E+000  0.8929168346E+001
  0.7142988859E+000  0.9014516103E+001
  0.6865736322E+000  0.9103057032E+001
  0.6576628639E+000  0.9195046572E+001
  0.6279739571E+000  0.9290737417E+001
  0.5979761653E+000  0.9390373431E+001
  0.5682183200E+000  0.9494177461E+001

  0.2029699775E+001  0.1042336002E+000
  0.2059460915E+001  0.2004554366E+000
  0.2087340395E+001  0.2893768718E+000
  0.2111898140E+001  0.3721455864E+000
  0.2132221886E+001  0.4500787484E+000
  0.2147845883E+001  0.5244683853E+000
  0.2158631679E+001  0.5964743393E+000
  0.2164655751E+001  0.6670853864E+000
  0.2166122368E+001  0.7371212573E+000
  0.2163303584E+001  0.8072539765E+000
  0.2156501473E+001  0.8780352961E+000
  0.2146026391E+001  0.9499235074E+000
  0.2132186035E+001  0.1023306886E+001
  0.2115281519E+001  0.1098523074E+001
  0.2095608009E+001  0.1175874608E+001
  0.2073458404E+001  0.1255641096E+001
  0.2049129270E+001  0.1338088511E+001
  0.2022928645E+001  0.1423475939E+001
  0.1995185665E+001  0.1512059851E+001
  0.1966262115E+001  0.1604095667E+001
  0.1936566065E+001  0.1699836019E+001
  0.1906567681E+001  0.1799524591E+001
  0.1876816947E+001  0.1903383844E+001
  0.1847962317E+001  0.2011594222E+001
  0.1820767957E+001  0.2124261769E+001
  0.1796124915E+001  0.2241370846E+001
  0.1775048082E+001  0.2362719548E+001
  0.1758646370E+001  0.2487838940E+001
  0.1748049762E+001  0.2615905146E+001
  0.1744277619E+001  0.2745667050E+001
  0.1748044878E+001  0.2875429573E+001
  0.1759532813E+001  0.3003142879E+001
  0.1778194585E+001  0.3126631989E+001
  0.1802695628E+001  0.3243943803E+001
  0.1831062293E+001  0.3353707629E+001
  0.1861016536E+001  0.3455363930E+001
  0.1890370018E+001  0.3549169327E+001
  0.1917327061E+001  0.3636004305E+001
  0.1940618647E+001  0.3717096581E+001
  0.1959485793E+001  0.3793772113E+001
  0.1973579641E+001  0.3867288846E+001
  0.1982840965E+001  0.3938754167E+001
  0.1987394813E+001  0.4009101807E+001
  0.1987472245E+001  0.4079101907E+001
  0.1983358031E+001  0.4149385359E+001
  0.1975358618E+001  0.4220471532E+001
  0.1963784308E+001  0.4292794188E+001
  0.1948940880E+001  0.4366723656E+001
  0.1931127330E+001  0.4442584943E+001
  0.1910637588E+001  0.4520672151E+001
  0.1887764980E+001  0.4601259686E+001
  0.1862808776E+001  0.4684610726E+001
  0.1836082568E+001  0.4770983188E+001
  0.1807924491E+001  0.4860633179E+001
  0.1778709413E+001  0.4953815608E+001
  0.1748863270E+001  0.5050781189E+001
  0.1718879522E+001  0.5151768560E+001
  0.1689337337E+001  0.5256989604E+001
  0.1660920132E+001  0.5366605343E+001
  0.1634431537E+001  0.5480689176E+001
  0.1610803145E+001  0.5599174281E+001
  0.1591084561E+001  0.5721783514E+001
  0.1576401797E+001  0.5847944868E+001
  0.1567867120E+001  0.5976705245E+001
  0.1566427007E+001  0.6106670660E+001
  0.1572652293E+001  0.6236017649E+001
  0.1586510270E+001  0.6362625101E+001
  0.1607201903E+001  0.6484347355E+001
  0.1633163655E+001  0.6599380234E+001
  0.1662283168E+001  0.6706595075E+001
  0.1692269855E+001  0.6805701411E+001
  0.1721034447E+001  0.6897180952E+001
  0.1746941871E+001  0.6982054637E+001
  0.1768891928E+001  0.7061604821E+001
  0.1786268396E+001  0.7137149589E+001
  0.1798826952E+001  0.7209904724E+001
  0.1806576942E+001  0.7280923046E+001
  0.1809684149E+001  0.7351084392E+001
  0.1808401215E+001  0.7421111837E+001
  0.1803022462E+001  0.7491597958E+001
  0.1793856955E+001  0.7563032359E+001
  0.1781214125E+001  0.7635826498E+001
  0.1765397626E+001  0.7710334571E+001
  0.1746704512E+001  0.7786870396E+001
  0.1725427932E+001  0.7865720759E+001
  0.1701862299E+001  0.7947155714E+001
  0.1676310425E+001  0.8031436242E+001
  0.1649092485E+001  0.8118819439E+001
  0.1620556832E+001  0.8209561119E+001
  0.1591092859E+001  0.8303915386E+001
  0.1561146017E+001  0.8402130258E+001
  0.1531234901E+001  0.8504437875E+001
  0.1501969741E+001  0.8611037148E+001
  0.1474070561E+001  0.8722066009E+001
  0.1448381306E+001  0.8837559949E+001
  0.1425873219E+001  0.8957393910E+001
  0.1407626576E+001  0.9081206932E+001
  0.1394775554E+001  0.9208315071E+001
  0.1388399431E+001  0.9337629659E+001
  0.1389350449E+001  0.9467614581E+001

  0.2991490134E+001  0.7123227176E-001
  0.2979447834E+001  0.1437553180E+000
  0.2964177971E+001  0.2179322413E+000
  0.2945978670E+001  0.2940830183E+000
  0.2925143461E+001  0.3724984385E+000
  0.2901966058E+001  0.4534509187E+000
  0.2876747165E+001  0.5372026138E+000
  0.2849803103E+001  0.6240110446E+000
  0.2821476291E+001  0.7141321896E+000
  0.2792147731E+001  0.8078206517E+000
  0.2762251625E+001  0.9053260791E+000
  0.2732292130E+001  0.1006884480E+001
  0.2702861676E+001  0.1112702418E+001
  0.2674659393E+001  0.1222931359E+001
  0.2648506345E+001  0.1337628912E+001
  0.2625351505E+001  0.1456703854E+001
  0.2606258376E+001  0.1579843699E+001
  0.2592357724E+001  0.1706428880E+001
  0.2584749483E+001  0.1835448092E+001
  0.2584341901E+001  0.1965445323E+001
  0.2591635843E+001  0.2094545124E+001
  0.2606500059E+001  0.2220603809E+001
  0.2628025467E+001  0.2341500144E+001
  0.2654555544E+001  0.2455505679E+001
  0.2683929476E+001  0.2561602575E+001
  0.2713863592E+001  0.2659615447E+001
  0.2742320013E+001  0.2750116389E+001
  0.2767736155E+001  0.2834178393E+001
  0.2789083571E+001  0.2913100257E+001
  0.2805804469E+001  0.2988192194E+001
  0.2817696157E+001  0.3060649722E+001
  0.2824794669E+001  0.3131501632E+001
  0.2827281263E+001  0.3201604863E+001
  0.2825416527E+001  0.3271662873E+001
  0.2819498071E+001  0.3342252468E+001
  0.2809835641E+001  0.3413851105E+001
  0.2796738094E+001  0.3486861213E+001
  0.2780508128E+001  0.3561630513E+001
  0.2761442038E+001  0.3638468385E+001
  0.2739832791E+001  0.3717658760E+001
  0.2715975492E+001  0.3799470049E+001
  0.2690174770E+001  0.3884162443E+001
  0.2662753993E+001  0.3971992770E+001
  0.2634066351E+001  0.4063216709E+001
  0.2604508015E+001  0.4158087893E+001
  0.2574533447E+001  0.4256852878E+001
  0.2544672739E+001  0.4359740462E+001
  0.2515550200E+001  0.4466943081E+001
  0.2487902228E+001  0.4578587376E+001
  0.2462590440E+001  0.4694690588E+001
  0.2440602827E+001  0.4815100018E+001
  0.2423031393E+001  0.4939415542E+001
  0.2411010604E+001  0.5066901914E+001
  0.2405600115E+001  0.5196409991E+001
  0.2407604219E+001  0.5326342976E+001
  0.2417346153E+001  0.5454717167E+001
  0.2434457339E+001  0.5579358744E+001
  0.2457778273E+001  0.5698230258E+001
  0.2485457234E+001  0.5809800698E+001
  0.2515250564E+001  0.5913316026E+001
  0.2544917407E+001  0.6008857506E+001
  0.2572554065E+001  0.6097186381E+001
  0.2596768039E+001  0.6179475270E+001
  0.2616690671E+001  0.6257045631E+001
  0.2631889971E+001  0.6331180958E+001
  0.2642250641E+001  0.6403026802E+001
  0.2647863509E+001  0.6473556551E+001
  0.2648940862E+001  0.6543575902E+001
  0.2645758642E+001  0.6613745155E+001
  0.2638620337E+001  0.6684606785E+001
  0.2627836383E+001  0.6756612029E+001
  0.2613713974E+001  0.6830143981E+001
  0.2596553623E+001  0.6905536617E+001
  0.2576650110E+001  0.6983090010E+001
  0.2554296393E+001  0.7063082229E+001
  0.2529789705E+001  0.7145778407E+001
  0.2503439532E+001  0.7231437264E+001
  0.2475577394E+001  0.7320315157E+001
  0.2446568574E+001  0.7412667387E+001
  0.2416825950E+001  0.7508746120E+001
  0.2386825988E+001  0.7608793766E+001
  0.2357126599E+001  0.7713030067E+001
  0.2328385788E+001  0.7821630405E+001
  0.2301378595E+001  0.7934692240E+001
  0.2277007396E+001  0.8052186371E+001
  0.2256297069E+001  0.8173890804E+001
  0.2240362081E+001  0.8299308832E+001
  0.2230328895E+001  0.8427581348E+001
  0.2227198651E+001  0.8557417594E+001
  0.2231648576E+001  0.8687085728E+001
  0.2243802348E+001  0.8814513557E+001
  0.2263043379E+001  0.8937530567E+001
  0.2287971588E+001  0.9054221415E+001
  0.2316571074E+001  0.9163280633E+001
  0.2346556243E+001  0.9264223832E+001
  0.2375763417E+001  0.9357372485E+001
  0.2402440508E+001  0.9443649044E+001
  0.2425365845E+001  0.9524298878E+001
  0.2443821273E+001  0.9600647299E+001
  0.2457488249E+001  0.9673941237E+001

  0.3977382932E+001  0.1197095980E+000
  0.3958994248E+001  0.2434131061E+000
  0.3945967791E+001  0.3704373806E+000
  0.3939386615E+001  0.4997066157E+000
  0.3940112689E+001  0.6296978280E+000
  0.3948565819E+001  0.7584822786E+000
  0.3964504317E+001  0.8838981061E+000
  0.3986900053E+001  0.1003858843E+001
  0.4014000800E+001  0.1116725448E+001
  0.4043601560E+001  0.1221603457E+001
  0.4073434344E+001  0.1318440385E+001
  0.4101522103E+001  0.1407901041E+001
  0.4126382214E+001  0.1491108932E+001
  0.4147062726E+001  0.1569376091E+001
  0.4163066797E+001  0.1644001503E+001
  0.4174234453E+001  0.1716157590E+001
  0.4180628727E+001  0.1786846956E+001
  0.4182446301E+001  0.1856902067E+001
  0.4179955498E+001  0.1927005647E+001
  0.4173456984E+001  0.1997717948E+001
  0.4163260971E+001  0.2069503744E+001
  0.4149675582E+001  0.2142756086E+001
  0.4133002478E+001  0.2217816005E+001
  0.4113537194E+001  0.2294988331E+001
  0.4091572619E+001  0.2374554109E+001
  0.4067404767E+001  0.2456780113E+001
  0.4041340443E+001  0.2541925786E+001
  0.4013706723E+001  0.2630247708E+001
  0.3984862341E+001  0.2722001398E+001
  0.3955211162E+001  0.2817439866E+001
  0.3925217820E+001  0.2916807856E+001
  0.3895425311E+001  0.3020330135E+001
  0.3866473639E+001  0.3128191475E+001
  0.3839117295E+001  0.3240505307E+001
  0.3814237157E+001  0.3357267727E+001
  0.3792838963E+001  0.3478294312E+001
  0.3776026175E+001  0.3603140442E+001
  0.3764931061E+001  0.3731013340E+001
  0.3760588032E+001  0.3860697310E+001
  0.3763744292E+001  0.3990530815E+001
  0.3774631435E+001  0.4118485602E+001
  0.3792764740E+001  0.4242385043E+001
  0.3816869404E+001  0.4360244639E+001
  0.3845011965E+001  0.4470636763E+001
  0.3874923844E+001  0.4572934485E+001
  0.3904396625E+001  0.4667334918E+001
  0.3931596404E+001  0.4754679009E+001
  0.3955211541E+001  0.4836176974E+001
  0.3974445734E+001  0.4913154250E+001
  0.3988922125E+001  0.4986878137E+001
  0.3998562748E+001  0.5058469364E+001
  0.4003481303E+001  0.5128875314E+001
  0.4003902680E+001  0.5198878273E+001
  0.4000108796E+001  0.5269119133E+001
  0.3992405186E+001  0.5340125092E+001
  0.3981102250E+001  0.5412335820E+001
  0.3966506271E+001  0.5486125948E+001
  0.3948916762E+001  0.5561823496E+001
  0.3928627920E+001  0.5639724562E+001
  0.3905932907E+001  0.5720104766E+001
  0.3881130240E+001  0.5803227927E+001
  0.3854532032E+001  0.5889352215E+001
  0.3826474062E+001  0.5978733820E+001
  0.3797327802E+001  0.6071627800E+001
  0.3767514576E+001  0.6168285412E+001
  0.3737521865E+001  0.6268946680E+001
  0.3707921376E+001  0.6373826338E+001
  0.3679387644E+001  0.6483090578E+001
  0.3652714360E+001  0.6596821415E+001
  0.3628823055E+001  0.6714965438E+001
  0.3608755001E+001  0.6837265061E+001
  0.3593632712E+001  0.6963174835E+001
  0.3584574221E+001  0.7091774551E+001
  0.3582546128E+001  0.7221705920E+001
  0.3588157438E+001  0.7351176467E+001
  0.3601430582E+001  0.7478080438E+001
  0.3621629732E+001  0.7600261384E+001
  0.3647246676E+001  0.7715874589E+001
  0.3676200190E+001  0.7823729146E+001
  0.3706199052E+001  0.7923467847E+001
  0.3735126653E+001  0.8015518388E+001
  0.3761306915E+001  0.8100869366E+001
  0.3783597933E+001  0.8180791753E+001
  0.3801348922E+001  0.8256606998E+001
  0.3814290626E+001  0.8329542033E+001
  0.3822416231E+001  0.8400663416E+001
  0.3825882043E+001  0.8470864286E+001
  0.3824935768E+001  0.8540879214E+001
  0.3819869609E+001  0.8611310074E+001
  0.3810992125E+001  0.8682653656E+001
  0.3798613028E+001  0.8755326784E+001
  0.3783036513E+001  0.8829687514E+001
  0.3764560096E+001  0.8906052327E+001
  0.3743477076E+001  0.8984709735E+001
  0.3720081528E+001  0.9065930802E+001
  0.3694675300E+001  0.9149977006E+001
  0.3667576824E+001  0.9237105619E+001
  0.3639131786E+001  0.9327572528E+001
  0.3609725818E+001  0.9421632073E+001
  0.3579799341E+001  0.9519533026E+001

  0.5027333908E+001  0.1123635546E+000
  0.5057017422E+001  0.2167096976E+000
  0.5086791963E+001  0.3130386334E+000
  0.5114708475E+001  0.4020537171E+000
  0.5139319440E+001  0.4848985316E+000
  0.5159705704E+001  0.5628894370E+000
  0.5175396141E+001  0.6373197247E+000
  0.5186248591E+001  0.7093514511E+000
  0.5192337224E+001  0.7799758056E+000
  0.5193865010E+001  0.8500147330E+000
  0.5191103369E+001  0.9201421144E+000
  0.5184354139E+001  0.9909111736E+000
  0.5173927657E+001  0.1062781324E+001
  0.5160131693E+001  0.1136141665E+001
  0.5143267459E+001  0.1211330426E+001
  0.5123630183E+001  0.1288650537E+001
  0.5101512759E+001  0.1368381852E+001
  0.5077211654E+001  0.1450790482E+001
  0.5051034686E+001  0.1536135574E+001
  0.5023310626E+001  0.1624673615E+001
  0.4994400719E+001  0.1716660046E+001
  0.4964712295E+001  0.1812347566E+001
  0.4934714547E+001  0.1911980048E+001
  0.4904956227E+001  0.2015780367E+001
  0.4876084307E+001  0.2123929737E+001
  0.4848861258E+001  0.2236535512E+001
  0.4824176352E+001  0.2353584133E+001
  0.4803042894E+001  0.2474876782E+001
  0.4786568876E+001  0.2599948813E+001
  0.4775884738E+001  0.2727981815E+001
  0.4772012556E+001  0.2857730869E+001
  0.4775673009E+001  0.2987506716E+001
  0.4787056252E+001  0.3115263189E+001
  0.4805626326E+001  0.3238824861E+001
  0.4830059039E+001  0.3356232978E+001
  0.4858387605E+001  0.3466106797E+001
  0.4888335451E+001  0.3567875006E+001
  0.4917710588E+001  0.3661783922E+001
  0.4944710602E+001  0.3748707253E+001
  0.4968059039E+001  0.3829869777E+001
  0.4986990445E+001  0.3906597436E+001
  0.5001151127E+001  0.3980149845E+001
  0.5010478636E+001  0.4051636733E+001
  0.5015096074E+001  0.4121994208E+001
  0.5015233444E+001  0.4191994523E+001
  0.5011175036E+001  0.4262270302E+001
  0.5003227143E+001  0.4333342270E+001
  0.4991700088E+001  0.4405645212E+001
  0.4976899742E+001  0.4479550198E+001
  0.4959125187E+001  0.4555382758E+001
  0.4938670399E+001  0.4633437333E+001
  0.4915828673E+001  0.4713988541E+001
  0.4890899142E+001  0.4797299667E+001
  0.4864195137E+001  0.4883628671E+001
  0.4836054376E+001  0.4973231675E+001
  0.4806851126E+001  0.5066363615E+001
  0.4777010511E+001  0.5163275303E+001
  0.4747024940E+001  0.5264205625E+001
  0.4717472267E+001  0.5369366974E+001
  0.4689034350E+001  0.5478921288E+001
  0.4662513083E+001  0.5592943498E+001
  0.4638838302E+001  0.5711369153E+001
  0.4619058175E+001  0.5833924564E+001
  0.4604298143E+001  0.5960042402E+001
  0.4595671547E+001  0.6088775342E+001
  0.4594128474E+001  0.6218735631E+001
  0.4600246531E+001  0.6348105163E+001
  0.4614002719E+001  0.6474765382E+001
  0.4634609045E+001  0.6596568577E+001
  0.4660511539E+001  0.6711703333E+001
  0.4689603108E+001  0.6819030037E+001
  0.4719592877E+001  0.6918246594E+001
  0.4748386684E+001  0.7009825392E+001
  0.4774342258E+001  0.7094781849E+001
  0.4796352142E+001  0.7174396437E+001
  0.4813794127E+001  0.7249987890E+001
  0.4826419592E+001  0.7322773967E+001
  0.4834235106E+001  0.7393809890E+001
  0.4837404826E+001  0.7463977812E+001
  0.4836180555E+001  0.7534002803E+001
  0.4830856255E+001  0.7604479053E+001
  0.4821740910E+001  0.7675897407E+001
  0.4809144002E+001  0.7748670253E+001
  0.4793369281E+001  0.7823152452E+001
  0.4774713880E+001  0.7899658282E+001
  0.4753470972E+001  0.7978474824E+001
  0.4729934907E+001  0.8059872308E+001
  0.4704408327E+001  0.8144111797E+001
  0.4677211094E+001  0.8231450417E+001
  0.4648691092E+001  0.8322143995E+001
  0.4619237050E+001  0.8416446678E+001
  0.4589293534E+001  0.8514606621E+001
  0.4559378002E+001  0.8616856280E+001
  0.4530099295E+001  0.8723395185E+001
  0.4502175808E+001  0.8834362358E+001
  0.4476449717E+001  0.8949795060E+001
  0.4453890568E+001  0.9069570923E+001
  0.4435577401E+001  0.9193332824E+001
  0.4422644250E+001  0.9320401876E+001
  0.4416172176E+001  0.9449695430E+001

  0.5999867229E+001  0.7000029380E-001
  0.5995557371E+001  0.1403114892E+000
  0.5987377377E+001  0.2114482306E+000
  0.5975637462E+001  0.2838407241E+000
  0.5960643092E+001  0.3578567123E+000
  0.5942692950E+001  0.4338193998E+000
  0.5922080815E+001  0.5120216963E+000
  0.5899100135E+001  0.5927372891E+000
  0.5874050667E+001  0.6762289836E+000
  0.5847246943E+001  0.7627545489E+000
  0.5819028582E+001  0.8525700468E+000
  0.5789772581E+001  0.9459302851E+000
  0.5759907755E+001  0.1043085619E+001
  0.5729931293E+001  0.1144273792E+001
  0.5700426998E+001  0.1249704866E+001
  0.5672083789E+001  0.1359536575E+001
  0.5645711425E+001  0.1473836868E+001
  0.5622247646E+001  0.1592530479E+001
  0.5602747047E+001  0.1715327993E+001
  0.5588337517E+001  0.1841640831E+001
  0.5580127313E+001  0.1970495511E+001
  0.5579049906E+001  0.2100476158E+001
  0.5585651975E+001  0.2229740687E+001
  0.5599866438E+001  0.2356159413E+001
  0.5620855450E+001  0.2477594463E+001
  0.5647022196E+001  0.2592267615E+001
  0.5676236398E+001  0.2699088936E+001
  0.5706209069E+001  0.2797808703E+001
  0.5734868523E+001  0.2888941025E+001
  0.5760605090E+001  0.2973525802E+001
  0.5782344000E+001  0.3052851669E+001
  0.5799489877E+001  0.3128234218E+001
  0.5811813332E+001  0.3200882207E+001
  0.5819333322E+001  0.3271840001E+001
  0.5822221232E+001  0.3341979325E+001
  0.5820732598E+001  0.3412016282E+001
  0.5815162955E+001  0.3482537831E+001
  0.5805821638E+001  0.3554029239E+001
  0.5793017887E+001  0.3626898740E+001
  0.5777055020E+001  0.3701498211E+001
  0.5758229818E+001  0.3778139877E+001
  0.5736835354E+001  0.3857109496E+001
  0.5713166268E+001  0.3938676527E+001
  0.5687525995E+001  0.4023101663E+001
  0.5660235809E+001  0.4110641898E+001
  0.5631645741E+001  0.4201553000E+001
  0.5602147542E+001  0.4296088918E+001
  0.5572189799E+001  0.4394497175E+001
  0.5542295119E+001  0.4497008773E+001
  0.5513078656E+001  0.4603820400E+001
  0.5485266172E+001  0.4715066101E+001
  0.5459707836E+001  0.4830775062E+001
  0.5437380833E+001  0.4950812650E+001
  0.5419369694E+001  0.5074804292E+001
  0.5406808941E+001  0.5202048144E+001
  0.5400771317E+001  0.5331434316E+001
  0.5402092660E+001  0.5461405203E+001
  0.5411148472E+001  0.5590005767E+001
  0.5427638248E+001  0.5715067436E+001
  0.5450472256E+001  0.5834525290E+001
  0.5477850796E+001  0.5946789692E+001
  0.5507549406E+001  0.6051031458E+001
  0.5537311531E+001  0.6147261061E+001
  0.5565193707E+001  0.6236189283E+001
  0.5589755319E+001  0.6318963511E+001
  0.5610083604E+001  0.6396900854E+001
  0.5625712423E+001  0.6471293433E+001
  0.5636503055E+001  0.6543301251E+001
  0.5642531810E+001  0.6613913258E+001
  0.5644002863E+001  0.6683949347E+001
  0.5641188223E+001  0.6754081675E+001
  0.5634389947E+001  0.6824862102E+001
  0.5623918389E+001  0.6896749000E+001
  0.5610081252E+001  0.6970130705E+001
  0.5593179657E+001  0.7045344901E+001
  0.5573508774E+001  0.7122694154E+001
  0.5551361503E+001  0.7202458088E+001
  0.5527034400E+001  0.7284902687E+001
  0.5500835490E+001  0.7370287042E+001
  0.5473093880E+001  0.7458867624E+001
  0.5444171317E+001  0.7550899855E+001
  0.5414475817E+001  0.7646636372E+001
  0.5384477476E+001  0.7746320873E+001
  0.5354726188E+001  0.7850175848E+001
  0.5325870298E+001  0.7958381799E+001
  0.5298673850E+001  0.8071044865E+001
  0.5274027765E+001  0.8188149556E+001
  0.5252946816E+001  0.8309494194E+001
  0.5236539850E+001  0.8434610155E+001
  0.5225936885E+001  0.8562673960E+001
  0.5222157478E+001  0.8692434942E+001
  0.5225916987E+001  0.8822198445E+001
  0.5237397330E+001  0.8949914897E+001
  0.5256052456E+001  0.9073409285E+001
  0.5280548554E+001  0.9190728095E+001
  0.5308912470E+001  0.9300499906E+001
  0.5338866263E+001  0.9402164325E+001
  0.5368221327E+001  0.9495977227E+001
  0.5395181497E+001  0.9582818608E+001
  0.5418477213E+001  0.9663915972E+001

  0.6972776597E+001  0.1126050111E+000
  0.6948091174E+001  0.2296528826E+000
  0.6926957016E+001  0.3509448382E+000
  0.6910482105E+001  0.4760162819E+000
  0.6899796885E+001  0.6040488713E+000
  0.6895923465E+001  0.7337977641E+000
  0.6899582597E+001  0.8635737738E+000
  0.6910964543E+001  0.9913307782E+000
  0.6929533480E+001  0.1114893345E+001
  0.6953965345E+001  0.1232302653E+001
  0.6982293437E+001  0.1342177833E+001
  0.7012241201E+001  0.1443947427E+001
  0.7041616604E+001  0.1537857626E+001
  0.7068617148E+001  0.1624782053E+001
  0.7091966288E+001  0.1705945448E+001
  0.7110898488E+001  0.1782673753E+001
  0.7125059999E+001  0.1856226605E+001
  0.7134388327E+001  0.1927713761E+001
  0.7139006552E+001  0.1998071359E+001
  0.7139144664E+001  0.2068071677E+001
  0.7135086947E+001  0.2138347361E+001
  0.7127139692E+001  0.2209419155E+001
  0.7115613223E+001  0.2281721853E+001
  0.7100813410E+001  0.2355626537E+001
  0.7083039338E+001  0.2431458741E+001
  0.7062584983E+001  0.2509512913E+001
  0.7039743640E+001  0.2590063671E+001
  0.7014814440E+001  0.2673374303E+001
  0.6988110710E+001  0.2759702770E+001
  0.6959970163E+001  0.2849305192E+001
  0.6930767061E+001  0.2942436508E+001
  0.6900926515E+001  0.3039347529E+001
  0.6870940921E+001  0.3140277145E+001
  0.6841388119E+001  0.3245437755E+001
  0.6812949948E+001  0.3354991310E+001
  0.6786428277E+001  0.3469012756E+001
  0.6762752923E+001  0.3587437675E+001
  0.6742972036E+001  0.3709992419E+001
  0.6728211049E+001  0.3836109717E+001
  0.6719583316E+001  0.3964842316E+001
  0.6718038969E+001  0.4094802540E+001
  0.6724155699E+001  0.4224172347E+001
  0.6737910626E+001  0.4350833218E+001
  0.6758515894E+001  0.4472637412E+001
  0.6784417652E+001  0.4587773427E+001
  0.6813508872E+001  0.4695101516E+001
  0.6843498677E+001  0.4794319438E+001
  0.6872292844E+001  0.4885899466E+001
  0.6898249012E+001  0.4970856949E+001
  0.6920259636E+001  0.5050472336E+001
  0.6937702432E+001  0.5126064368E+001
  0.6950328725E+001  0.5198850829E+001
  0.6958145050E+001  0.5269886971E+001
  0.6961315544E+001  0.5340054976E+001
  0.6960092000E+001  0.5410079937E+001
  0.6954768374E+001  0.5480556065E+001
  0.6945653650E+001  0.5551974221E+001
  0.6933057312E+001  0.5624746804E+001
  0.6917283108E+001  0.5699228683E+001
  0.6898628174E+001  0.5775734142E+001
  0.6877385684E+001  0.5854550266E+001
  0.6853849985E+001  0.5935947286E+001
  0.6828323718E+001  0.6020186268E+001
  0.6801126742E+001  0.6107524337E+001
  0.6772606934E+001  0.6198217319E+001
  0.6743153016E+001  0.6292519364E+001
  0.6713209541E+001  0.6390678627E+001
  0.6683293955E+001  0.6492927569E+001
  0.6654015081E+001  0.6599465727E+001
  0.6626091294E+001  0.6710432137E+001
  0.6600364749E+001  0.6825864080E+001
  0.6577804969E+001  0.6945639224E+001
  0.6559490980E+001  0.7069400491E+001
  0.6546556814E+001  0.7196469058E+001
  0.6540083553E+001  0.7325762349E+001
  0.6540928069E+001  0.7455750460E+001
  0.6549501447E+001  0.7584499324E+001
  0.6565550338E+001  0.7709845589E+001
  0.6588034302E+001  0.7829706892E+001
  0.6615191510E+001  0.7942453894E+001
  0.6644812888E+001  0.8047205097E+001
  0.6674632551E+001  0.8143920632E+001
  0.6702680047E+001  0.8233274603E+001
  0.6727481114E+001  0.8316395411E+001
  0.6748091652E+001  0.8394596197E+001
  0.6764020998E+001  0.8469174633E+001
  0.6775113470E+001  0.8541300683E+001
  0.6781434791E+001  0.8611974229E+001
  0.6783183164E+001  0.8682025220E+001
  0.6780627668E+001  0.8752134260E+001
  0.6774069255E+001  0.8822859916E+001
  0.6763818172E+001  0.8894665674E+001
  0.6750182459E+001  0.8967943636E+001
  0.6733463670E+001  0.9043034158E+001
  0.6713957264E+001  0.9120241612E+001
  0.6691956131E+001  0.9199846757E+001
  0.6667756389E+001  0.9282116205E+001
  0.6641665081E+001  0.9367309326E+001
  0.6614009683E+001  0.9455682679E+001
  0.6585149521E+001  0.9547491764E+001

  0.8022790637E+001  0.1195086352E+000
  0.8050141991E+001  0.2318335481E+000
  0.8079831435E+001  0.3361389956E+000
  0.8109601174E+001  0.4324291884E+000
  0.8137504327E+001  0.5214103834E+000
  0.8162096067E+001  0.6042276510E+000
  0.8182459735E+001  0.6821976479E+000
  0.8198126150E+001  0.7566132108E+000
  0.8208954497E+001  0.8286355962E+000
  0.8215019780E+001  0.8992551208E+000
  0.8216525441E+001  0.9692929282E+000
  0.8213743131E+001  0.1039422228E+001
  0.8206974773E+001  0.1110195710E+001
  0.8196530710E+001  0.1182072383E+001
  0.8182718687E+001  0.1255441047E+001
  0.8165839881E+001  0.1330639718E+001
  0.8146189496E+001  0.1407971186E+001
  0.8124060430E+001  0.1487715213E+001
  0.8099749183E+001  0.1570137862E+001
  0.8073563653E+001  0.1655498258E+001
  0.8045832744E+001  0.1744052880E+001
  0.8016917894E+001  0.1836057163E+001
  0.7987226703E+001  0.1931763781E+001
  0.7957228712E+001  0.2031416540E+001
  0.7927473122E+001  0.2135238165E+001
  0.7898607437E+001  0.2243409593E+001
  0.7871394741E+001  0.2356037705E+001
  0.7846724952E+001  0.2473108191E+001
  0.7825611944E+001  0.2594421119E+001
  0.7809164047E+001  0.2719510294E+001
  0.7798511537E+001  0.2847555329E+001
  0.7794675512E+001  0.2977309067E+001
  0.7798374582E+001  0.3107080142E+001
  0.7809795693E+001  0.3234821054E+001
  0.7828398954E+001  0.3358356531E+001
  0.7852856419E+001  0.3475729856E+001
  0.7881198812E+001  0.3585563915E+001
  0.7911149020E+001  0.3687291652E+001
  0.7940516367E+001  0.3781163116E+001
  0.7967500870E+001  0.3868054472E+001
  0.7990828767E+001  0.3949191565E+001
  0.8009736944E+001  0.4025900347E+001
  0.8023873461E+001  0.4099439831E+001
  0.8033177034E+001  0.4170918900E+001
  0.8037771473E+001  0.4241272802E+001
  0.8037887163E+001  0.4311273025E+001
  0.8033808569E+001  0.4381551567E+001
  0.8025842040E+001  0.4452628662E+001
  0.8014297891E+001  0.4524938725E+001
  0.7999481960E+001  0.4598852556E+001
  0.7981693298E+001  0.4674695497E+001
  0.7961225864E+001  0.4752761866E+001
  0.7938372965E+001  0.4833326204E+001
  0.7913433782E+001  0.4916651757E+001
  0.7886721741E+001  0.5002996470E+001
  0.7858574710E+001  0.5092616459E+001
  0.7829367174E+001  0.5185766650E+001
  0.7799524549E+001  0.5282697820E+001
  0.7769539625E+001  0.5383648766E+001
  0.7739990729E+001  0.5488831697E+001
  0.7711560284E+001  0.5598408221E+001
  0.7685050810E+001  0.5712452714E+001
  0.7661392781E+001  0.5830899872E+001
  0.7641634883E+001  0.5953474758E+001
  0.7626902766E+001  0.6079608352E+001
  0.7618309386E+001  0.6208351243E+001
  0.7616803530E+001  0.6338313426E+001
  0.7622960361E+001  0.6467674854E+001
  0.7636753373E+001  0.6594316040E+001
  0.7657390581E+001  0.6716090008E+001
  0.7683314549E+001  0.6831187950E+001
  0.7712416274E+001  0.6938474212E+001
  0.7742404975E+001  0.7037650902E+001
  0.7771188254E+001  0.7129193786E+001
  0.7797126441E+001  0.7214120284E+001
  0.7819114705E+001  0.7293711555E+001
  0.7836533005E+001  0.7369286100E+001
  0.7849134276E+001  0.7442060965E+001
  0.7856926093E+001  0.7513090504E+001
  0.7860073202E+001  0.7583256033E+001
  0.7858827712E+001  0.7653281898E+001
  0.7853483715E+001  0.7723761706E+001
  0.7844350225E+001  0.7795185854E+001
  0.7831736705E+001  0.7867966392E+001
  0.7815946871E+001  0.7942457940E+001
  0.7797277827E+001  0.8018974610E+001
  0.7776022737E+001  0.8097803375E+001
  0.7752475973E+001  0.8179214402E+001
  0.7726940240E+001  0.8263468726E+001
  0.7699735512E+001  0.8350823460E+001
  0.7671209842E+001  0.8441534425E+001
  0.7641752199E+001  0.8535855755E+001
  0.7611807469E+001  0.8634035555E+001
  0.7581893520E+001  0.8736306167E+001
  0.7552619696E+001  0.8842866898E+001
  0.7524704980E+001  0.8953856376E+001
  0.7498992187E+001  0.9069311224E+001
  0.7476451478E+001  0.9189108103E+001
  0.7458162341E+001  0.9312888504E+001
  0.7445258864E+001  0.9439971714E+001

  0.9008254900E+001  0.7115807524E-001
  0.9011844290E+001  0.1413735779E+000
  0.9011014112E+001  0.2113850667E+000
  0.9006055805E+001  0.2817976506E+000
  0.8997277730E+001  0.3531106256E+000
  0.8984989687E+001  0.4257426881E+000
  0.8969496057E+001  0.5000532463E+000
  0.8951094518E+001  0.5763597164E+000
  0.8930078426E+001  0.6549512160E+000
  0.8906741752E+001  0.7360991697E+000
  0.8881386025E+001  0.8200652337E+000
  0.8854329094E+001  0.9071067435E+000
  0.8825915746E+001  0.9974796112E+000
  0.8796530342E+001  0.1091438252E+001
  0.8766611601E+001  0.1189231684E+001
  0.8736669486E+001  0.1291094404E+001
  0.8707303605E+001  0.1397229962E+001
  0.8679221538E+001  0.1507784464E+001
  0.8653253645E+001  0.1622806732E+001
  0.8630358024E+001  0.1742192049E+001
  0.8611605201E+001  0.1865608531E+001
  0.8598127725E+001  0.1992410726E+001
  0.8591017765E+001  0.2121556025E+001
  0.8591161624E+001  0.2251555680E+001
  0.8599021286E+001  0.2380507808E+001
  0.8614412056E+001  0.2506259006E+001
  0.8636366679E+001  0.2626703920E+001
  0.8663181227E+001  0.2740156802E+001
  0.8692672221E+001  0.2845659643E+001
  0.8722562595E+001  0.2943097314E+001
  0.8750843522E+001  0.3033087858E+001
  0.8775991287E+001  0.3116729683E+001
  0.8797014958E+001  0.3195328625E+001
  0.8813386800E+001  0.3270189755E+001
  0.8824925280E+001  0.3342497455E+001
  0.8831679852E+001  0.3413267748E+001
  0.8833839473E+001  0.3483345582E+001
  0.8831668616E+001  0.3553424229E+001
  0.8825466445E+001  0.3624072345E+001
  0.8815542969E+001  0.3695761135E+001
  0.8802206698E+001  0.3768888400E+001
  0.8785759825E+001  0.3843798554E+001
  0.8766498264E+001  0.3920798722E+001
  0.8744714929E+001  0.4000171402E+001
  0.8720705347E+001  0.4082184186E+001
  0.8694775182E+001  0.4167096888E+001
  0.8667249579E+001  0.4255166208E+001
  0.8638484393E+001  0.4346647751E+001
  0.8608879504E+001  0.4441794861E+001
  0.8578894285E+001  0.4540853241E+001
  0.8549065068E+001  0.4644049776E+001
  0.8520023764E+001  0.4751573249E+001
  0.8492515557E+001  0.4863543986E+001
  0.8467411454E+001  0.4979969089E+001
  0.8445708164E+001  0.5100680612E+001
  0.8428503457E+001  0.5225256984E+001
  0.8416931066E+001  0.5352935130E+001
  0.8412038857E+001  0.5482533547E+001
  0.8414603939E+001  0.5612423685E+001
  0.8424905461E+001  0.5740599537E+001
  0.8442518478E+001  0.5864884958E+001
  0.8466226942E+001  0.5983267252E+001
  0.8494138372E+001  0.6094265072E+001
  0.8523995813E+001  0.6197186246E+001
  0.8553573296E+001  0.6292169026E+001
  0.8581000707E+001  0.6380014310E+001
  0.8604924985E+001  0.6461913788E+001
  0.8624513027E+001  0.6539191362E+001
  0.8639360071E+001  0.6613122889E+001
  0.8649369330E+001  0.6684841893E+001
  0.8654643017E+001  0.6755309060E+001
  0.8655399718E+001  0.6825318605E+001
  0.8651918386E+001  0.6895521284E+001
  0.8644503560E+001  0.6966452051E+001
  0.8633465684E+001  0.7038556436E+001
  0.8619111517E+001  0.7112213356E+001
  0.8601741080E+001  0.7187753840E+001
  0.8581648857E+001  0.7265475991E+001
  0.8559127887E+001  0.7345656658E+001
  0.8534476009E+001  0.7428560317E+001
  0.8508003961E+001  0.7514445408E+001
  0.8480045305E+001  0.7603568204E+001
  0.8450968305E+001  0.7696183893E+001
  0.8421189910E+001  0.7792544217E+001
  0.8391191909E+001  0.7892890461E+001
  0.8361538885E+001  0.7997439986E+001
  0.8332896857E+001  0.8106363788E+001
  0.8306049931E+001  0.8219751937E+001
  0.8281909836E+001  0.8337563614E+001
  0.8261509543E+001  0.8459559706E+001
  0.8245967664E+001  0.8585219987E+001
  0.8236406951E+001  0.8713655752E+001
  0.8233812274E+001  0.8843543336E+001
  0.8238828255E+001  0.8973121029E+001
  0.8251529729E+001  0.9100299560E+001
  0.8271242064E+001  0.9222914242E+001
  0.8296511930E+001  0.9339083159E+001
  0.8325290544E+001  0.9447556137E+001
  0.8355288447E+001  0.9547910904E+001
  0.8384364117E+001  0.9640521359E+001

